725390,"LANSING CAPITAL CITY ARPT",MI,-5.0,42.783,-84.583,256
Date (MM/DD/YYYY),Time (HH:MM),ETR (W/m^2),ETRN (W/m^2),GHI (W/m^2),GHI source,GHI uncert (%),DNI (W/m^2),DNI source,DNI uncert (%),DHI (W/m^2),DHI source,DHI uncert (%),GH illum (lx),GH illum source,Global illum uncert (%),DN illum (lx),DN illum source,DN illum uncert (%),DH illum (lx),DH illum source,DH illum uncert (%),Zenith lum (cd/m^2),Zenith lum source,Zenith lum uncert (%),TotCld (tenths),TotCld source,TotCld uncert (code),OpqCld (tenths),OpqCld source,OpqCld uncert (code),Dry-bulb (C),Dry-bulb source,Dry-bulb uncert (code),Dew-point (C),Dew-point source,Dew-point uncert (code),RHum (%),RHum source,RHum uncert (code),Pressure (mbar),Pressure source,Pressure uncert (code),Wdir (degrees),Wdir source,Wdir uncert (code),Wspd (m/s),Wspd source,Wspd uncert (code),Hvis (m),Hvis source,Hvis uncert (code),CeilHgt (m),CeilHgt source,CeilHgt uncert (code),Pwat (cm),Pwat source,Pwat uncert (code),AOD (unitless),AOD source,AOD uncert (code),Alb (unitless),Alb source,Alb uncert (code),Lprecip depth (mm),Lprecip quantity (hr),Lprecip source,Lprecip uncert (code),PresWth (METAR code),PresWth source,PresWth uncert (code)
01/01/1988,01:00,0,0,0,1,0,0,1,0,0,1,0,0,1,0,0,1,0,0,1,0,0,1,0,10,A,7,10,A,7,-6.1,A,7,-8.9,A,7,81,A,7,988,A,7,270,A,7,7.7,A,7,4000,B,7,700,A,7,0.6,E,8,0.000,?,0,0.00,?,0,0,1,D,9,85,C,8
01/01/1988,02:00,0,0,0,1,0,0,1,0,0,1,0,0,1,0,0,1,0,0,1,0,0,1,0,10,A,7,10,A,7,-7.2,A,7,-9.4,A,7,84,A,7,989,A,7,260,A,7,7.7,A,7,4000,B,7,460,A,7,0.6,E,8,0.000,?,0,0.00,?,0,0,1,D,9,85,C,8
01/01/1988,03:00,0,0,0,1,0,0,1,0,0,1,0,0,1,0,0,1,0,0,1,0,0,1,0,10,A,7,10,A,7,-7.8,A,7,-10.6,A,7,81,A,7,989,A,7,260,A,7,12.4,A,7,4000,B,7,580,A,7,0.6,E,8,0.000,?,0,0.00,?,0,0,1,D,9,85,C,8
01/01/1988,04:00,0,0,0,1,0,0,1,0,0,1,0,0,1,0,0,1,0,0,1,0,0,1,0,10,A,7,10,A,7,-7.8,A,7,-10.6,A,7,81,A,7,990,A,7,260,A,7,8.2,A,7,4000,B,7,460,A,7,0.6,E,8,0.000,?,0,0.00,?,0,0,1,D,9,85,C,8
01/01/1988,05:00,0,0,0,1,0,0,1,0,0,1,0,0,1,0,0,1,0,0,1,0,0,1,0,10,A,7,10,A,7,-8.3,A,7,-11.7,A,7,77,A,7,990,A,7,250,A,7,10.3,A,7,4000,B,7,700,A,7,0.6,E,8,0.000,?,0,0.00,?,0,0,1,D,9,38,C,8
01/01/1988,06:00,0,0,0,1,0,0,1,0,0,1,0,0,1,0,0,1,0,0,1,0,0,1,0,10,A,7,10,A,7,-8.3,A,7,-12.2,A,7,74,A,7,991,A,7,250,A,7,10.3,A,7,4000,B,7,700,A,7,0.5,E,8,0.000,?,0,0.00,?,0,0,1,D,9,38,C,8
01/01/1988,07:00,0,0,0,1,0,0,1,0,0,1,0,0,1,0,0,1,0,0,1,0,0,1,0,10,A,7,10,A,7,-9.4,A,7,-12.2,A,7,81,A,7,991,A,7,250,A,7,6.2,A,7,4000,B,7,520,A,7,0.5,E,8,0.000,?,0,0.00,?,0,0,1,D,9,38,C,8
01/01/1988,08:00,0,0,0,1,0,0,1,0,0,1,0,0,1,0,0,1,0,0,1,0,0,1,0,10,A,7,10,A,7,-10.0,A,7,-13.9,A,7,74,A,7,992,A,7,250,A,7,9.3,A,7,4800,B,7,550,A,7,0.5,E,8,0.000,?,0,0.00,?,0,0,1,D,9,38,C,8
01/01/1988,09:00,69,1167,22,1,13,0,1,9,22,1,13,25,1,13,0,1,9,25,1,13,72,1,21,10,A,7,10,A,7,-10.6,A,7,-14.4,A,7,73,A,7,993,A,7,250,A,7,12.9,A,7,4800,B,7,760,A,7,0.5,E,8,0.000,F,8,0.00,?,0,0,1,D,9,38,C,8
01/01/1988,10:00,265,1415,76,1,13,64,1,9,63,1,13,82,1,13,49,1,9,73,1,13,135,1,21,8,A,7,8,A,7,-10.6,A,7,-14.4,A,7,73,A,7,994,A,7,260,A,7,10.3,A,7,8000,B,7,550,A,7,0.5,E,8,0.000,F,8,0.00,?,0,0,1,D,9,38,C,8
01/01/1988,11:00,425,1415,176,1,9,47,1,9,162,1,13,192,1,9,43,1,9,179,1,13,390,1,18,10,A,7,9,A,7,-10.6,A,7,-13.9,A,7,77,A,7,994,A,7,270,A,7,11.3,A,7,9700,B,7,370,A,7,0.5,E,8,0.000,F,8,0.00,?,0,0,1,D,9,38,C,8
01/01/1988,12:00,532,1415,114,1,9,6,1,9,112,1,13,131,1,9,4,1,9,130,1,13,451,1,18,10,A,7,10,A,7,-9.4,A,7,-13.3,A,7,74,A,7,995,A,7,260,A,7,9.3,A,7,3200,B,7,370,A,7,0.5,E,8,0.000,F,8,0.00,?,0,0,1,D,9,38,C,8
01/01/1988,13:00,577,1415,184,1,9,6,1,9,181,1,13,205,1,9,5,1,9,203,1,13,655,1,18,10,A,7,10,A,7,-9.4,A,7,-13.3,A,7,74,A,7,995,A,7,260,A,7,10.3,A,7,4800,B,7,370,A,7,0.5,E,8,0.000,F,8,0.00,?,0,0,1,D,9,38,C,8
01/01/1988,14:00,557,1415,179,1,9,9,1,9,176,1,13,200,1,9,7,1,9,197,1,13,629,1,18,10,A,7,10,A,7,-9.4,A,7,-12.8,A,7,77,A,7,995,A,7,260,A,7,10.3,A,7,8000,B,7,580,A,7,0.5,E,8,0.000,F,8,0.00,?,0,0,1,D,9,38,C,8
01/01/1988,15:00,474,1415,205,1,9,90,1,9,175,1,13,224,1,9,85,1,9,196,1,13,438,1,18,8,A,7,8,A,7,-10.0,A,7,-13.9,A,7,74,A,7,995,A,7,270,A,7,11.3,A,7,8000,B,7,550,A,7,0.5,E,8,0.000,F,8,0.00,?,0,0,1,D,9,38,C,8
01/01/1988,16:00,334,1415,111,1,13,125,1,9,82,1,13,122,1,13,105,1,9,97,1,13,179,1,21,8,A,7,8,A,7,-9.4,A,7,-13.3,A,7,74,A,7,995,A,7,250,A,7,10.8,A,7,9700,B,7,550,A,7,0.5,E,8,0.000,F,8,0.00,?,0,0,1,D,9,38,C,8
01/01/1988,17:00,147,1415,51,1,13,65,1,9,44,1,13,55,1,13,37,1,9,51,1,13,92,1,21,9,A,7,8,A,7,-10.0,A,7,-13.3,A,7,77,A,7,996,A,7,250,A,7,10.3,A,7,9700,B,7,550,A,7,0.5,E,8,0.000,F,8,0.00,?,0,0,1,D,9,38,C,8
01/01/1988,18:00,5,295,1,1,13,1,1,13,1,1,13,0,1,13,0,1,13,0,1,13,0,1,23,8,A,7,7,A,7,-10.6,A,7,-13.3,A,7,80,A,7,997,A,7,250,A,7,8.2,A,7,16100,B,7,550,A,7,0.5,E,8,0.000,F,8,0.00,?,0,0,1,D,9,38,C,8
01/01/1988,19:00,0,0,0,1,0,0,1,0,0,1,0,0,1,0,0,1,0,0,1,0,0,1,0,7,A,7,5,A,7,-11.1,A,7,-15.0,A,7,73,A,7,998,A,7,250,A,7,7.7,A,7,16100,B,7,550,A,7,0.5,E,8,0.000,?,0,0.00,?,0,0,1,D,9,00,C,8
01/01/1988,20:00,0,0,0,1,0,0,1,0,0,1,0,0,1,0,0,1,0,0,1,0,0,1,0,10,A,7,10,A,7,-10.6,A,7,-14.4,A,7,73,A,7,998,A,7,250,A,7,9.3,A,7,16100,B,7,700,A,7,0.5,E,8,0.000,?,0,0.00,?,0,0,1,D,9,00,C,8
01/01/1988,21:00,0,0,0,1,0,0,1,0,0,1,0,0,1,0,0,1,0,0,1,0,0,1,0,10,A,7,10,A,7,-10.0,A,7,-13.9,A,7,74,A,7,998,A,7,250,A,7,7.2,A,7,16100,B,7,700,A,7,0.5,E,8,0.000,?,0,0.00,?,0,0,1,D,9,85,C,8
01/01/1988,22:00,0,0,0,1,0,0,1,0,0,1,0,0,1,0,0,1,0,0,1,0,0,1,0,10,A,7,10,A,7,-10.0,A,7,-14.4,A,7,70,A,7,998,A,7,250,A,7,6.7,A,7,16100,B,7,700,A,7,0.5,E,8,0.000,?,0,0.00,?,0,0,1,D,9,85,C,8
01/01/1988,23:00,0,0,0,1,0,0,1,0,0,1,0,0,1,0,0,1,0,0,1,0,0,1,0,10,A,7,10,A,7,-10.0,A,7,-13.3,A,7,77,A,7,998,A,7,240,A,7,5.7,A,7,16100,B,7,700,A,7,0.5,E,8,0.000,?,0,0.00,?,0,0,1,D,9,85,C,8
01/01/1988,24:00,0,0,0,1,0,0,1,0,0,1,0,0,1,0,0,1,0,0,1,0,0,1,0,10,A,7,10,A,7,-10.0,A,7,-12.8,A,7,80,A,7,999,A,7,240,A,7,6.2,A,7,8000,B,7,700,A,7,0.5,E,8,0.000,?,0,0.00,?,0,0,1,D,9,85,C,8
01/02/1988,01:00,0,0,0,1,0,0,1,0,0,1,0,0,1,0,0,1,0,0,1,0,0,1,0,10,A,7,10,A,7,-11.1,A,7,-13.9,A,7,80,A,7,999,A,7,220,A,7,6.2,A,7,16100,B,7,700,A,7,0.5,E,8,0.000,?,0,0.00,?,0,0,1,D,9,85,C,8
01/02/1988,02:00,0,0,0,1,0,0,1,0,0,1,0,0,1,0,0,1,0,0,1,0,0,1,0,10,A,7,10,A,7,-11.1,A,7,-14.4,A,7,77,A,7,999,A,7,220,A,7,6.2,A,7,16100,B,7,700,A,7,0.5,E,8,0.000,?,0,0.00,?,0,0,1,D,9,85,C,8
01/02/1988,03:00,0,0,0,1,0,0,1,0,0,1,0,0,1,0,0,1,0,0,1,0,0,1,0,10,A,7,10,A,7,-11.7,A,7,-15.0,A,7,77,A,7,999,A,7,220,A,7,6.2,A,7,16100,B,7,700,A,7,0.5,E,8,0.000,?,0,0.00,?,0,0,1,D,9,85,C,8
01/02/1988,04:00,0,0,0,1,0,0,1,0,0,1,0,0,1,0,0,1,0,0,1,0,0,1,0,10,A,7,10,A,7,-12.2,A,7,-15.0,A,7,80,A,7,999,A,7,230,A,7,5.2,A,7,16100,B,7,700,A,7,0.5,E,8,0.000,?,0,0.00,?,0,0,1,D,9,85,C,8
01/02/1988,05:00,0,0,0,1,0,0,1,0,0,1,0,0,1,0,0,1,0,0,1,0,0,1,0,8,A,7,8,A,7,-15.0,A,7,-17.2,A,7,83,A,7,999,A,7,200,A,7,5.7,A,7,16100,B,7,700,A,7,0.4,E,8,0.000,?,0,0.00,?,0,0,1,D,9,00,C,8
01/02/1988,06:00,0,0,0,1,0,0,1,0,0,1,0,0,1,0,0,1,0,0,1,0,0,1,0,7,A,7,7,A,7,-15.0,A,7,-17.2,A,7,83,A,7,999,A,7,230,A,7,2.6,A,7,16100,B,7,700,A,7,0.4,E,8,0.000,?,0,0.00,?,0,0,1,D,9,00,C,8
01/02/1988,07:00,0,0,0,1,0,0,1,0,0,1,0,0,1,0,0,1,0,0,1,0,0,1,0,7,A,7,7,A,7,-14.4,A,7,-17.2,A,7,80,A,7,999,A,7,230,A,7,3.1,A,7,16100,B,7,640,A,7,0.4,E,8,0.000,?,0,0.00,?,0,0,1,D,9,00,C,8
01/02/1988,08:00,0,0,0,1,0,0,1,0,0,1,0,0,1,0,0,1,0,0,1,0,0,1,0,7,A,7,7,A,7,-15.0,A,7,-17.2,A,7,83,A,7,999,A,7,230,A,7,3.1,A,7,16100,B,7,640,A,7,0.4,E,8,0.000,?,0,0.00,?,0,0,1,D,9,00,C,8
01/02/1988,09:00,69,1167,33,1,13,75,1,13,27,1,13,33,1,13,26,1,13,32,1,13,50,1,23,4,A,7,3,A,7,-14.4,A,7,-16.7,A,7,83,A,7,999,A,7,190,A,7,5.7,A,7,16100,B,7,77777,A,7,0.4,E,8,0.000,F,8,0.00,?,0,0,1,D,9,00,C,8
01/02/1988,10:00,265,1415,153,1,13,480,1,13,63,1,13,154,1,13,351,1,13,88,1,13,107,1,23,4,A,7,3,A,7,-12.8,A,7,-15.6,A,7,80,A,7,999,A,7,200,A,7,6.7,A,7,16100,B,7,77777,A,7,0.5,E,8,0.000,F,8,0.00,?,0,0,1,D,9,00,C,8
01/02/1988,11:00,426,1415,278,1,9,732,1,9,57,1,13,286,1,9,653,1,9,89,1,13,111,1,18,0,A,7,0,A,7,-10.6,A,7,-14.4,A,7,73,A,7,999,A,7,200,A,7,7.2,A,7,16100,B,7,77777,A,7,0.5,E,8,0.000,F,8,0.00,?,0,0,1,D,9,00,C,8
01/02/1988,12:00,533,1415,371,1,9,804,1,9,67,1,13,385,1,9,755,1,9,100,1,13,135,1,18,0,A,7,0,A,7,-8.9,A,7,-13.9,A,7,68,A,7,999,A,7,200,A,7,6.7,A,7,16100,B,7,77777,A,7,0.5,E,8,0.000,F,8,0.00,?,0,0,1,D,9,00,C,8
01/02/1988,13:00,578,1415,407,1,9,820,1,9,71,1,13,425,1,9,782,1,9,104,1,13,146,1,18,0,A,7,0,A,7,-7.2,A,7,-15.6,A,7,52,A,7,998,A,7,210,A,7,8.2,A,7,16100,B,7,77777,A,7,0.5,E,8,0.000,F,8,0.00,?,0,0,1,D,9,00,C,8
01/02/1988,14:00,559,1415,396,1,9,823,1,9,69,1,13,412,1,9,780,1,9,102,1,13,141,1,18,0,A,7,0,A,7,-6.7,A,7,-15.0,A,7,52,A,7,996,A,7,200,A,7,9.8,A,7,16100,B,7,77777,A,7,0.5,E,8,0.000,F,8,0.00,?,0,0,1,D,9,00,C,8
01/02/1988,15:00,477,1415,319,1,9,765,1,9,61,1,13,331,1,9,702,1,9,93,1,13,121,1,18,0,A,7,0,A,7,-6.1,A,7,-14.4,A,7,52,A,7,995,A,7,210,A,7,10.3,A,7,16100,B,7,77777,A,7,0.5,E,8,0.000,F,8,0.00,?,0,0,1,D,9,00,C,8
01/02/1988,16:00,337,1415,202,1,13,650,1,9,48,1,13,207,1,13,543,1,9,77,1,13,91,1,21,0,A,7,0,A,7,-5.6,A,7,-13.9,A,7,52,A,7,995,A,7,210,A,7,8.2,A,7,16100,B,7,77777,A,7,0.5,E,8,0.000,F,8,0.00,?,0,0,1,D,9,00,C,8
01/02/1988,17:00,150,1415,67,1,13,368,1,9,29,1,13,70,1,13,212,1,9,47,1,13,51,1,21,0,A,7,0,A,7,-5.6,A,7,-13.9,A,7,52,A,7,995,A,7,210,A,7,8.2,A,7,16100,B,7,77777,A,7,0.5,E,8,0.000,F,8,0.00,?,0,0,1,D,9,00,C,8
01/02/1988,18:00,5,318,6,1,13,19,1,9,3,1,13,0,1,13,0,1,9,0,1,13,0,1,21,0,A,7,0,A,7,-6.7,A,7,-13.9,A,7,57,A,7,994,A,7,200,A,7,6.2,A,7,16100,B,7,77777,A,7,0.5,E,8,0.000,F,8,0.00,?,0,0,1,D,9,00,C,8
01/02/1988,19:00,0,0,0,1,0,0,1,0,0,1,0,0,1,0,0,1,0,0,1,0,0,1,0,0,A,7,0,A,7,-6.7,A,7,-13.3,A,7,60,A,7,994,A,7,200,A,7,6.2,A,7,16100,B,7,77777,A,7,0.5,E,8,0.000,?,0,0.00,?,0,0,1,D,9,00,C,8
01/02/1988,20:00,0,0,0,1,0,0,1,0,0,1,0,0,1,0,0,1,0,0,1,0,0,1,0,0,A,7,0,A,7,-6.7,A,7,-13.3,A,7,60,A,7,995,A,7,200,A,7,6.2,A,7,16100,B,7,77777,A,7,0.5,E,8,0.000,?,0,0.00,?,0,0,1,D,9,00,C,8
01/02/1988,21:00,0,0,0,1,0,0,1,0,0,1,0,0,1,0,0,1,0,0,1,0,0,1,0,5,A,7,5,A,7,-6.7,A,7,-12.2,A,7,65,A,7,995,A,7,200,A,7,6.7,A,7,16100,B,7,77777,A,7,0.5,E,8,0.000,?,0,0.00,?,0,0,1,D,9,00,C,8
01/02/1988,22:00,0,0,0,1,0,0,1,0,0,1,0,0,1,0,0,1,0,0,1,0,0,1,0,8,A,7,8,A,7,-6.7,A,7,-14.4,A,7,54,A,7,994,A,7,190,A,7,6.7,A,7,16100,B,7,700,A,7,0.5,E,8,0.000,?,0,0.00,?,0,0,1,D,9,00,C,8
01/02/1988,23:00,0,0,0,1,0,0,1,0,0,1,0,0,1,0,0,1,0,0,1,0,0,1,0,10,A,7,10,A,7,-6.1,A,7,-12.8,A,7,60,A,7,994,A,7,210,A,7,6.7,A,7,16100,B,7,700,A,7,0.5,E,8,0.000,?,0,0.00,?,0,0,1,D,9,00,C,8
01/02/1988,24:00,0,0,0,1,0,0,1,0,0,1,0,0,1,0,0,1,0,0,1,0,0,1,0,10,A,7,10,A,7,-6.7,A,7,-11.7,A,7,68,A,7,994,A,7,200,A,7,6.7,A,7,16100,B,7,700,A,7,0.6,E,8,0.000,?,0,0.00,?,0,0,1,D,9,00,C,8
01/03/1988,01:00,0,0,0,1,0,0,1,0,0,1,0,0,1,0,0,1,0,0,1,0,0,1,0,3,A,7,3,A,7,-7.8,A,7,-12.8,A,7,68,A,7,994,A,7,210,A,7,5.7,A,7,16100,B,7,77777,A,7,0.5,E,8,0.000,?,0,0.00,?,0,0,1,D,9,00,C,8
01/03/1988,02:00,0,0,0,1,0,0,1,0,0,1,0,0,1,0,0,1,0,0,1,0,0,1,0,2,A,7,2,A,7,-7.8,A,7,-12.8,A,7,68,A,7,994,A,7,190,A,7,5.7,A,7,16100,B,7,77777,A,7,0.5,E,8,0.000,?,0,0.00,?,0,0,1,D,9,00,C,8
01/03/1988,03:00,0,0,0,1,0,0,1,0,0,1,0,0,1,0,0,1,0,0,1,0,0,1,0,0,A,7,0,A,7,-7.8,A,7,-12.8,A,7,68,A,7,994,A,7,200,A,7,6.2,A,7,16100,B,7,77777,A,7,0.5,E,8,0.000,?,0,0.00,?,0,0,1,D,9,00,C,8
01/03/1988,04:00,0,0,0,1,0,0,1,0,0,1,0,0,1,0,0,1,0,0,1,0,0,1,0,0,A,7,0,A,7,-8.3,A,7,-12.8,A,7,71,A,7,994,A,7,190,A,7,5.7,A,7,16100,B,7,77777,A,7,0.5,E,8,0.000,?,0,0.00,?,0,0,1,D,9,00,C,8
01/03/1988,05:00,0,0,0,1,0,0,1,0,0,1,0,0,1,0,0,1,0,0,1,0,0,1,0,0,A,7,0,A,7,-8.3,A,7,-12.8,A,7,71,A,7,993,A,7,190,A,7,5.7,A,7,16100,B,7,77777,A,7,0.5,E,8,0.000,?,0,0.00,?,0,0,1,D,9,00,C,8
01/03/1988,06:00,0,0,0,1,0,0,1,0,0,1,0,0,1,0,0,1,0,0,1,0,0,1,0,0,A,7,0,A,7,-8.3,A,7,-12.2,A,7,74,A,7,993,A,7,200,A,7,6.2,A,7,16100,B,7,77777,A,7,0.5,E,8,0.000,?,0,0.00,?,0,0,1,D,9,00,C,8
01/03/1988,07:00,0,0,0,1,0,0,1,0,0,1,0,0,1,0,0,1,0,0,1,0,0,1,0,0,A,7,0,A,7,-8.3,A,7,-12.2,A,7,74,A,7,993,A,7,190,A,7,6.2,A,7,16100,B,7,77777,A,7,0.5,E,8,0.000,?,0,0.00,?,0,0,1,D,9,00,C,8
01/03/1988,08:00,0,0,0,1,0,0,1,0,0,1,0,0,1,0,0,1,0,0,1,0,0,1,0,0,A,7,0,A,7,-8.3,A,7,-12.2,A,7,74,A,7,993,A,7,190,A,7,6.2,A,7,16100,B,7,77777,A,7,0.5,E,8,0.000,?,0,0.00,?,0,0,1,D,9,00,C,8
01/03/1988,09:00,69,1167,31,1,13,130,1,9,20,1,13,30,1,13,51,1,9,27,1,13,35,1,21,0,A,7,0,A,7,-7.8,A,7,-12.2,A,7,71,A,7,992,A,7,190,A,7,6.7,A,7,16100,B,7,77777,A,7,0.5,E,8,0.000,F,8,0.00,?,0,0,1,D,9,00,C,8
01/03/1988,10:00,265,1415,143,1,13,499,1,9,49,1,13,146,1,13,372,1,9,76,1,13,88,1,21,0,A,7,0,A,7,-6.1,A,7,-12.2,A,7,62,A,7,992,A,7,190,A,7,7.2,A,7,16100,B,7,77777,A,7,0.5,E,8,0.000,F,8,0.00,?,0,0,1,D,9,00,C,8
01/03/1988,11:00,427,1415,265,1,9,524,1,9,106,1,13,275,1,9,464,1,9,135,1,13,200,1,18,5,A,7,2,A,7,-4.4,A,7,-11.7,A,7,58,A,7,991,A,7,180,A,7,7.2,A,7,16100,B,7,77777,A,7,0.6,E,8,0.000,F,8,0.00,?,0,0,1,D,9,00,C,8
01/03/1988,12:00,534,1415,291,1,13,323,1,13,169,1,13,307,1,13,314,1,13,188,1,13,361,1,23,10,A,7,5,A,7,-2.8,A,7,-11.7,A,7,51,A,7,990,A,7,180,A,7,6.7,A,7,16100,B,7,77777,A,7,0.6,E,8,0.000,F,8,0.00,?,0,0,1,D,9,00,C,8
01/03/1988,13:00,580,1415,182,1,9,64,1,9,156,1,13,200,1,9,62,1,9,175,1,13,447,1,18,10,A,7,9,A,7,-1.1,A,7,-11.1,A,7,47,A,7,989,A,7,190,A,7,7.2,A,7,16100,B,7,6710,A,7,0.6,E,8,0.000,F,8,0.00,?,0,0,1,D,9,00,C,8
01/03/1988,14:00,562,1415,170,1,9,3,1,9,169,1,13,191,1,9,2,1,9,190,1,13,618,1,18,10,A,7,9,A,7,-2.2,A,7,-11.1,A,7,51,A,7,988,A,7,200,A,7,7.7,A,7,16100,B,7,2440,A,7,0.6,E,8,0.000,F,8,0.00,?,0,0,1,D,9,00,C,8
01/03/1988,15:00,480,1415,92,1,9,1,1,9,92,1,13,107,1,9,1,1,9,106,1,13,370,1,18,10,A,7,10,A,7,-1.7,A,7,-11.1,A,7,49,A,7,987,A,7,180,A,7,8.2,A,7,16100,B,7,2130,A,7,0.6,E,8,0.000,F,8,0.00,?,0,0,1,D,9,00,C,8
01/03/1988,16:00,340,1415,57,1,13,1,1,9,57,1,13,66,1,13,0,1,9,66,1,13,222,1,21,10,A,7,10,A,7,-1.1,A,7,-11.1,A,7,47,A,7,986,A,7,190,A,7,6.7,A,7,16100,B,7,2130,A,7,0.6,E,8,0.000,F,8,0.00,?,0,0,1,D,9,00,C,8
01/03/1988,17:00,153,1415,34,1,13,4,1,9,34,1,13,39,1,13,0,1,9,39,1,13,115,1,21,10,A,7,10,A,7,-2.2,A,7,-10.0,A,7,56,A,7,986,A,7,200,A,7,4.6,A,7,16100,B,7,6100,A,7,0.6,E,8,0.000,F,8,0.00,?,0,0,1,D,9,00,C,8
01/03/1988,18:00,6,342,0,1,13,0,1,9,0,1,13,0,1,13,0,1,9,0,1,13,0,1,21,10,A,7,8,A,7,-2.2,A,7,-10.6,A,7,53,A,7,986,A,7,200,A,7,5.7,A,7,16100,B,7,2130,A,7,0.6,E,8,0.000,F,8,0.00,?,0,0,1,D,9,00,C,8
01/03/1988,19:00,0,0,0,1,0,0,1,0,0,1,0,0,1,0,0,1,0,0,1,0,0,1,0,10,A,7,8,A,7,-2.8,A,7,-10.0,A,7,58,A,7,986,A,7,190,A,7,5.7,A,7,16100,B,7,1680,A,7,0.6,E,8,0.000,?,0,0.00,?,0,0,1,D,9,00,C,8
01/03/1988,20:00,0,0,0,1,0,0,1,0,0,1,0,0,1,0,0,1,0,0,1,0,0,1,0,10,A,7,10,A,7,-2.8,A,7,-9.4,A,7,61,A,7,986,A,7,210,A,7,6.2,A,7,16100,B,7,1070,A,7,0.6,E,8,0.000,?,0,0.00,?,0,0,1,D,9,00,C,8
01/03/1988,21:00,0,0,0,1,0,0,1,0,0,1,0,0,1,0,0,1,0,0,1,0,0,1,0,10,A,7,10,A,7,-2.8,A,7,-10.0,A,7,58,A,7,985,A,7,210,A,7,5.2,A,7,16100,B,7,700,A,7,0.6,E,8,0.000,?,0,0.00,?,0,0,1,D,9,00,C,8
01/03/1988,22:00,0,0,0,1,0,0,1,0,0,1,0,0,1,0,0,1,0,0,1,0,0,1,0,10,A,7,10,A,7,-2.2,A,7,-10.0,A,7,56,A,7,985,A,7,210,A,7,5.7,A,7,16100,B,7,640,A,7,0.6,E,8,0.000,?,0,0.00,?,0,0,1,D,9,00,C,8
01/03/1988,23:00,0,0,0,1,0,0,1,0,0,1,0,0,1,0,0,1,0,0,1,0,0,1,0,10,A,7,10,A,7,-2.2,A,7,-10.0,A,7,56,A,7,984,A,7,230,A,7,5.2,A,7,16100,B,7,640,A,7,0.6,E,8,0.000,?,0,0.00,?,0,0,1,D,9,00,C,8
01/03/1988,24:00,0,0,0,1,0,0,1,0,0,1,0,0,1,0,0,1,0,0,1,0,0,1,0,10,A,7,10,A,7,-2.8,A,7,-8.9,A,7,63,A,7,984,A,7,220,A,7,5.2,A,7,16100,B,7,640,A,7,0.6,E,8,0.000,?,0,0.00,?,0,0,1,D,9,00,C,8
01/04/1988,01:00,0,0,0,1,0,0,1,0,0,1,0,0,1,0,0,1,0,0,1,0,0,1,0,10,A,7,10,A,7,-2.8,A,7,-7.2,A,7,72,A,7,984,A,7,230,A,7,5.2,A,7,16100,B,7,850,A,7,0.7,E,8,0.000,?,0,0.00,?,0,0,1,D,9,00,C,8
01/04/1988,02:00,0,0,0,1,0,0,1,0,0,1,0,0,1,0,0,1,0,0,1,0,0,1,0,10,A,7,10,A,7,-2.8,A,7,-6.7,A,7,75,A,7,983,A,7,250,A,7,6.2,A,7,16100,B,7,1220,A,7,0.7,E,8,0.000,?,0,0.00,?,0,0,1,D,9,00,C,8
01/04/1988,03:00,0,0,0,1,0,0,1,0,0,1,0,0,1,0,0,1,0,0,1,0,0,1,0,10,A,7,10,A,7,-3.3,A,7,-7.2,A,7,75,A,7,983,A,7,250,A,7,6.2,A,7,16100,B,7,1370,A,7,0.7,E,8,0.000,?,0,0.00,?,0,0,1,D,9,00,C,8
01/04/1988,04:00,0,0,0,1,0,0,1,0,0,1,0,0,1,0,0,1,0,0,1,0,0,1,0,10,A,7,10,A,7,-3.3,A,7,-7.2,A,7,75,A,7,983,A,7,260,A,7,6.7,A,7,16100,B,7,1370,A,7,0.7,E,8,0.000,?,0,0.00,?,0,0,1,D,9,00,C,8
01/04/1988,05:00,0,0,0,1,0,0,1,0,0,1,0,0,1,0,0,1,0,0,1,0,0,1,0,10,A,7,10,A,7,-4.4,A,7,-10.6,A,7,63,A,7,983,A,7,280,A,7,9.3,A,7,16100,B,7,910,A,7,0.6,E,8,0.000,?,0,0.00,?,0,0,1,D,9,00,C,8
01/04/1988,06:00,0,0,0,1,0,0,1,0,0,1,0,0,1,0,0,1,0,0,1,0,0,1,0,10,A,7,8,A,7,-6.1,A,7,-11.7,A,7,65,A,7,983,A,7,280,A,7,8.8,A,7,16100,B,7,910,A,7,0.6,E,8,0.000,?,0,0.00,?,0,0,1,D,9,00,C,8
01/04/1988,07:00,0,0,0,1,0,0,1,0,0,1,0,0,1,0,0,1,0,0,1,0,0,1,0,8,A,7,4,A,7,-7.8,A,7,-12.8,A,7,68,A,7,983,A,7,270,A,7,7.7,A,7,16100,B,7,77777,A,7,0.5,E,8,0.000,?,0,0.00,?,0,0,1,D,9,00,C,8
01/04/1988,08:00,0,0,0,1,0,0,1,0,0,1,0,0,1,0,0,1,0,0,1,0,0,1,0,4,A,7,4,A,7,-8.9,A,7,-15.0,A,7,62,A,7,983,A,7,270,A,7,12.9,A,7,16100,B,7,77777,A,7,0.5,E,8,0.000,?,0,0.00,?,0,0,1,D,9,00,C,8
01/04/1988,09:00,69,1167,26,1,13,63,1,13,21,1,13,27,1,13,22,1,13,25,1,13,37,1,23,5,A,7,5,A,7,-10.0,A,7,-15.0,A,7,67,A,7,984,A,7,270,A,7,9.8,A,7,16100,B,7,77777,A,7,0.5,E,8,0.000,F,8,0.00,?,0,0,1,D,9,00,C,8
01/04/1988,10:00,266,1415,114,1,13,178,1,13,80,1,13,119,1,13,129,1,13,94,1,13,157,1,23,5,A,7,5,A,7,-10.0,A,7,-13.9,A,7,74,A,7,984,A,7,270,A,7,8.8,A,7,16100,B,7,77777,A,7,0.5,E,8,0.000,F,8,0.00,?,0,0,1,D,9,00,C,8
01/04/1988,11:00,428,1415,155,1,9,3,1,9,154,1,13,169,1,9,2,1,9,169,1,13,486,1,18,10,A,7,10,A,7,-10.0,A,7,-12.8,A,7,80,A,7,984,A,7,280,A,7,9.3,A,7,800,B,7,150,A,7,0.5,E,8,0.000,F,8,0.00,?,0,0,1,D,9,00,C,8
01/04/1988,12:00,536,1415,218,1,9,96,1,9,182,1,13,239,1,9,92,1,9,204,1,13,482,1,18,8,A,7,8,A,7,-10.6,A,7,-15.6,A,7,67,A,7,984,A,7,280,A,7,12.9,A,7,11300,B,7,580,A,7,0.5,E,8,0.000,F,8,0.00,?,0,0,1,D,9,86,C,8
01/04/1988,13:00,583,1415,150,1,9,4,1,9,148,1,13,170,1,9,3,1,9,169,1,13,578,1,18,10,A,7,10,A,7,-11.1,A,7,-13.3,A,7,84,A,7,984,A,7,280,A,7,12.4,A,7,800,B,7,90,A,7,0.5,E,8,0.000,F,8,0.00,?,0,0,1,D,9,85,C,8
01/04/1988,14:00,564,1415,173,1,9,5,1,9,171,1,13,194,1,9,4,1,9,192,1,13,624,1,18,10,A,7,10,A,7,-11.1,A,7,-13.9,A,7,80,A,7,984,A,7,280,A,7,13.4,A,7,400,B,7,90,A,7,0.5,E,8,0.000,F,8,0.00,?,0,0,1,D,9,86,C,8
01/04/1988,15:00,483,1415,189,1,9,42,1,9,175,1,13,207,1,9,40,1,9,193,1,13,442,1,18,9,A,7,9,A,7,-12.2,A,7,-15.6,A,7,77,A,7,985,A,7,280,A,7,13.4,A,7,400,B,7,550,A,7,0.5,E,8,0.000,F,8,0.00,?,0,0,1,D,9,38,C,8
01/04/1988,16:00,343,1415,91,1,13,7,1,9,90,1,13,102,1,13,3,1,9,101,1,13,312,1,21,10,A,7,10,A,7,-12.8,A,7,-14.4,A,7,88,A,7,986,A,7,270,A,7,11.3,A,7,300,B,7,60,A,7,0.5,E,8,0.000,F,8,0.00,?,0,0,1,D,9,38,C,8
01/04/1988,17:00,157,1415,39,1,13,57,1,9,32,1,13,42,1,13,34,1,9,39,1,13,67,1,21,8,A,7,8,A,7,-13.3,A,7,-17.2,A,7,73,A,7,987,A,7,270,A,7,10.3,A,7,4800,B,7,460,A,7,0.4,E,8,0.000,F,8,0.00,?,0,0,1,D,9,38,C,8
01/04/1988,18:00,7,366,2,1,13,4,1,13,2,1,13,0,1,13,0,1,13,0,1,13,0,1,23,6,A,7,6,A,7,-13.9,A,7,-16.7,A,7,80,A,7,988,A,7,270,A,7,6.2,A,7,3200,B,7,340,A,7,0.4,E,8,0.000,F,8,0.00,?,0,0,1,D,9,38,C,8
01/04/1988,19:00,0,0,0,1,0,0,1,0,0,1,0,0,1,0,0,1,0,0,1,0,0,1,0,8,A,7,8,A,7,-14.4,A,7,-17.2,A,7,80,A,7,989,A,7,270,A,7,6.2,A,7,8000,B,7,580,A,7,0.4,E,8,0.000,?,0,0.00,?,0,0,1,D,9,38,C,8
01/04/1988,20:00,0,0,0,1,0,0,1,0,0,1,0,0,1,0,0,1,0,0,1,0,0,1,0,10,A,7,10,A,7,-13.9,A,7,-16.7,A,7,80,A,7,989,A,7,260,A,7,7.7,A,7,4800,B,7,460,A,7,0.4,E,8,0.000,?,0,0.00,?,0,0,1,D,9,71,C,8
01/04/1988,21:00,0,0,0,1,0,0,1,0,0,1,0,0,1,0,0,1,0,0,1,0,0,1,0,10,A,7,10,A,7,-13.9,A,7,-17.8,A,7,73,A,7,990,A,7,250,A,7,7.7,A,7,1600,B,7,310,A,7,0.4,E,8,0.000,?,0,0.00,?,0,0,1,D,9,38,C,8
01/04/1988,22:00,0,0,0,1,0,0,1,0,0,1,0,0,1,0,0,1,0,0,1,0,0,1,0,10,A,7,10,A,7,-14.4,A,7,-17.2,A,7,80,A,7,990,A,7,260,A,7,9.3,A,7,4800,B,7,340,A,7,0.4,E,8,0.000,?,0,0.00,?,0,0,1,D,9,38,C,8
01/04/1988,23:00,0,0,0,1,0,0,1,0,0,1,0,0,1,0,0,1,0,0,1,0,0,1,0,10,A,7,9,A,7,-14.4,A,7,-17.2,A,7,80,A,7,990,A,7,270,A,7,7.7,A,7,2400,B,7,340,A,7,0.4,E,8,0.000,?,0,0.00,?,0,0,1,D,9,38,C,8
01/04/1988,24:00,0,0,0,1,0,0,1,0,0,1,0,0,1,0,0,1,0,0,1,0,0,1,0,6,A,7,6,A,7,-15.0,A,7,-18.9,A,7,73,A,7,991,A,7,290,A,7,7.7,A,7,4800,B,7,700,A,7,0.4,E,8,0.000,?,0,0.00,?,0,0,1,D,9,38,C,8
01/05/1988,01:00,0,0,0,1,0,0,1,0,0,1,0,0,1,0,0,1,0,0,1,0,0,1,0,10,A,7,10,A,7,-16.1,A,7,-18.9,A,7,79,A,7,991,A,7,280,A,7,6.7,A,7,1600,B,7,210,A,7,0.4,E,8,0.000,?,0,0.00,?,0,0,1,D,9,38,C,8
01/05/1988,02:00,0,0,0,1,0,0,1,0,0,1,0,0,1,0,0,1,0,0,1,0,0,1,0,10,A,7,10,A,7,-16.7,A,7,-21.1,A,7,69,A,7,992,A,7,300,A,7,8.8,A,7,4800,B,7,340,A,7,0.4,E,8,0.000,?,0,0.00,?,0,0,1,D,9,38,C,8
01/05/1988,03:00,0,0,0,1,0,0,1,0,0,1,0,0,1,0,0,1,0,0,1,0,0,1,0,3,A,7,3,A,7,-17.8,A,7,-21.7,A,7,72,A,7,993,A,7,300,A,7,7.7,A,7,11300,B,7,77777,A,7,0.4,E,8,0.000,?,0,0.00,?,0,0,1,D,9,38,C,8
01/05/1988,04:00,0,0,0,1,0,0,1,0,0,1,0,0,1,0,0,1,0,0,1,0,0,1,0,10,A,7,10,A,7,-17.8,A,7,-21.1,A,7,75,A,7,993,A,7,290,A,7,5.2,A,7,6400,B,7,430,A,7,0.4,E,8,0.000,?,0,0.00,?,0,0,1,D,9,00,C,8
01/05/1988,05:00,0,0,0,1,0,0,1,0,0,1,0,0,1,0,0,1,0,0,1,0,0,1,0,10,A,7,10,A,7,-18.3,A,7,-21.1,A,7,79,A,7,994,A,7,290,A,7,4.1,A,7,6400,B,7,340,A,7,0.4,E,8,0.000,?,0,0.00,?,0,0,1,D,9,71,C,8
01/05/1988,06:00,0,0,0,1,0,0,1,0,0,1,0,0,1,0,0,1,0,0,1,0,0,1,0,4,A,7,4,A,7,-19.4,A,7,-22.2,A,7,79,A,7,994,A,7,300,A,7,4.6,A,7,11300,B,7,77777,A,7,0.3,E,8,0.000,?,0,0.00,?,0,0,1,D,9,71,C,8
01/05/1988,07:00,0,0,0,1,0,0,1,0,0,1,0,0,1,0,0,1,0,0,1,0,0,1,0,0,A,7,0,A,7,-20.6,A,7,-22.8,A,7,83,A,7,995,A,7,270,A,7,4.6,A,7,16100,B,7,77777,A,7,0.3,E,8,0.000,?,0,0.00,?,0,0,1,D,9,00,C,8
01/05/1988,08:00,0,0,0,1,0,0,1,0,0,1,0,0,1,0,0,1,0,0,1,0,0,1,0,0,A,7,0,A,7,-20.6,A,7,-23.9,A,7,75,A,7,996,A,7,270,A,7,4.6,A,7,16100,B,7,77777,A,7,0.3,E,8,0.000,?,0,0.00,?,0,0,1,D,9,00,C,8
01/05/1988,09:00,69,1167,34,1,13,189,1,9,18,1,13,31,1,13,86,1,9,25,1,13,32,1,21,0,A,7,0,A,7,-19.4,A,7,-22.2,A,7,79,A,7,996,A,7,260,A,7,5.2,A,7,16100,B,7,77777,A,7,0.3,E,8,0.000,F,8,0.00,?,0,0,1,D,9,00,C,8
01/05/1988,10:00,267,1415,152,1,13,593,1,9,40,1,13,154,1,13,460,1,9,67,1,13,74,1,21,0,A,7,0,A,7,-17.8,A,7,-20.6,A,7,79,A,7,997,A,7,250,A,7,5.7,A,7,16100,B,7,77777,A,7,0.4,E,8,0.000,F,8,0.00,?,0,0,1,D,9,00,C,8
01/05/1988,11:00,429,1415,302,1,13,540,1,13,137,1,13,305,1,13,476,1,13,160,1,13,268,1,23,6,A,7,6,A,7,-16.7,A,7,-20.0,A,7,76,A,7,998,A,7,210,A,7,6.2,A,7,16100,B,7,490,A,7,0.4,E,8,0.000,F,8,0.00,?,0,0,1,D,9,00,C,8
01/05/1988,12:00,538,1415,187,1,9,101,1,9,149,1,13,205,1,9,98,1,9,167,1,13,346,1,18,10,A,7,10,A,7,-15.6,A,7,-19.4,A,7,72,A,7,997,A,7,230,A,7,6.2,A,7,16100,B,7,520,A,7,0.4,E,8,0.000,F,8,0.00,?,0,0,1,D,9,00,C,8
01/05/1988,13:00,585,1415,208,1,9,75,1,9,176,1,13,227,1,9,73,1,9,197,1,13,494,1,18,8,A,7,8,A,7,-15.0,A,7,-18.9,A,7,73,A,7,996,A,7,240,A,7,6.2,A,7,3200,B,7,700,A,7,0.4,E,8,0.000,F,8,0.00,?,0,0,1,D,9,00,C,8
01/05/1988,14:00,567,1415,268,1,9,183,1,9,195,1,13,290,1,9,179,1,9,217,1,13,458,1,18,8,A,7,8,A,7,-13.9,A,7,-17.8,A,7,73,A,7,996,A,7,250,A,7,7.7,A,7,8000,B,7,640,A,7,0.4,E,8,0.000,F,8,0.00,?,0,0,1,D,9,71,C,8
01/05/1988,15:00,486,1415,186,1,9,59,1,9,166,1,13,204,1,9,56,1,9,185,1,13,428,1,18,9,A,7,9,A,7,-13.9,A,7,-17.8,A,7,73,A,7,996,A,7,270,A,7,7.7,A,7,4800,B,7,640,A,7,0.4,E,8,0.000,F,8,0.00,?,0,0,1,D,9,71,C,8
01/05/1988,16:00,347,1415,99,1,13,52,1,9,87,1,13,109,1,13,45,1,9,98,1,13,225,1,21,9,A,7,9,A,7,-13.9,A,7,-17.8,A,7,73,A,7,997,A,7,270,A,7,7.7,A,7,4800,B,7,640,A,7,0.4,E,8,0.000,F,8,0.00,?,0,0,1,D,9,71,C,8
01/05/1988,17:00,160,1415,72,1,13,298,1,9,39,1,13,73,1,13,173,1,9,53,1,13,65,1,21,2,A,7,2,A,7,-14.4,A,7,-18.9,A,7,69,A,7,997,A,7,260,A,7,7.2,A,7,12900,B,7,77777,A,7,0.4,E,8,0.000,F,8,0.00,?,0,0,1,D,9,71,C,8
01/05/1988,18:00,8,389,5,1,13,17,1,13,3,1,13,0,1,13,0,1,13,0,1,13,0,1,23,4,A,7,4,A,7,-15.0,A,7,-19.4,A,7,69,A,7,998,A,7,280,A,7,7.2,A,7,12900,B,7,77777,A,7,0.4,E,8,0.000,F,8,0.00,?,0,0,1,D,9,00,C,8
01/05/1988,19:00,0,0,0,1,0,0,1,0,0,1,0,0,1,0,0,1,0,0,1,0,0,1,0,8,A,7,8,A,7,-14.4,A,7,-18.9,A,7,69,A,7,998,A,7,280,A,7,5.7,A,7,16100,B,7,700,A,7,0.4,E,8,0.000,?,0,0.00,?,0,0,1,D,9,00,C,8
01/05/1988,20:00,0,0,0,1,0,0,1,0,0,1,0,0,1,0,0,1,0,0,1,0,0,1,0,3,A,7,3,A,7,-16.1,A,7,-19.4,A,7,76,A,7,998,A,7,280,A,7,5.2,A,7,16100,B,7,77777,A,7,0.4,E,8,0.000,?,0,0.00,?,0,0,1,D,9,00,C,8
01/05/1988,21:00,0,0,0,1,0,0,1,0,0,1,0,0,1,0,0,1,0,0,1,0,0,1,0,0,A,7,0,A,7,-17.2,A,7,-20.6,A,7,76,A,7,998,A,7,270,A,7,4.1,A,7,16100,B,7,77777,A,7,0.4,E,8,0.000,?,0,0.00,?,0,0,1,D,9,00,C,8
01/05/1988,22:00,0,0,0,1,0,0,1,0,0,1,0,0,1,0,0,1,0,0,1,0,0,1,0,3,A,7,3,A,7,-16.7,A,7,-18.9,A,7,83,A,7,998,A,7,250,A,7,4.1,A,7,16100,B,7,77777,A,7,0.4,E,8,0.000,?,0,0.00,?,0,0,1,D,9,00,C,8
01/05/1988,23:00,0,0,0,1,0,0,1,0,0,1,0,0,1,0,0,1,0,0,1,0,0,1,0,8,A,7,8,A,7,-17.2,A,7,-19.4,A,7,83,A,7,998,A,7,210,A,7,4.1,A,7,4800,B,7,610,A,7,0.4,E,8,0.000,?,0,0.00,?,0,0,1,D,9,00,C,8
01/05/1988,24:00,0,0,0,1,0,0,1,0,0,1,0,0,1,0,0,1,0,0,1,0,0,1,0,8,A,7,8,A,7,-16.7,A,7,-18.9,A,7,83,A,7,998,A,7,230,A,7,5.2,A,7,2000,B,7,580,A,7,0.4,E,8,0.000,?,0,0.00,?,0,0,1,D,9,85,C,8
01/06/1988,01:00,0,0,0,1,0,0,1,0,0,1,0,0,1,0,0,1,0,0,1,0,0,1,0,4,A,7,4,A,7,-17.8,A,7,-20.6,A,7,79,A,7,999,A,7,220,A,7,5.7,A,7,9700,B,7,77777,A,7,0.4,E,8,0.000,?,0,0.00,?,0,0,1,D,9,85,C,8
01/06/1988,02:00,0,0,0,1,0,0,1,0,0,1,0,0,1,0,0,1,0,0,1,0,0,1,0,0,A,7,0,A,7,-18.9,A,7,-21.1,A,7,83,A,7,999,A,7,230,A,7,4.1,A,7,11300,B,7,77777,A,7,0.4,E,8,0.000,?,0,0.00,?,0,0,1,D,9,85,C,8
01/06/1988,03:00,0,0,0,1,0,0,1,0,0,1,0,0,1,0,0,1,0,0,1,0,0,1,0,0,A,7,0,A,7,-19.4,A,7,-21.7,A,7,83,A,7,999,A,7,230,A,7,4.1,A,7,11300,B,7,77777,A,7,0.4,E,8,0.000,?,0,0.00,?,0,0,1,D,9,00,C,8
01/06/1988,04:00,0,0,0,1,0,0,1,0,0,1,0,0,1,0,0,1,0,0,1,0,0,1,0,0,A,7,0,A,7,-20.0,A,7,-22.2,A,7,83,A,7,1000,A,7,230,A,7,4.1,A,7,11300,B,7,77777,A,7,0.3,E,8,0.000,?,0,0.00,?,0,0,1,D,9,00,C,8
01/06/1988,05:00,0,0,0,1,0,0,1,0,0,1,0,0,1,0,0,1,0,0,1,0,0,1,0,0,A,7,0,A,7,-20.6,A,7,-22.8,A,7,83,A,7,1000,A,7,240,A,7,4.1,A,7,11300,B,7,77777,A,7,0.3,E,8,0.000,?,0,0.00,?,0,0,1,D,9,00,C,8
01/06/1988,06:00,0,0,0,1,0,0,1,0,0,1,0,0,1,0,0,1,0,0,1,0,0,1,0,0,A,7,0,A,7,-20.6,A,7,-22.8,A,7,83,A,7,1000,A,7,230,A,7,5.2,A,7,11300,B,7,77777,A,7,0.3,E,8,0.000,?,0,0.00,?,0,0,1,D,9,00,C,8
01/06/1988,07:00,0,0,0,1,0,0,1,0,0,1,0,0,1,0,0,1,0,0,1,0,0,1,0,0,A,7,0,A,7,-20.6,A,7,-22.8,A,7,83,A,7,1000,A,7,240,A,7,5.2,A,7,11300,B,7,77777,A,7,0.3,E,8,0.000,?,0,0.00,?,0,0,1,D,9,00,C,8
01/06/1988,08:00,0,0,0,1,0,0,1,0,0,1,0,0,1,0,0,1,0,0,1,0,0,1,0,0,A,7,0,A,7,-21.1,A,7,-23.3,A,7,82,A,7,1001,A,7,240,A,7,5.2,A,7,11300,B,7,77777,A,7,0.3,E,8,0.000,?,0,0.00,?,0,0,1,D,9,00,C,8
01/06/1988,09:00,70,1167,29,1,13,79,1,9,22,1,13,29,1,13,27,1,9,27,1,13,39,1,21,0,A,7,0,A,7,-21.1,A,7,-23.3,A,7,82,A,7,1001,A,7,230,A,7,5.7,A,7,11300,B,7,77777,A,7,0.3,E,8,0.000,F,8,0.00,?,0,0,1,D,9,00,C,8
01/06/1988,10:00,267,1415,135,1,13,410,1,9,57,1,13,137,1,13,303,1,9,79,1,13,99,1,21,0,A,7,0,A,7,-19.4,A,7,-21.7,A,7,83,A,7,1001,A,7,240,A,7,5.7,A,7,11300,B,7,77777,A,7,0.4,E,8,0.000,F,8,0.00,?,0,0,1,D,9,00,C,8
01/06/1988,11:00,430,1415,263,1,9,598,1,9,80,1,13,270,1,9,528,1,9,109,1,13,148,1,18,0,A,7,0,A,7,-17.8,A,7,-20.6,A,7,79,A,7,1002,A,7,230,A,7,5.2,A,7,11300,B,7,77777,A,7,0.4,E,8,0.000,F,8,0.00,?,0,0,1,D,9,00,C,8
01/06/1988,12:00,540,1415,358,1,9,686,1,9,95,1,13,371,1,9,643,1,9,125,1,13,184,1,18,0,A,7,0,A,7,-15.6,A,7,-19.4,A,7,72,A,7,1002,A,7,240,A,7,5.7,A,7,11300,B,7,77777,A,7,0.4,E,8,0.000,F,8,0.00,?,0,0,1,D,9,00,C,8
01/06/1988,13:00,587,1415,401,1,9,719,1,9,102,1,13,418,1,9,686,1,9,132,1,13,202,1,18,0,A,7,0,A,7,-14.4,A,7,-18.9,A,7,69,A,7,1001,A,7,240,A,7,4.6,A,7,11300,B,7,77777,A,7,0.4,E,8,0.000,F,8,0.00,?,0,0,1,D,9,00,C,8
01/06/1988,14:00,570,1415,386,1,9,710,1,9,99,1,13,402,1,9,674,1,9,129,1,13,194,1,18,0,A,7,0,A,7,-13.3,A,7,-18.3,A,7,66,A,7,1001,A,7,240,A,7,4.6,A,7,11300,B,7,77777,A,7,0.4,E,8,0.000,F,8,0.00,?,0,0,1,D,9,00,C,8
01/06/1988,15:00,489,1415,311,1,9,647,1,9,88,1,13,323,1,9,592,1,9,118,1,13,166,1,18,0,A,7,0,A,7,-12.8,A,7,-18.3,A,7,64,A,7,1001,A,7,230,A,7,5.7,A,7,11300,B,7,77777,A,7,0.4,E,8,0.000,F,8,0.00,?,0,0,1,D,9,00,C,8
01/06/1988,16:00,350,1415,192,1,13,463,1,9,78,1,13,202,1,13,382,1,9,107,1,13,143,1,21,2,A,7,2,A,7,-12.2,A,7,-18.3,A,7,61,A,7,1002,A,7,220,A,7,5.2,A,7,11300,B,7,77777,A,7,0.4,E,8,0.000,F,8,0.00,?,0,0,1,D,9,00,C,8
01/06/1988,17:00,164,1415,61,1,13,201,1,9,38,1,13,64,1,13,113,1,9,51,1,13,68,1,21,1,A,7,1,A,7,-14.4,A,7,-18.3,A,7,73,A,7,1002,A,7,210,A,7,4.1,A,7,11300,B,7,77777,A,7,0.4,E,8,0.000,F,8,0.00,?,0,0,1,D,9,00,C,8
01/06/1988,18:00,9,413,3,1,13,5,1,9,2,1,13,0,1,13,0,1,9,0,1,13,0,1,21,1,A,7,1,A,7,-14.4,A,7,-18.3,A,7,73,A,7,1003,A,7,210,A,7,4.1,A,7,11300,B,7,77777,A,7,0.4,E,8,0.000,F,8,0.00,?,0,0,1,D,9,00,C,8
01/06/1988,19:00,0,0,0,1,0,0,1,0,0,1,0,0,1,0,0,1,0,0,1,0,0,1,0,0,A,7,0,A,7,-15.6,A,7,-18.3,A,7,80,A,7,1003,A,7,200,A,7,3.6,A,7,11300,B,7,77777,A,7,0.4,E,8,0.000,?,0,0.00,?,0,0,1,D,9,00,C,8
01/06/1988,20:00,0,0,0,1,0,0,1,0,0,1,0,0,1,0,0,1,0,0,1,0,0,1,0,0,A,7,0,A,7,-17.8,A,7,-20.0,A,7,83,A,7,1004,A,7,210,A,7,2.6,A,7,16100,B,7,77777,A,7,0.4,E,8,0.000,?,0,0.00,?,0,0,1,D,9,00,C,8
01/06/1988,21:00,0,0,0,1,0,0,1,0,0,1,0,0,1,0,0,1,0,0,1,0,0,1,0,0,A,7,0,A,7,-17.8,A,7,-20.0,A,7,83,A,7,1004,A,7,0,A,7,0.0,A,7,16100,B,7,77777,A,7,0.4,E,8,0.000,?,0,0.00,?,0,0,1,D,9,00,C,8
01/06/1988,22:00,0,0,0,1,0,0,1,0,0,1,0,0,1,0,0,1,0,0,1,0,0,1,0,0,A,7,0,A,7,-22.2,A,7,-24.4,A,7,82,A,7,1004,A,7,0,A,7,0.0,A,7,16100,B,7,77777,A,7,0.3,E,8,0.000,?,0,0.00,?,0,0,1,D,9,00,C,8
01/06/1988,23:00,0,0,0,1,0,0,1,0,0,1,0,0,1,0,0,1,0,0,1,0,0,1,0,0,A,7,0,A,7,-21.7,A,7,-23.9,A,7,82,A,7,1003,A,7,0,A,7,0.0,A,7,16100,B,7,77777,A,7,0.3,E,8,0.000,?,0,0.00,?,0,0,1,D,9,00,C,8
01/06/1988,24:00,0,0,0,1,0,0,1,0,0,1,0,0,1,0,0,1,0,0,1,0,0,1,0,0,A,7,0,A,7,-21.7,A,7,-23.9,A,7,82,A,7,1004,A,7,220,A,7,1.5,A,7,16100,B,7,77777,A,7,0.3,E,8,0.000,?,0,0.00,?,0,0,1,D,9,00,C,8
01/07/1988,01:00,0,0,0,1,0,0,1,0,0,1,0,0,1,0,0,1,0,0,1,0,0,1,0,0,A,7,0,A,7,-20.0,A,7,-22.2,A,7,83,A,7,1004,A,7,210,A,7,2.1,A,7,11300,B,7,77777,A,7,0.3,E,8,0.000,?,0,0.00,?,0,0,1,D,9,00,C,8
01/07/1988,02:00,0,0,0,1,0,0,1,0,0,1,0,0,1,0,0,1,0,0,1,0,0,1,0,0,A,7,0,A,7,-20.6,A,7,-22.8,A,7,83,A,7,1005,A,7,240,A,7,2.6,A,7,11300,B,7,77777,A,7,0.3,E,8,0.000,?,0,0.00,?,0,0,1,D,9,00,C,8
01/07/1988,03:00,0,0,0,1,0,0,1,0,0,1,0,0,1,0,0,1,0,0,1,0,0,1,0,0,A,7,0,A,7,-20.0,A,7,-21.7,A,7,87,A,7,1006,A,7,240,A,7,2.1,A,7,11300,B,7,77777,A,7,0.4,E,8,0.000,?,0,0.00,?,0,0,1,D,9,00,C,8
01/07/1988,04:00,0,0,0,1,0,0,1,0,0,1,0,0,1,0,0,1,0,0,1,0,0,1,0,0,A,7,0,A,7,-20.6,A,7,-22.8,A,7,83,A,7,1005,A,7,0,A,7,0.0,A,7,11300,B,7,77777,A,7,0.3,E,8,0.000,?,0,0.00,?,0,0,1,D,9,00,C,8
01/07/1988,05:00,0,0,0,1,0,0,1,0,0,1,0,0,1,0,0,1,0,0,1,0,0,1,0,0,A,7,0,A,7,-20.6,A,7,-22.8,A,7,83,A,7,1005,A,7,190,A,7,1.5,A,7,11300,B,7,77777,A,7,0.3,E,8,0.000,?,0,0.00,?,0,0,1,D,9,00,C,8
01/07/1988,06:00,0,0,0,1,0,0,1,0,0,1,0,0,1,0,0,1,0,0,1,0,0,1,0,2,A,7,0,A,7,-20.6,A,7,-22.8,A,7,83,A,7,1005,A,7,0,A,7,0.0,A,7,11300,B,7,77777,A,7,0.3,E,8,0.000,?,0,0.00,?,0,0,1,D,9,00,C,8
01/07/1988,07:00,0,0,0,1,0,0,1,0,0,1,0,0,1,0,0,1,0,0,1,0,0,1,0,6,A,7,2,A,7,-23.3,A,7,-25.6,A,7,82,A,7,1004,A,7,70,A,7,2.1,A,7,4800,B,7,77777,A,7,0.3,E,8,0.000,?,0,0.00,?,0,0,1,D,9,00,C,8
01/07/1988,08:00,0,0,0,1,0,0,1,0,0,1,0,0,1,0,0,1,0,0,1,0,0,1,0,4,A,7,3,A,7,-22.8,A,7,-25.6,A,7,78,A,7,1004,A,7,100,A,7,2.1,A,7,4800,B,7,77777,A,7,0.3,E,8,0.000,?,0,0.00,?,0,0,1,D,9,76,C,8
01/07/1988,09:00,70,1167,33,1,13,74,1,9,27,1,13,33,1,13,25,1,9,32,1,13,50,1,21,7,A,7,2,A,7,-21.7,A,7,-23.3,A,7,87,A,7,1004,A,7,180,A,7,2.1,A,7,4800,B,7,77777,A,7,0.3,E,8,0.000,F,8,0.00,?,0,0,1,D,9,76,C,8
01/07/1988,10:00,268,1415,128,1,13,140,1,13,101,1,13,136,1,13,106,1,13,116,1,13,217,1,23,10,A,7,5,A,7,-17.8,A,7,-19.4,A,7,87,A,7,1004,A,7,140,A,7,3.1,A,7,4800,B,7,77777,A,7,0.4,E,8,0.000,F,8,0.00,?,0,0,1,D,9,76,C,8
01/07/1988,11:00,432,1415,240,1,13,308,1,13,146,1,13,250,1,13,279,1,13,165,1,13,308,1,23,10,A,7,4,A,7,-15.6,A,7,-17.2,A,7,87,A,7,1003,A,7,130,A,7,3.6,A,7,4800,B,7,77777,A,7,0.4,E,8,0.000,F,8,0.00,?,0,0,1,D,9,76,C,8
01/07/1988,12:00,542,1415,325,1,13,434,1,13,158,1,13,334,1,13,411,1,13,176,1,13,315,1,23,10,A,7,3,A,7,-14.4,A,7,-16.7,A,7,83,A,7,1003,A,7,150,A,7,4.1,A,7,6400,B,7,77777,A,7,0.4,E,8,0.000,F,8,0.00,?,0,0,1,D,9,04,C,8
01/07/1988,13:00,590,1415,177,1,9,41,1,9,160,1,13,195,1,9,40,1,9,178,1,13,460,1,18,10,A,7,9,A,7,-12.8,A,7,-16.7,A,7,73,A,7,1002,A,7,140,A,7,4.6,A,7,11300,B,7,7620,A,7,0.4,E,8,0.000,F,8,0.00,?,0,0,1,D,9,78,C,8
01/07/1988,14:00,573,1415,230,1,9,61,1,9,205,1,13,252,1,9,60,1,9,227,1,13,546,1,18,10,A,7,9,A,7,-12.2,A,7,-17.8,A,7,64,A,7,1000,A,7,140,A,7,4.1,A,7,11300,B,7,6710,A,7,0.4,E,8,0.000,F,8,0.00,?,0,0,1,D,9,00,C,8
01/07/1988,15:00,493,1415,142,1,9,17,1,9,136,1,13,159,1,9,12,1,9,155,1,13,497,1,18,10,A,7,10,A,7,-11.7,A,7,-18.3,A,7,58,A,7,999,A,7,150,A,7,4.1,A,7,11300,B,7,6710,A,7,0.4,E,8,0.000,F,8,0.00,?,0,0,1,D,9,00,C,8
01/07/1988,16:00,354,1415,76,1,13,3,1,9,75,1,13,86,1,13,1,1,9,86,1,13,279,1,21,10,A,7,10,A,7,-11.7,A,7,-18.9,A,7,55,A,7,999,A,7,120,A,7,3.6,A,7,11300,B,7,6710,A,7,0.4,E,8,0.000,F,8,0.00,?,0,0,1,D,9,00,C,8
01/07/1988,17:00,168,1415,48,1,13,5,1,9,48,1,13,53,1,13,0,1,9,53,1,13,149,1,21,10,A,7,10,A,7,-11.7,A,7,-17.8,A,7,61,A,7,998,A,7,100,A,7,3.1,A,7,11300,B,7,5490,A,7,0.4,E,8,0.000,F,8,0.00,?,0,0,1,D,9,00,C,8
01/07/1988,18:00,10,436,3,1,13,0,1,9,3,1,13,0,1,13,0,1,9,0,1,13,0,1,21,10,A,7,10,A,7,-12.2,A,7,-17.2,A,7,67,A,7,998,A,7,70,A,7,2.6,A,7,11300,B,7,5490,A,7,0.4,E,8,0.000,F,8,0.00,?,0,0,1,D,9,00,C,8
01/07/1988,19:00,0,0,0,1,0,0,1,0,0,1,0,0,1,0,0,1,0,0,1,0,0,1,0,10,A,7,10,A,7,-12.8,A,7,-17.2,A,7,70,A,7,997,A,7,90,A,7,2.1,A,7,11300,B,7,5490,A,7,0.4,E,8,0.000,?,0,0.00,?,0,0,1,D,9,00,C,8
01/07/1988,20:00,0,0,0,1,0,0,1,0,0,1,0,0,1,0,0,1,0,0,1,0,0,1,0,10,A,7,10,A,7,-13.3,A,7,-17.2,A,7,73,A,7,996,A,7,100,A,7,2.6,A,7,11300,B,7,6100,A,7,0.4,E,8,0.000,?,0,0.00,?,0,0,1,D,9,00,C,8
01/07/1988,21:00,0,0,0,1,0,0,1,0,0,1,0,0,1,0,0,1,0,0,1,0,0,1,0,10,A,7,1,A,7,-13.9,A,7,-20.0,A,7,60,A,7,995,A,7,60,A,7,2.1,A,7,11300,B,7,77777,A,7,0.4,E,8,0.000,?,0,0.00,?,0,0,1,D,9,00,C,8
01/07/1988,22:00,0,0,0,1,0,0,1,0,0,1,0,0,1,0,0,1,0,0,1,0,0,1,0,10,A,7,1,A,7,-15.6,A,7,-18.3,A,7,80,A,7,995,A,7,0,A,7,0.0,A,7,11300,B,7,77777,A,7,0.4,E,8,0.000,?,0,0.00,?,0,0,1,D,9,00,C,8
01/07/1988,23:00,0,0,0,1,0,0,1,0,0,1,0,0,1,0,0,1,0,0,1,0,0,1,0,2,A,7,0,A,7,-17.8,A,7,-19.4,A,7,87,A,7,994,A,7,0,A,7,0.0,A,7,11300,B,7,77777,A,7,0.4,E,8,0.000,?,0,0.00,?,0,0,1,D,9,00,C,8
01/07/1988,24:00,0,0,0,1,0,0,1,0,0,1,0,0,1,0,0,1,0,0,1,0,0,1,0,0,A,7,0,A,7,-19.4,A,7,-21.7,A,7,83,A,7,994,A,7,0,A,7,0.0,A,7,11300,B,7,77777,A,7,0.4,E,8,0.000,?,0,0.00,?,0,0,1,D,9,00,C,8
01/08/1988,01:00,0,0,0,1,0,0,1,0,0,1,0,0,1,0,0,1,0,0,1,0,0,1,0,0,A,7,0,A,7,-20.6,A,7,-22.2,A,7,87,A,7,994,A,7,0,A,7,0.0,A,7,11300,B,7,77777,A,7,0.3,E,8,0.000,?,0,0.00,?,0,0,1,D,9,00,C,8
01/08/1988,02:00,0,0,0,1,0,0,1,0,0,1,0,0,1,0,0,1,0,0,1,0,0,1,0,0,A,7,0,A,7,-20.6,A,7,-23.3,A,7,79,A,7,993,A,7,0,A,7,0.0,A,7,11300,B,7,77777,A,7,0.3,E,8,0.000,?,0,0.00,?,0,0,1,D,9,00,C,8
01/08/1988,03:00,0,0,0,1,0,0,1,0,0,1,0,0,1,0,0,1,0,0,1,0,0,1,0,0,A,7,0,A,7,-20.6,A,7,-23.3,A,7,79,A,7,992,A,7,0,A,7,0.0,A,7,11300,B,7,77777,A,7,0.3,E,8,0.000,?,0,0.00,?,0,0,1,D,9,00,C,8
01/08/1988,04:00,0,0,0,1,0,0,1,0,0,1,0,0,1,0,0,1,0,0,1,0,0,1,0,0,A,7,0,A,7,-22.2,A,7,-25.0,A,7,78,A,7,992,A,7,300,A,7,1.5,A,7,11300,B,7,77777,A,7,0.3,E,8,0.000,?,0,0.00,?,0,0,1,D,9,00,C,8
01/08/1988,05:00,0,0,0,1,0,0,1,0,0,1,0,0,1,0,0,1,0,0,1,0,0,1,0,0,A,7,0,A,7,-22.2,A,7,-24.4,A,7,82,A,7,991,A,7,0,A,7,0.0,A,7,11300,B,7,77777,A,7,0.3,E,8,0.000,?,0,0.00,?,0,0,1,D,9,00,C,8
01/08/1988,06:00,0,0,0,1,0,0,1,0,0,1,0,0,1,0,0,1,0,0,1,0,0,1,0,0,A,7,0,A,7,-22.8,A,7,-25.6,A,7,78,A,7,991,A,7,300,A,7,1.5,A,7,11300,B,7,77777,A,7,0.3,E,8,0.000,?,0,0.00,?,0,0,1,D,9,00,C,8
01/08/1988,07:00,0,0,0,1,0,0,1,0,0,1,0,0,1,0,0,1,0,0,1,0,0,1,0,0,A,7,0,A,7,-22.8,A,7,-25.0,A,7,82,A,7,991,A,7,0,A,7,0.0,A,7,11300,B,7,77777,A,7,0.3,E,8,0.000,?,0,0.00,?,0,0,1,D,9,00,C,8
01/08/1988,08:00,0,0,0,1,0,0,1,0,0,1,0,0,1,0,0,1,0,0,1,0,0,1,0,0,A,7,0,A,7,-22.2,A,7,-24.4,A,7,82,A,7,991,A,7,0,A,7,0.0,A,7,4800,B,7,77777,A,7,0.3,E,8,0.000,?,0,0.00,?,0,0,1,D,9,00,C,8
01/08/1988,09:00,71,1167,37,1,13,168,1,9,23,1,13,35,1,13,66,1,9,31,1,13,41,1,21,4,A,7,1,A,7,-21.7,A,7,-23.9,A,7,82,A,7,990,A,7,0,A,7,0.0,A,7,6400,B,7,77777,A,7,0.3,E,8,0.000,F,8,0.00,?,0,0,1,D,9,76,C,8
01/08/1988,10:00,270,1415,143,1,13,383,1,9,69,1,13,147,1,13,281,1,9,93,1,13,127,1,21,6,A,7,2,A,7,-15.0,A,7,-17.8,A,7,80,A,7,990,A,7,200,A,7,2.6,A,7,11300,B,7,77777,A,7,0.4,E,8,0.000,F,8,0.00,?,0,0,1,D,9,45,C,8
01/08/1988,11:00,434,1415,263,1,13,481,1,13,114,1,13,271,1,13,428,1,13,139,1,13,217,1,23,8,A,7,4,A,7,-12.8,A,7,-16.1,A,7,76,A,7,991,A,7,220,A,7,4.1,A,7,11300,B,7,77777,A,7,0.4,E,8,0.000,F,8,0.00,?,0,0,1,D,9,00,C,8
01/08/1988,12:00,544,1415,312,1,13,386,1,13,163,1,13,330,1,13,377,1,13,184,1,13,345,1,23,8,A,7,4,A,7,-11.1,A,7,-16.7,A,7,64,A,7,990,A,7,210,A,7,4.6,A,7,11300,B,7,77777,A,7,0.4,E,8,0.000,F,8,0.00,?,0,0,1,D,9,00,C,8
01/08/1988,13:00,593,1415,372,1,13,366,1,13,218,1,13,388,1,13,365,1,13,235,1,13,494,1,23,10,A,7,4,A,7,-9.4,A,7,-15.0,A,7,64,A,7,989,A,7,230,A,7,4.1,A,7,16100,B,7,77777,A,7,0.5,E,8,0.000,F,8,0.00,?,0,0,1,D,9,00,C,8
01/08/1988,14:00,576,1415,339,1,13,442,1,13,159,1,13,352,1,13,425,1,13,178,1,13,319,1,23,9,A,7,4,A,7,-8.3,A,7,-13.9,A,7,65,A,7,989,A,7,220,A,7,5.2,A,7,16100,B,7,77777,A,7,0.5,E,8,0.000,F,8,0.00,?,0,0,1,D,9,00,C,8
01/08/1988,15:00,496,1415,319,1,13,577,1,13,117,1,13,336,1,13,535,1,13,147,1,13,224,1,23,7,A,7,3,A,7,-7.8,A,7,-13.3,A,7,65,A,7,988,A,7,240,A,7,5.7,A,7,16100,B,7,77777,A,7,0.5,E,8,0.000,F,8,0.00,?,0,0,1,D,9,00,C,8
01/08/1988,16:00,358,1415,175,1,13,196,1,13,126,1,13,188,1,13,167,1,13,146,1,13,277,1,23,9,A,7,5,A,7,-7.2,A,7,-13.3,A,7,62,A,7,988,A,7,240,A,7,5.7,A,7,16100,B,7,7620,A,7,0.5,E,8,0.000,F,8,0.00,?,0,0,1,D,9,00,C,8
01/08/1988,17:00,172,1415,74,1,13,103,1,13,61,1,13,78,1,13,62,1,13,71,1,13,128,1,23,9,A,7,4,A,7,-7.8,A,7,-13.9,A,7,62,A,7,988,A,7,220,A,7,3.6,A,7,16100,B,7,77777,A,7,0.5,E,8,0.000,F,8,0.00,?,0,0,1,D,9,00,C,8
01/08/1988,18:00,11,460,7,1,13,3,1,9,7,1,13,0,1,13,0,1,9,0,1,13,0,1,21,10,A,7,8,A,7,-8.3,A,7,-13.3,A,7,68,A,7,988,A,7,210,A,7,2.6,A,7,16100,B,7,1220,A,7,0.5,E,8,0.000,F,8,0.00,?,0,0,1,D,9,00,C,8
01/08/1988,19:00,0,0,0,1,0,0,1,0,0,1,0,0,1,0,0,1,0,0,1,0,0,1,0,10,A,7,10,A,7,-8.3,A,7,-13.3,A,7,68,A,7,988,A,7,200,A,7,4.6,A,7,16100,B,7,760,A,7,0.5,E,8,0.000,?,0,0.00,?,0,0,1,D,9,00,C,8
01/08/1988,20:00,0,0,0,1,0,0,1,0,0,1,0,0,1,0,0,1,0,0,1,0,0,1,0,10,A,7,10,A,7,-8.3,A,7,-12.8,A,7,71,A,7,988,A,7,210,A,7,4.1,A,7,16100,B,7,760,A,7,0.5,E,8,0.000,?,0,0.00,?,0,0,1,D,9,00,C,8
01/08/1988,21:00,0,0,0,1,0,0,1,0,0,1,0,0,1,0,0,1,0,0,1,0,0,1,0,10,A,7,10,A,7,-8.3,A,7,-13.9,A,7,65,A,7,988,A,7,210,A,7,6.2,A,7,9700,B,7,760,A,7,0.5,E,8,0.000,?,0,0.00,?,0,0,1,D,9,71,C,8
01/08/1988,22:00,0,0,0,1,0,0,1,0,0,1,0,0,1,0,0,1,0,0,1,0,0,1,0,10,A,7,10,A,7,-8.9,A,7,-13.3,A,7,71,A,7,988,A,7,240,A,7,6.7,A,7,4800,B,7,760,A,7,0.5,E,8,0.000,?,0,0.00,?,0,0,1,D,9,71,C,8
01/08/1988,23:00,0,0,0,1,0,0,1,0,0,1,0,0,1,0,0,1,0,0,1,0,0,1,0,10,A,7,10,A,7,-8.9,A,7,-13.9,A,7,68,A,7,988,A,7,220,A,7,5.2,A,7,3200,B,7,760,A,7,0.5,E,8,0.000,?,0,0.00,?,0,0,1,D,9,71,C,8
01/08/1988,24:00,0,0,0,1,0,0,1,0,0,1,0,0,1,0,0,1,0,0,1,0,0,1,0,10,A,7,10,A,7,-8.9,A,7,-11.7,A,7,81,A,7,989,A,7,230,A,7,5.2,A,7,3200,B,7,760,A,7,0.6,E,8,0.000,?,0,0.00,?,0,0,1,D,9,71,C,8
01/09/1988,01:00,0,0,0,1,0,0,1,0,0,1,0,0,1,0,0,1,0,0,1,0,0,1,0,10,A,7,10,A,7,-8.9,A,7,-11.1,A,7,84,A,7,989,A,7,250,A,7,6.7,A,7,3200,B,7,850,A,7,0.6,E,8,0.000,?,0,0.00,?,0,0,1,D,9,71,C,8
01/09/1988,02:00,0,0,0,1,0,0,1,0,0,1,0,0,1,0,0,1,0,0,1,0,0,1,0,10,A,7,10,A,7,-9.4,A,7,-11.1,A,7,88,A,7,989,A,7,290,A,7,4.6,A,7,3200,B,7,460,A,7,0.6,E,8,0.000,?,0,0.00,?,0,0,1,D,9,71,C,8
01/09/1988,03:00,0,0,0,1,0,0,1,0,0,1,0,0,1,0,0,1,0,0,1,0,0,1,0,10,A,7,7,A,7,-12.2,A,7,-14.4,A,7,84,A,7,989,A,7,280,A,7,2.1,A,7,16100,B,7,6100,A,7,0.5,E,8,0.000,?,0,0.00,?,0,0,1,D,9,71,C,8
01/09/1988,04:00,0,0,0,1,0,0,1,0,0,1,0,0,1,0,0,1,0,0,1,0,0,1,0,0,A,7,0,A,7,-16.7,A,7,-18.3,A,7,87,A,7,989,A,7,220,A,7,2.1,A,7,16100,B,7,77777,A,7,0.4,E,8,0.000,?,0,0.00,?,0,0,1,D,9,00,C,8
01/09/1988,05:00,0,0,0,1,0,0,1,0,0,1,0,0,1,0,0,1,0,0,1,0,0,1,0,0,A,7,0,A,7,-16.7,A,7,-17.8,A,7,91,A,7,989,A,7,250,A,7,1.5,A,7,16100,B,7,77777,A,7,0.4,E,8,0.000,?,0,0.00,?,0,0,1,D,9,00,C,8
01/09/1988,06:00,0,0,0,1,0,0,1,0,0,1,0,0,1,0,0,1,0,0,1,0,0,1,0,10,A,7,10,A,7,-17.8,A,7,-18.9,A,7,91,A,7,990,A,7,250,A,7,3.1,A,7,4800,B,7,850,A,7,0.4,E,8,0.000,?,0,0.00,?,0,0,1,D,9,00,C,8
01/09/1988,07:00,0,0,0,1,0,0,1,0,0,1,0,0,1,0,0,1,0,0,1,0,0,1,0,10,A,7,10,A,7,-12.8,A,7,-13.9,A,7,92,A,7,990,A,7,260,A,7,2.6,A,7,4800,B,7,460,A,7,0.5,E,8,0.000,?,0,0.00,?,0,0,1,D,9,85,C,8
01/09/1988,08:00,0,0,0,1,0,0,1,0,0,1,0,0,1,0,0,1,0,0,1,0,0,1,0,10,A,7,10,A,7,-11.1,A,7,-12.2,A,7,92,A,7,991,A,7,290,A,7,3.6,A,7,3600,B,7,850,A,7,0.5,E,8,0.000,?,0,0.00,?,0,0,1,D,9,85,C,8
01/09/1988,09:00,72,1167,23,1,13,17,1,9,22,1,13,25,1,13,10,1,9,25,1,13,52,1,21,10,A,7,10,A,7,-10.6,A,7,-12.2,A,7,88,A,7,992,A,7,0,A,7,0.0,A,7,3200,B,7,700,A,7,0.5,E,8,0.000,F,8,0.00,?,0,0,1,D,9,71,C,8
01/09/1988,10:00,271,1415,67,1,13,7,1,9,66,1,13,75,1,13,2,1,9,75,1,13,227,1,21,10,A,7,10,A,7,-10.0,A,7,-12.2,A,7,84,A,7,992,A,7,290,A,7,3.6,A,7,1600,B,7,460,A,7,0.5,E,8,0.000,F,8,0.00,?,0,0,1,D,9,71,C,8
01/09/1988,11:00,436,1415,193,1,9,170,1,9,141,1,13,209,1,9,156,1,9,161,1,13,317,1,18,8,A,7,8,A,7,-10.0,A,7,-12.8,A,7,80,A,7,993,A,7,280,A,7,4.6,A,7,3200,B,7,460,A,7,0.5,E,8,0.000,F,8,0.00,?,0,0,1,D,9,71,C,8
01/09/1988,12:00,546,1415,266,1,9,80,1,9,235,1,13,291,1,9,78,1,9,260,1,13,580,1,18,9,A,7,8,A,7,-9.4,A,7,-12.8,A,7,77,A,7,993,A,7,300,A,7,4.1,A,7,3200,B,7,340,A,7,0.5,E,8,0.000,F,8,0.00,?,0,0,1,D,9,71,C,8
01/09/1988,13:00,596,1415,273,1,9,101,1,9,230,1,13,298,1,9,99,1,9,256,1,13,606,1,18,9,A,7,9,A,7,-9.4,A,7,-13.3,A,7,74,A,7,992,A,7,290,A,7,4.1,A,7,8000,B,7,460,A,7,0.5,E,8,0.000,F,8,0.00,?,0,0,1,D,9,71,C,8
01/09/1988,14:00,580,1415,251,1,13,153,1,13,188,1,13,272,1,13,151,1,13,209,1,13,443,1,23,7,A,7,7,A,7,-8.9,A,7,-15.0,A,7,62,A,7,992,A,7,270,A,7,8.8,A,7,12900,B,7,700,A,7,0.5,E,8,0.000,F,8,0.00,?,0,0,1,D,9,71,C,8
01/09/1988,15:00,500,1415,227,1,9,92,1,9,195,1,13,249,1,9,88,1,9,217,1,13,486,1,18,8,A,7,8,A,7,-10.0,A,7,-14.4,A,7,70,A,7,992,A,7,290,A,7,5.2,A,7,16100,B,7,700,A,7,0.5,E,8,0.000,F,8,0.00,?,0,0,1,D,9,71,C,8
01/09/1988,16:00,362,1415,142,1,13,100,1,13,116,1,13,153,1,13,86,1,13,130,1,13,255,1,23,6,A,7,6,A,7,-10.0,A,7,-13.9,A,7,74,A,7,993,A,7,300,A,7,5.7,A,7,9700,B,7,700,A,7,0.5,E,8,0.000,F,8,0.00,?,0,0,1,D,9,85,C,8
01/09/1988,17:00,176,1415,70,1,13,212,1,13,44,1,13,73,1,13,124,1,13,57,1,13,80,1,23,6,A,7,5,A,7,-10.6,A,7,-14.4,A,7,73,A,7,993,A,7,260,A,7,5.2,A,7,11300,B,7,700,A,7,0.5,E,8,0.000,F,8,0.00,?,0,0,1,D,9,85,C,8
01/09/1988,18:00,12,483,10,1,13,35,1,13,6,1,13,0,1,13,0,1,13,0,1,13,0,1,23,4,A,7,3,A,7,-11.1,A,7,-15.0,A,7,73,A,7,994,A,7,310,A,7,3.1,A,7,16100,B,7,77777,A,7,0.5,E,8,0.000,F,8,0.00,?,0,0,1,D,9,00,C,8
01/09/1988,19:00,0,0,0,1,0,0,1,0,0,1,0,0,1,0,0,1,0,0,1,0,0,1,0,6,A,7,5,A,7,-12.2,A,7,-15.0,A,7,80,A,7,994,A,7,270,A,7,2.1,A,7,16100,B,7,700,A,7,0.5,E,8,0.000,?,0,0.00,?,0,0,1,D,9,00,C,8
01/09/1988,20:00,0,0,0,1,0,0,1,0,0,1,0,0,1,0,0,1,0,0,1,0,0,1,0,0,A,7,0,A,7,-17.2,A,7,-18.3,A,7,91,A,7,994,A,7,270,A,7,2.1,A,7,16100,B,7,77777,A,7,0.4,E,8,0.000,?,0,0.00,?,0,0,1,D,9,00,C,8
01/09/1988,21:00,0,0,0,1,0,0,1,0,0,1,0,0,1,0,0,1,0,0,1,0,0,1,0,0,A,7,0,A,7,-18.3,A,7,-20.6,A,7,83,A,7,995,A,7,270,A,7,2.1,A,7,16100,B,7,77777,A,7,0.4,E,8,0.000,?,0,0.00,?,0,0,1,D,9,00,C,8
01/09/1988,22:00,0,0,0,1,0,0,1,0,0,1,0,0,1,0,0,1,0,0,1,0,0,1,0,0,A,7,0,A,7,-19.4,A,7,-21.7,A,7,83,A,7,995,A,7,270,A,7,2.1,A,7,16100,B,7,77777,A,7,0.4,E,8,0.000,?,0,0.00,?,0,0,1,D,9,00,C,8
01/09/1988,23:00,0,0,0,1,0,0,1,0,0,1,0,0,1,0,0,1,0,0,1,0,0,1,0,0,A,7,0,A,7,-19.4,A,7,-21.1,A,7,87,A,7,996,A,7,220,A,7,2.1,A,7,16100,B,7,77777,A,7,0.4,E,8,0.000,?,0,0.00,?,0,0,1,D,9,00,C,8
01/09/1988,24:00,0,0,0,1,0,0,1,0,0,1,0,0,1,0,0,1,0,0,1,0,0,1,0,2,A,7,2,A,7,-21.7,A,7,-23.9,A,7,82,A,7,996,A,7,270,A,7,2.1,A,7,16100,B,7,77777,A,7,0.3,E,8,0.000,?,0,0.00,?,0,0,1,D,9,00,C,8
01/10/1988,01:00,0,0,0,1,0,0,1,0,0,1,0,0,1,0,0,1,0,0,1,0,0,1,0,4,A,7,4,A,7,-21.1,A,7,-23.3,A,7,82,A,7,996,A,7,280,A,7,2.1,A,7,16100,B,7,77777,A,7,0.3,E,8,0.000,?,0,0.00,?,0,0,1,D,9,00,C,8
01/10/1988,02:00,0,0,0,1,0,0,1,0,0,1,0,0,1,0,0,1,0,0,1,0,0,1,0,6,A,7,6,A,7,-22.2,A,7,-24.4,A,7,82,A,7,997,A,7,220,A,7,2.1,A,7,16100,B,7,580,A,7,0.3,E,8,0.000,?,0,0.00,?,0,0,1,D,9,00,C,8
01/10/1988,03:00,0,0,0,1,0,0,1,0,0,1,0,0,1,0,0,1,0,0,1,0,0,1,0,3,A,7,3,A,7,-23.3,A,7,-25.0,A,7,86,A,7,997,A,7,300,A,7,1.5,A,7,16100,B,7,77777,A,7,0.3,E,8,0.000,?,0,0.00,?,0,0,1,D,9,00,C,8
01/10/1988,04:00,0,0,0,1,0,0,1,0,0,1,0,0,1,0,0,1,0,0,1,0,0,1,0,0,A,7,0,A,7,-23.3,A,7,-25.6,A,7,82,A,7,997,A,7,290,A,7,1.5,A,7,16100,B,7,77777,A,7,0.3,E,8,0.000,?,0,0.00,?,0,0,1,D,9,00,C,8
01/10/1988,05:00,0,0,0,1,0,0,1,0,0,1,0,0,1,0,0,1,0,0,1,0,0,1,0,9,A,7,9,A,7,-23.9,A,7,-25.6,A,7,86,A,7,997,A,7,0,A,7,0.0,A,7,16100,B,7,580,A,7,0.3,E,8,0.000,?,0,0.00,?,0,0,1,D,9,00,C,8
01/10/1988,06:00,0,0,0,1,0,0,1,0,0,1,0,0,1,0,0,1,0,0,1,0,0,1,0,9,A,7,9,A,7,-23.3,A,7,-25.0,A,7,86,A,7,997,A,7,0,A,7,0.0,A,7,16100,B,7,580,A,7,0.3,E,8,0.000,?,0,0.00,?,0,0,1,D,9,71,C,8
01/10/1988,07:00,0,0,0,1,0,0,1,0,0,1,0,0,1,0,0,1,0,0,1,0,0,1,0,3,A,7,3,A,7,-23.3,A,7,-25.6,A,7,82,A,7,997,A,7,0,A,7,0.0,A,7,16100,B,7,77777,A,7,0.3,E,8,0.000,?,0,0.00,?,0,0,1,D,9,71,C,8
01/10/1988,08:00,0,0,0,1,0,0,1,0,0,1,0,0,1,0,0,1,0,0,1,0,0,1,0,2,A,7,1,A,7,-19.4,A,7,-21.1,A,7,87,A,7,998,A,7,0,A,7,0.0,A,7,11300,B,7,77777,A,7,0.4,E,8,0.000,?,0,0.00,?,0,0,1,D,9,00,C,8
01/10/1988,09:00,73,1167,11,1,13,0,1,9,11,1,13,13,1,13,0,1,9,13,1,13,41,1,21,10,A,7,10,A,7,-17.8,A,7,-20.0,A,7,83,A,7,998,A,7,0,A,7,0.0,A,7,12900,B,7,580,A,7,0.4,E,8,0.000,F,8,0.00,?,0,0,1,D,9,00,C,8
01/10/1988,10:00,273,1415,78,1,13,26,1,9,73,1,13,85,1,13,21,1,9,81,1,13,180,1,21,9,A,7,9,A,7,-15.0,A,7,-16.7,A,7,87,A,7,998,A,7,210,A,7,4.1,A,7,12900,B,7,580,A,7,0.4,E,8,0.000,F,8,0.00,?,0,0,1,D,9,00,C,8
01/10/1988,11:00,438,1415,263,1,9,607,1,9,75,1,13,273,1,9,541,1,9,105,1,13,141,1,18,1,A,7,1,A,7,-12.8,A,7,-14.4,A,7,88,A,7,999,A,7,230,A,7,4.1,A,7,16100,B,7,77777,A,7,0.5,E,8,0.000,F,8,0.00,?,0,0,1,D,9,00,C,8
01/10/1988,12:00,549,1415,375,1,9,754,1,9,81,1,13,394,1,9,715,1,9,115,1,13,162,1,18,0,A,7,0,A,7,-10.6,A,7,-15.0,A,7,70,A,7,999,A,7,220,A,7,4.6,A,7,16100,B,7,77777,A,7,0.5,E,8,0.000,F,8,0.00,?,0,0,1,D,9,00,C,8
01/10/1988,13:00,599,1415,421,1,9,787,1,9,87,1,13,432,1,9,748,1,9,114,1,13,166,1,18,0,A,7,0,A,7,-10.0,A,7,-15.6,A,7,64,A,7,998,A,7,240,A,7,7.2,A,7,16100,B,7,77777,A,7,0.5,E,8,0.000,F,8,0.00,?,0,0,1,D,9,00,C,8
01/10/1988,14:00,583,1415,406,1,9,776,1,9,85,1,13,416,1,9,734,1,9,111,1,13,161,1,18,0,A,7,0,A,7,-9.4,A,7,-15.6,A,7,62,A,7,997,A,7,210,A,7,7.7,A,7,16100,B,7,77777,A,7,0.5,E,8,0.000,F,8,0.00,?,0,0,1,D,9,00,C,8
01/10/1988,15:00,504,1415,334,1,9,726,1,9,76,1,13,352,1,9,675,1,9,110,1,13,149,1,18,0,A,7,0,A,7,-9.4,A,7,-15.6,A,7,62,A,7,996,A,7,210,A,7,6.2,A,7,16100,B,7,77777,A,7,0.5,E,8,0.000,F,8,0.00,?,0,0,1,D,9,00,C,8
01/10/1988,16:00,366,1415,215,1,13,602,1,9,60,1,13,224,1,13,509,1,9,92,1,13,112,1,21,0,A,7,0,A,7,-9.4,A,7,-16.1,A,7,59,A,7,996,A,7,200,A,7,6.7,A,7,16100,B,7,77777,A,7,0.5,E,8,0.000,F,8,0.00,?,0,0,1,D,9,00,C,8
01/10/1988,17:00,180,1415,80,1,13,342,1,9,38,1,13,83,1,13,213,1,9,55,1,13,66,1,21,0,A,7,0,A,7,-10.0,A,7,-17.2,A,7,56,A,7,996,A,7,210,A,7,5.2,A,7,16100,B,7,77777,A,7,0.4,E,8,0.000,F,8,0.00,?,0,0,1,D,9,00,C,8
01/10/1988,18:00,13,507,9,1,13,21,1,9,6,1,13,0,1,13,0,1,9,0,1,13,0,1,21,0,A,7,0,A,7,-12.2,A,7,-18.3,A,7,61,A,7,996,A,7,220,A,7,3.6,A,7,16100,B,7,77777,A,7,0.4,E,8,0.000,F,8,0.00,?,0,0,1,D,9,00,C,8
01/10/1988,19:00,0,0,0,1,0,0,1,0,0,1,0,0,1,0,0,1,0,0,1,0,0,1,0,0,A,7,0,A,7,-13.9,A,7,-18.9,A,7,66,A,7,995,A,7,210,A,7,3.1,A,7,16100,B,7,77777,A,7,0.4,E,8,0.000,?,0,0.00,?,0,0,1,D,9,00,C,8
01/10/1988,20:00,0,0,0,1,0,0,1,0,0,1,0,0,1,0,0,1,0,0,1,0,0,1,0,0,A,7,0,A,7,-14.4,A,7,-18.3,A,7,73,A,7,995,A,7,190,A,7,3.1,A,7,16100,B,7,77777,A,7,0.4,E,8,0.000,?,0,0.00,?,0,0,1,D,9,00,C,8
01/10/1988,21:00,0,0,0,1,0,0,1,0,0,1,0,0,1,0,0,1,0,0,1,0,0,1,0,0,A,7,0,A,7,-14.4,A,7,-19.4,A,7,66,A,7,994,A,7,190,A,7,4.6,A,7,16100,B,7,77777,A,7,0.4,E,8,0.000,?,0,0.00,?,0,0,1,D,9,00,C,8
01/10/1988,22:00,0,0,0,1,0,0,1,0,0,1,0,0,1,0,0,1,0,0,1,0,0,1,0,0,A,7,0,A,7,-15.0,A,7,-18.9,A,7,73,A,7,994,A,7,190,A,7,3.6,A,7,16100,B,7,77777,A,7,0.4,E,8,0.000,?,0,0.00,?,0,0,1,D,9,00,C,8
01/10/1988,23:00,0,0,0,1,0,0,1,0,0,1,0,0,1,0,0,1,0,0,1,0,0,1,0,0,A,7,0,A,7,-15.0,A,7,-18.9,A,7,73,A,7,993,A,7,190,A,7,3.6,A,7,16100,B,7,77777,A,7,0.4,E,8,0.000,?,0,0.00,?,0,0,1,D,9,00,C,8
01/10/1988,24:00,0,0,0,1,0,0,1,0,0,1,0,0,1,0,0,1,0,0,1,0,0,1,0,0,A,7,0,A,7,-15.6,A,7,-19.4,A,7,72,A,7,994,A,7,230,A,7,3.6,A,7,16100,B,7,77777,A,7,0.4,E,8,0.000,?,0,0.00,?,0,0,1,D,9,00,C,8
01/11/1988,01:00,0,0,0,1,0,0,1,0,0,1,0,0,1,0,0,1,0,0,1,0,0,1,0,0,A,7,0,A,7,-14.4,A,7,-19.4,A,7,66,A,7,992,A,7,200,A,7,5.7,A,7,16100,B,7,77777,A,7,0.4,E,8,0.000,?,0,0.00,?,0,0,1,D,9,00,C,8
01/11/1988,02:00,0,0,0,1,0,0,1,0,0,1,0,0,1,0,0,1,0,0,1,0,0,1,0,0,A,7,0,A,7,-13.3,A,7,-20.0,A,7,58,A,7,991,A,7,200,A,7,6.7,A,7,16100,B,7,77777,A,7,0.4,E,8,0.000,?,0,0.00,?,0,0,1,D,9,00,C,8
01/11/1988,03:00,0,0,0,1,0,0,1,0,0,1,0,0,1,0,0,1,0,0,1,0,0,1,0,0,A,7,0,A,7,-12.2,A,7,-18.9,A,7,58,A,7,990,A,7,210,A,7,7.7,A,7,16100,B,7,77777,A,7,0.4,E,8,0.000,?,0,0.00,?,0,0,1,D,9,00,C,8
01/11/1988,04:00,0,0,0,1,0,0,1,0,0,1,0,0,1,0,0,1,0,0,1,0,0,1,0,2,A,7,2,A,7,-10.6,A,7,-16.7,A,7,61,A,7,989,A,7,200,A,7,8.2,A,7,16100,B,7,77777,A,7,0.4,E,8,0.000,?,0,0.00,?,0,0,1,D,9,00,C,8
01/11/1988,05:00,0,0,0,1,0,0,1,0,0,1,0,0,1,0,0,1,0,0,1,0,0,1,0,9,A,7,9,A,7,-10.0,A,7,-16.1,A,7,61,A,7,989,A,7,200,A,7,8.2,A,7,16100,B,7,3660,A,7,0.4,E,8,0.000,?,0,0.00,?,0,0,1,D,9,00,C,8
01/11/1988,06:00,0,0,0,1,0,0,1,0,0,1,0,0,1,0,0,1,0,0,1,0,0,1,0,10,A,7,10,A,7,-9.4,A,7,-15.0,A,7,64,A,7,988,A,7,200,A,7,7.2,A,7,16100,B,7,3660,A,7,0.5,E,8,0.000,?,0,0.00,?,0,0,1,D,9,00,C,8
01/11/1988,07:00,0,0,0,1,0,0,1,0,0,1,0,0,1,0,0,1,0,0,1,0,0,1,0,10,A,7,10,A,7,-8.9,A,7,-14.4,A,7,65,A,7,987,A,7,200,A,7,8.2,A,7,16100,B,7,3660,A,7,0.5,E,8,0.000,?,0,0.00,?,0,0,1,D,9,00,C,8
01/11/1988,08:00,0,0,0,1,0,0,1,0,0,1,0,0,1,0,0,1,0,0,1,0,0,1,0,10,A,7,10,A,7,-8.3,A,7,-13.3,A,7,68,A,7,987,A,7,190,A,7,8.2,A,7,16100,B,7,3050,A,7,0.5,E,8,0.000,?,0,0.00,?,0,0,1,D,9,00,C,8
01/11/1988,09:00,74,1191,22,1,13,4,1,9,22,1,13,25,1,13,0,1,9,25,1,13,72,1,21,10,A,7,10,A,7,-7.8,A,7,-13.3,A,7,65,A,7,987,A,7,200,A,7,8.2,A,7,16100,B,7,2440,A,7,0.5,E,8,0.000,F,8,0.00,?,0,0,1,D,9,00,C,8
01/11/1988,10:00,274,1414,81,1,13,5,1,9,80,1,13,89,1,13,2,1,9,89,1,13,258,1,21,10,A,7,10,A,7,-6.7,A,7,-11.7,A,7,68,A,7,987,A,7,220,A,7,6.7,A,7,16100,B,7,2440,A,7,0.6,E,8,0.000,F,8,0.00,?,0,0,1,D,9,00,C,8
01/11/1988,11:00,440,1414,149,1,9,1,1,9,149,1,13,164,1,9,1,1,9,164,1,13,488,1,18,10,A,7,10,A,7,-5.6,A,7,-10.6,A,7,68,A,7,987,A,7,220,A,7,10.3,A,7,12900,B,7,520,A,7,0.6,E,8,0.000,F,8,0.00,?,0,0,1,D,9,00,C,8
01/11/1988,12:00,552,1414,193,1,9,8,1,9,190,1,13,214,1,9,7,1,9,211,1,13,652,1,18,10,A,7,10,A,7,-5.0,A,7,-10.0,A,7,68,A,7,987,A,7,210,A,7,8.2,A,7,12900,B,7,580,A,7,0.6,E,8,0.000,F,8,0.00,?,0,0,1,D,9,71,C,8
01/11/1988,13:00,602,1414,197,1,9,6,1,9,194,1,13,220,1,9,5,1,9,217,1,13,702,1,18,10,A,7,10,A,7,-3.9,A,7,-8.9,A,7,69,A,7,987,A,7,220,A,7,8.2,A,7,12900,B,7,580,A,7,0.6,E,8,0.000,F,8,0.00,?,0,0,1,D,9,00,C,8
01/11/1988,14:00,587,1414,183,1,9,2,1,9,182,1,13,205,1,9,2,1,9,204,1,13,665,1,18,10,A,7,10,A,7,-3.9,A,7,-8.3,A,7,72,A,7,987,A,7,210,A,7,9.8,A,7,12900,B,7,580,A,7,0.7,E,8,0.000,F,8,0.00,?,0,0,1,D,9,00,C,8
01/11/1988,15:00,508,1414,199,1,9,49,1,9,182,1,13,218,1,9,47,1,9,202,1,13,468,1,18,10,A,7,9,A,7,-3.3,A,7,-8.9,A,7,66,A,7,986,A,7,240,A,7,7.2,A,7,12900,B,7,610,A,7,0.6,E,8,0.000,F,8,0.00,?,0,0,1,D,9,00,C,8
01/11/1988,16:00,370,1414,150,1,13,161,1,13,108,1,13,163,1,13,140,1,13,126,1,13,238,1,23,10,A,7,4,A,7,-3.3,A,7,-8.9,A,7,66,A,7,986,A,7,220,A,7,4.6,A,7,16100,B,7,77777,A,7,0.6,E,8,0.000,F,8,0.00,?,0,0,1,D,9,00,C,8
01/11/1988,17:00,184,1414,83,1,13,128,1,13,67,1,13,89,1,13,80,1,13,79,1,13,141,1,23,10,A,7,3,A,7,-3.9,A,7,-8.9,A,7,69,A,7,987,A,7,210,A,7,3.6,A,7,16100,B,7,77777,A,7,0.6,E,8,0.000,F,8,0.00,?,0,0,1,D,9,00,C,8
01/11/1988,18:00,15,530,10,1,13,10,1,13,9,1,13,0,1,13,0,1,13,0,1,13,0,1,23,10,A,7,4,A,7,-6.7,A,7,-10.0,A,7,78,A,7,987,A,7,200,A,7,2.1,A,7,16100,B,7,77777,A,7,0.6,E,8,0.000,F,8,0.00,?,0,0,1,D,9,00,C,8
01/11/1988,19:00,0,0,0,1,0,0,1,0,0,1,0,0,1,0,0,1,0,0,1,0,0,1,0,10,A,7,4,A,7,-7.8,A,7,-10.6,A,7,81,A,7,987,A,7,70,A,7,2.1,A,7,16100,B,7,77777,A,7,0.6,E,8,0.000,?,0,0.00,?,0,0,1,D,9,00,C,8
01/11/1988,20:00,0,0,0,1,0,0,1,0,0,1,0,0,1,0,0,1,0,0,1,0,0,1,0,10,A,7,4,A,7,-5.6,A,7,-9.4,A,7,74,A,7,986,A,7,130,A,7,3.1,A,7,16100,B,7,77777,A,7,0.6,E,8,0.000,?,0,0.00,?,0,0,1,D,9,00,C,8
01/11/1988,21:00,0,0,0,1,0,0,1,0,0,1,0,0,1,0,0,1,0,0,1,0,0,1,0,10,A,7,9,A,7,-5.6,A,7,-8.3,A,7,81,A,7,985,A,7,130,A,7,3.6,A,7,16100,B,7,7620,A,7,0.7,E,8,0.000,?,0,0.00,?,0,0,1,D,9,00,C,8
01/11/1988,22:00,0,0,0,1,0,0,1,0,0,1,0,0,1,0,0,1,0,0,1,0,0,1,0,10,A,7,10,A,7,-3.9,A,7,-9.4,A,7,66,A,7,984,A,7,150,A,7,5.2,A,7,16100,B,7,7620,A,7,0.6,E,8,0.000,?,0,0.00,?,0,0,1,D,9,00,C,8
01/11/1988,23:00,0,0,0,1,0,0,1,0,0,1,0,0,1,0,0,1,0,0,1,0,0,1,0,10,A,7,10,A,7,-2.2,A,7,-8.3,A,7,63,A,7,983,A,7,180,A,7,5.2,A,7,16100,B,7,7620,A,7,0.7,E,8,0.000,?,0,0.00,?,0,0,1,D,9,00,C,8
01/11/1988,24:00,0,0,0,1,0,0,1,0,0,1,0,0,1,0,0,1,0,0,1,0,0,1,0,10,A,7,10,A,7,-1.1,A,7,-7.8,A,7,61,A,7,983,A,7,180,A,7,7.2,A,7,16100,B,7,3050,A,7,0.7,E,8,0.000,?,0,0.00,?,0,0,1,D,9,00,C,8
01/12/1988,01:00,0,0,0,1,0,0,1,0,0,1,0,0,1,0,0,1,0,0,1,0,0,1,0,10,A,7,10,A,7,0.0,A,7,-6.1,A,7,64,A,7,982,A,7,200,A,7,6.2,A,7,11300,B,7,3660,A,7,0.7,E,8,0.000,?,0,0.00,?,0,0,1,D,9,00,C,8
01/12/1988,02:00,0,0,0,1,0,0,1,0,0,1,0,0,1,0,0,1,0,0,1,0,0,1,0,10,A,7,10,A,7,0.0,A,7,-6.1,A,7,64,A,7,981,A,7,180,A,7,6.2,A,7,11300,B,7,5490,A,7,0.7,E,8,0.000,?,0,0.00,?,0,0,1,D,9,00,C,8
01/12/1988,03:00,0,0,0,1,0,0,1,0,0,1,0,0,1,0,0,1,0,0,1,0,0,1,0,10,A,7,8,A,7,0.6,A,7,-6.7,A,7,59,A,7,981,A,7,180,A,7,8.2,A,7,11300,B,7,5490,A,7,0.7,E,8,0.000,?,0,0.00,?,0,0,1,D,9,00,C,8
01/12/1988,04:00,0,0,0,1,0,0,1,0,0,1,0,0,1,0,0,1,0,0,1,0,0,1,0,10,A,7,10,A,7,1.1,A,7,-7.8,A,7,52,A,7,980,A,7,190,A,7,8.8,A,7,11300,B,7,3050,A,7,0.7,E,8,0.000,?,0,0.00,?,0,0,1,D,9,00,C,8
01/12/1988,05:00,0,0,0,1,0,0,1,0,0,1,0,0,1,0,0,1,0,0,1,0,0,1,0,10,A,7,10,A,7,2.2,A,7,-7.8,A,7,48,A,7,979,A,7,180,A,7,10.3,A,7,11300,B,7,3050,A,7,0.7,E,8,0.000,?,0,0.00,?,0,0,1,D,9,00,C,8
01/12/1988,06:00,0,0,0,1,0,0,1,0,0,1,0,0,1,0,0,1,0,0,1,0,0,1,0,10,A,7,10,A,7,2.8,A,7,-7.8,A,7,46,A,7,978,A,7,190,A,7,10.3,A,7,11300,B,7,3050,A,7,0.7,E,8,0.000,?,0,0.00,?,0,0,1,D,9,00,C,8
01/12/1988,07:00,0,0,0,1,0,0,1,0,0,1,0,0,1,0,0,1,0,0,1,0,0,1,0,10,A,7,10,A,7,2.2,A,7,-7.8,A,7,48,A,7,977,A,7,190,A,7,12.4,A,7,11300,B,7,3050,A,7,0.7,E,8,0.000,?,0,0.00,?,0,0,1,D,9,00,C,8
01/12/1988,08:00,0,0,0,1,0,0,1,0,0,1,0,0,1,0,0,1,0,0,1,0,0,1,0,10,A,7,10,A,7,2.2,A,7,-7.2,A,7,50,A,7,976,A,7,190,A,7,11.3,A,7,11300,B,7,3050,A,7,0.7,E,8,0.000,?,0,0.00,?,0,0,1,D,9,00,C,8
01/12/1988,09:00,75,1190,17,1,13,0,1,9,17,1,13,19,1,13,0,1,9,19,1,13,60,1,21,10,A,7,10,A,7,2.2,A,7,-7.8,A,7,48,A,7,976,A,7,180,A,7,10.3,A,7,11300,B,7,3050,A,7,0.7,E,8,0.000,F,8,0.00,?,0,0,1,D,9,00,C,8
01/12/1988,10:00,276,1414,79,1,13,20,1,9,76,1,13,87,1,13,16,1,9,84,1,13,187,1,21,9,A,7,9,A,7,2.2,A,7,-7.2,A,7,50,A,7,975,A,7,180,A,7,10.8,A,7,11300,B,7,3050,A,7,0.7,E,8,0.000,F,8,0.00,?,0,0,1,D,9,00,C,8
01/12/1988,11:00,442,1414,246,1,13,367,1,13,131,1,13,259,1,13,336,1,13,154,1,13,268,1,23,9,A,7,3,A,7,2.8,A,7,-7.2,A,7,48,A,7,975,A,7,200,A,7,9.8,A,7,16100,B,7,77777,A,7,0.7,E,8,0.000,F,8,0.00,?,0,0,1,D,9,00,C,8
01/12/1988,12:00,554,1414,240,1,9,115,1,9,194,1,13,262,1,9,111,1,9,218,1,13,515,1,18,10,A,7,8,A,7,3.9,A,7,-6.1,A,7,49,A,7,974,A,7,180,A,7,8.8,A,7,16100,B,7,3050,A,7,0.8,E,8,0.000,F,8,0.00,?,0,0,1,D,9,00,C,8
01/12/1988,13:00,605,1414,180,1,9,9,1,9,176,1,13,203,1,9,7,1,9,200,1,13,664,1,18,10,A,7,10,A,7,4.4,A,7,-4.4,A,7,53,A,7,973,A,7,200,A,7,12.4,A,7,16100,B,7,910,A,7,0.8,E,8,0.000,F,8,0.00,?,0,0,1,D,9,00,C,8
01/12/1988,14:00,591,1414,117,1,9,3,1,9,116,1,13,136,1,9,2,1,9,135,1,13,486,1,18,10,A,7,10,A,7,3.9,A,7,-3.9,A,7,57,A,7,972,A,7,190,A,7,10.8,A,7,16100,B,7,910,A,7,0.8,E,8,0.000,F,8,0.00,?,0,0,1,D,9,00,C,8
01/12/1988,15:00,512,1414,129,1,9,4,1,9,128,1,13,147,1,9,3,1,9,146,1,13,488,1,18,10,A,7,10,A,7,3.9,A,7,-1.1,A,7,70,A,7,972,A,7,220,A,7,10.3,A,7,16100,B,7,850,A,7,1.0,E,8,0.000,F,8,0.00,?,0,0,1,D,9,00,C,8
01/12/1988,16:00,374,1414,73,1,9,2,1,9,73,1,13,84,1,9,1,1,9,84,1,13,280,1,18,10,A,7,10,A,7,3.9,A,7,-1.7,A,7,67,A,7,972,A,7,220,A,7,11.8,A,7,11300,B,7,520,A,7,1.0,E,8,0.000,F,8,0.00,?,0,0,1,D,9,00,C,8
01/12/1988,17:00,188,1414,35,1,13,3,1,9,34,1,13,39,1,13,0,1,9,39,1,13,122,1,21,10,A,7,10,A,7,3.3,A,7,0.6,A,7,82,A,7,973,A,7,220,A,7,8.8,A,7,11300,B,7,490,A,7,1.1,E,8,0.000,F,8,0.00,?,0,0,1,D,9,00,C,8
01/12/1988,18:00,16,554,6,1,13,0,1,9,6,1,13,0,1,13,0,1,9,0,1,13,0,1,21,10,A,7,10,A,7,3.3,A,7,0.0,A,7,79,A,7,972,A,7,220,A,7,7.7,A,7,11300,B,7,520,A,7,1.0,E,8,0.000,F,8,0.00,?,0,0,1,D,9,00,C,8
01/12/1988,19:00,0,0,0,1,0,0,1,0,0,1,0,0,1,0,0,1,0,0,1,0,0,1,0,10,A,7,10,A,7,3.3,A,7,0.0,A,7,79,A,7,973,A,7,200,A,7,8.8,A,7,11300,B,7,520,A,7,1.0,E,8,0.000,?,0,0.00,?,0,0,1,D,9,00,C,8
01/12/1988,20:00,0,0,0,1,0,0,1,0,0,1,0,0,1,0,0,1,0,0,1,0,0,1,0,10,A,7,10,A,7,3.3,A,7,0.6,A,7,82,A,7,973,A,7,210,A,7,8.2,A,7,11300,B,7,700,A,7,1.1,E,8,0.000,?,0,0.00,?,0,0,1,D,9,00,C,8
01/12/1988,21:00,0,0,0,1,0,0,1,0,0,1,0,0,1,0,0,1,0,0,1,0,0,1,0,10,A,7,10,A,7,3.3,A,7,0.6,A,7,82,A,7,973,A,7,210,A,7,6.2,A,7,11300,B,7,520,A,7,1.1,E,8,0.000,?,0,0.00,?,0,0,1,D,9,00,C,8
01/12/1988,22:00,0,0,0,1,0,0,1,0,0,1,0,0,1,0,0,1,0,0,1,0,0,1,0,10,A,7,10,A,7,2.2,A,7,0.0,A,7,85,A,7,973,A,7,250,A,7,9.8,A,7,11300,B,7,520,A,7,1.0,E,8,0.000,?,0,0.00,?,0,0,1,D,9,00,C,8
01/12/1988,23:00,0,0,0,1,0,0,1,0,0,1,0,0,1,0,0,1,0,0,1,0,0,1,0,10,A,7,10,A,7,-0.6,A,7,-5.0,A,7,72,A,7,974,A,7,250,A,7,10.3,A,7,11300,B,7,850,A,7,0.8,E,8,0.000,?,0,0.00,?,0,0,1,D,9,80,C,8
01/12/1988,24:00,0,0,0,1,0,0,1,0,0,1,0,0,1,0,0,1,0,0,1,0,0,1,0,10,A,7,10,A,7,-2.8,A,7,-8.3,A,7,66,A,7,975,A,7,260,A,7,12.9,A,7,11300,B,7,700,A,7,0.7,E,8,0.000,?,0,0.00,?,0,0,1,D,9,85,C,8
01/13/1988,01:00,0,0,0,1,0,0,1,0,0,1,0,0,1,0,0,1,0,0,1,0,0,1,0,10,A,7,10,A,7,-4.4,A,7,-8.3,A,7,75,A,7,977,A,7,260,A,7,13.4,A,7,6400,B,7,580,A,7,0.7,E,8,0.000,?,0,0.00,?,0,0,1,D,9,00,C,8
01/13/1988,02:00,0,0,0,1,0,0,1,0,0,1,0,0,1,0,0,1,0,0,1,0,0,1,0,10,A,7,10,A,7,-5.6,A,7,-9.4,A,7,74,A,7,978,A,7,260,A,7,11.3,A,7,16100,B,7,580,A,7,0.6,E,8,0.000,?,0,0.00,?,0,0,1,D,9,85,C,8
01/13/1988,03:00,0,0,0,1,0,0,1,0,0,1,0,0,1,0,0,1,0,0,1,0,0,1,0,10,A,7,10,A,7,-5.6,A,7,-9.4,A,7,74,A,7,979,A,7,260,A,7,9.3,A,7,6400,B,7,580,A,7,0.6,E,8,0.000,?,0,0.00,?,0,0,1,D,9,85,C,8
01/13/1988,04:00,0,0,0,1,0,0,1,0,0,1,0,0,1,0,0,1,0,0,1,0,0,1,0,10,A,7,10,A,7,-4.4,A,7,-10.0,A,7,66,A,7,981,A,7,310,A,7,10.3,A,7,6400,B,7,580,A,7,0.6,E,8,0.000,?,0,0.00,?,0,0,1,D,9,85,C,8
01/13/1988,05:00,0,0,0,1,0,0,1,0,0,1,0,0,1,0,0,1,0,0,1,0,0,1,0,8,A,7,8,A,7,-6.7,A,7,-12.2,A,7,65,A,7,984,A,7,320,A,7,11.3,A,7,16100,B,7,580,A,7,0.5,E,8,0.000,?,0,0.00,?,0,0,1,D,9,85,C,8
01/13/1988,06:00,0,0,0,1,0,0,1,0,0,1,0,0,1,0,0,1,0,0,1,0,0,1,0,8,A,7,8,A,7,-7.2,A,7,-12.2,A,7,68,A,7,986,A,7,330,A,7,6.2,A,7,24100,B,7,640,A,7,0.5,E,8,0.000,?,0,0.00,?,0,0,1,D,9,85,C,8
01/13/1988,07:00,0,0,0,1,0,0,1,0,0,1,0,0,1,0,0,1,0,0,1,0,0,1,0,9,A,7,9,A,7,-7.2,A,7,-11.7,A,7,71,A,7,989,A,7,340,A,7,7.7,A,7,11300,B,7,640,A,7,0.6,E,8,0.000,?,0,0.00,?,0,0,1,D,9,85,C,8
01/13/1988,08:00,0,0,0,1,0,0,1,0,0,1,0,0,1,0,0,1,0,0,1,0,0,1,0,9,A,7,9,A,7,-7.8,A,7,-11.1,A,7,77,A,7,990,A,7,320,A,7,7.2,A,7,8000,B,7,640,A,7,0.6,E,8,0.000,?,0,0.00,?,0,0,1,D,9,85,C,8
01/13/1988,09:00,76,1190,23,1,13,6,1,9,23,1,13,26,1,13,0,1,9,26,1,13,75,1,21,8,A,7,8,A,7,-8.3,A,7,-14.4,A,7,62,A,7,992,A,7,310,A,7,9.3,A,7,11300,B,7,850,A,7,0.5,E,8,0.000,F,8,0.00,?,0,0,1,D,9,85,C,8
01/13/1988,10:00,278,1414,76,1,13,12,1,9,74,1,13,85,1,13,4,1,9,84,1,13,248,1,21,9,A,7,9,A,7,-8.3,A,7,-15.0,A,7,59,A,7,993,A,7,340,A,7,6.2,A,7,16100,B,7,850,A,7,0.5,E,8,0.000,F,8,0.00,?,0,0,1,D,9,00,C,8
01/13/1988,11:00,445,1414,110,1,9,13,1,9,106,1,13,125,1,9,8,1,9,122,1,13,398,1,18,10,A,7,9,A,7,-7.8,A,7,-15.0,A,7,57,A,7,994,A,7,340,A,7,5.7,A,7,16100,B,7,910,A,7,0.5,E,8,0.000,F,8,0.00,?,0,0,1,D,9,00,C,8
01/13/1988,12:00,557,1414,155,1,9,78,1,9,124,1,13,172,1,9,77,1,9,141,1,13,290,1,18,10,A,7,10,A,7,-7.2,A,7,-14.4,A,7,57,A,7,994,A,7,300,A,7,6.2,A,7,11300,B,7,910,A,7,0.5,E,8,0.000,F,8,0.00,?,0,0,1,D,9,00,C,8
01/13/1988,13:00,609,1414,130,1,9,10,1,9,126,1,13,151,1,9,7,1,9,148,1,13,526,1,18,10,A,7,10,A,7,-7.8,A,7,-10.0,A,7,84,A,7,994,A,7,280,A,7,5.2,A,7,1000,B,7,910,A,7,0.6,E,8,0.000,F,8,0.00,?,0,0,1,D,9,71,C,8
01/13/1988,14:00,594,1414,206,1,9,104,1,9,162,1,13,225,1,9,104,1,9,182,1,13,384,1,18,9,A,7,8,A,7,-7.8,A,7,-14.4,A,7,59,A,7,995,A,7,280,A,7,6.7,A,7,11300,B,7,910,A,7,0.5,E,8,0.000,F,8,0.00,?,0,0,1,D,9,85,C,8
01/13/1988,15:00,516,1414,228,1,13,118,1,13,185,1,13,250,1,13,113,1,13,208,1,13,477,1,23,8,A,7,7,A,7,-8.3,A,7,-15.0,A,7,59,A,7,995,A,7,290,A,7,7.7,A,7,16100,B,7,910,A,7,0.5,E,8,0.000,F,8,0.00,?,0,0,1,D,9,00,C,8
01/13/1988,16:00,379,1414,112,1,9,44,1,9,100,1,13,123,1,9,39,1,9,112,1,13,260,1,18,10,A,7,8,A,7,-8.3,A,7,-16.1,A,7,54,A,7,996,A,7,300,A,7,7.7,A,7,16100,B,7,910,A,7,0.5,E,8,0.000,F,8,0.00,?,0,0,1,D,9,00,C,8
01/13/1988,17:00,193,1414,60,1,13,50,1,9,54,1,13,67,1,13,36,1,9,62,1,13,127,1,21,8,A,7,8,A,7,-8.9,A,7,-15.0,A,7,62,A,7,997,A,7,300,A,7,6.7,A,7,16100,B,7,910,A,7,0.5,E,8,0.000,F,8,0.00,?,0,0,1,D,9,00,C,8
01/13/1988,18:00,18,601,7,1,13,4,1,9,7,1,13,0,1,13,0,1,9,0,1,13,0,1,21,8,A,7,8,A,7,-10.0,A,7,-17.2,A,7,56,A,7,998,A,7,300,A,7,5.2,A,7,16100,B,7,910,A,7,0.4,E,8,0.000,F,8,0.00,?,0,0,1,D,9,00,C,8
01/13/1988,19:00,0,0,0,1,0,0,1,0,0,1,0,0,1,0,0,1,0,0,1,0,0,1,0,3,A,7,3,A,7,-10.6,A,7,-16.1,A,7,64,A,7,999,A,7,300,A,7,4.1,A,7,16100,B,7,77777,A,7,0.4,E,8,0.000,?,0,0.00,?,0,0,1,D,9,00,C,8
01/13/1988,20:00,0,0,0,1,0,0,1,0,0,1,0,0,1,0,0,1,0,0,1,0,0,1,0,8,A,7,8,A,7,-10.6,A,7,-16.7,A,7,61,A,7,1000,A,7,340,A,7,5.2,A,7,16100,B,7,910,A,7,0.4,E,8,0.000,?,0,0.00,?,0,0,1,D,9,00,C,8
01/13/1988,21:00,0,0,0,1,0,0,1,0,0,1,0,0,1,0,0,1,0,0,1,0,0,1,0,3,A,7,3,A,7,-11.1,A,7,-16.7,A,7,64,A,7,1000,A,7,340,A,7,5.7,A,7,16100,B,7,77777,A,7,0.4,E,8,0.000,?,0,0.00,?,0,0,1,D,9,00,C,8
01/13/1988,22:00,0,0,0,1,0,0,1,0,0,1,0,0,1,0,0,1,0,0,1,0,0,1,0,1,A,7,1,A,7,-12.8,A,7,-16.7,A,7,73,A,7,1001,A,7,320,A,7,4.1,A,7,16100,B,7,77777,A,7,0.4,E,8,0.000,?,0,0.00,?,0,0,1,D,9,00,C,8
01/13/1988,23:00,0,0,0,1,0,0,1,0,0,1,0,0,1,0,0,1,0,0,1,0,0,1,0,0,A,7,0,A,7,-13.9,A,7,-17.8,A,7,73,A,7,1001,A,7,320,A,7,2.1,A,7,16100,B,7,77777,A,7,0.4,E,8,0.000,?,0,0.00,?,0,0,1,D,9,00,C,8
01/13/1988,24:00,0,0,0,1,0,0,1,0,0,1,0,0,1,0,0,1,0,0,1,0,0,1,0,0,A,7,0,A,7,-14.4,A,7,-17.2,A,7,80,A,7,1001,A,7,340,A,7,2.6,A,7,16100,B,7,77777,A,7,0.4,E,8,0.000,?,0,0.00,?,0,0,1,D,9,00,C,8
01/14/1988,01:00,0,0,0,1,0,0,1,0,0,1,0,0,1,0,0,1,0,0,1,0,0,1,0,0,A,7,0,A,7,-14.4,A,7,-17.8,A,7,76,A,7,1003,A,7,340,A,7,3.6,A,7,16100,B,7,77777,A,7,0.4,E,8,0.000,?,0,0.00,?,0,0,1,D,9,00,C,8
01/14/1988,02:00,0,0,0,1,0,0,1,0,0,1,0,0,1,0,0,1,0,0,1,0,0,1,0,0,A,7,0,A,7,-15.0,A,7,-17.8,A,7,80,A,7,1003,A,7,310,A,7,3.1,A,7,16100,B,7,77777,A,7,0.4,E,8,0.000,?,0,0.00,?,0,0,1,D,9,00,C,8
01/14/1988,03:00,0,0,0,1,0,0,1,0,0,1,0,0,1,0,0,1,0,0,1,0,0,1,0,0,A,7,0,A,7,-15.6,A,7,-18.3,A,7,80,A,7,1004,A,7,350,A,7,2.1,A,7,16100,B,7,77777,A,7,0.4,E,8,0.000,?,0,0.00,?,0,0,1,D,9,00,C,8
01/14/1988,04:00,0,0,0,1,0,0,1,0,0,1,0,0,1,0,0,1,0,0,1,0,0,1,0,0,A,7,0,A,7,-16.7,A,7,-17.8,A,7,91,A,7,1004,A,7,0,A,7,0.0,A,7,16100,B,7,77777,A,7,0.4,E,8,0.000,?,0,0.00,?,0,0,1,D,9,00,C,8
01/14/1988,05:00,0,0,0,1,0,0,1,0,0,1,0,0,1,0,0,1,0,0,1,0,0,1,0,0,A,7,0,A,7,-17.2,A,7,-18.9,A,7,87,A,7,1004,A,7,0,A,7,0.0,A,7,16100,B,7,77777,A,7,0.4,E,8,0.000,?,0,0.00,?,0,0,1,D,9,00,C,8
01/14/1988,06:00,0,0,0,1,0,0,1,0,0,1,0,0,1,0,0,1,0,0,1,0,0,1,0,0,A,7,0,A,7,-17.8,A,7,-20.0,A,7,83,A,7,1003,A,7,0,A,7,0.0,A,7,16100,B,7,77777,A,7,0.4,E,8,0.000,?,0,0.00,?,0,0,1,D,9,00,C,8
01/14/1988,07:00,0,0,0,1,0,0,1,0,0,1,0,0,1,0,0,1,0,0,1,0,0,1,0,0,A,7,0,A,7,-17.2,A,7,-19.4,A,7,83,A,7,1003,A,7,0,A,7,0.0,A,7,16100,B,7,77777,A,7,0.4,E,8,0.000,?,0,0.00,?,0,0,1,D,9,00,C,8
01/14/1988,08:00,0,0,0,1,0,0,1,0,0,1,0,0,1,0,0,1,0,0,1,0,0,1,0,1,A,7,0,A,7,-16.7,A,7,-19.4,A,7,79,A,7,1004,A,7,0,A,7,0.0,A,7,16100,B,7,77777,A,7,0.4,E,8,0.000,?,0,0.00,?,0,0,1,D,9,00,C,8
01/14/1988,09:00,77,1214,32,1,13,68,1,9,26,1,13,32,1,13,24,1,9,31,1,13,47,1,21,4,A,7,0,A,7,-15.0,A,7,-19.4,A,7,69,A,7,1004,A,7,160,A,7,1.5,A,7,16100,B,7,77777,A,7,0.4,E,8,0.000,F,8,0.00,?,0,0,1,D,9,00,C,8
01/14/1988,10:00,280,1414,141,1,13,226,1,13,96,1,13,146,1,13,168,1,13,112,1,13,196,1,23,10,A,7,3,A,7,-13.3,A,7,-20.0,A,7,58,A,7,1005,A,7,120,A,7,4.1,A,7,16100,B,7,77777,A,7,0.4,E,8,0.000,F,8,0.00,?,0,0,1,D,9,00,C,8
01/14/1988,11:00,447,1414,256,1,13,358,1,13,142,1,13,268,1,13,329,1,13,163,1,13,296,1,23,10,A,7,3,A,7,-11.7,A,7,-16.7,A,7,67,A,7,1005,A,7,170,A,7,5.2,A,7,16100,B,7,77777,A,7,0.4,E,8,0.000,F,8,0.00,?,0,0,1,D,9,00,C,8
01/14/1988,12:00,561,1414,326,1,13,297,1,13,208,1,13,340,1,13,292,1,13,223,1,13,467,1,23,10,A,7,4,A,7,-11.1,A,7,-18.3,A,7,56,A,7,1004,A,7,150,A,7,5.2,A,7,16100,B,7,77777,A,7,0.4,E,8,0.000,F,8,0.00,?,0,0,1,D,9,00,C,8
01/14/1988,13:00,612,1414,386,1,9,428,1,9,201,1,13,408,1,9,430,1,9,221,1,13,447,1,18,10,A,7,2,A,7,-10.6,A,7,-18.3,A,7,53,A,7,1003,A,7,210,A,7,5.7,A,7,24100,B,7,77777,A,7,0.4,E,8,0.000,F,8,0.00,?,0,0,1,D,9,00,C,8
01/14/1988,14:00,598,1414,248,1,13,203,1,13,163,1,13,273,1,13,203,1,13,187,1,13,387,1,23,10,A,7,6,A,7,-10.0,A,7,-18.9,A,7,49,A,7,1002,A,7,170,A,7,4.1,A,7,24100,B,7,7620,A,7,0.4,E,8,0.000,F,8,0.00,?,0,0,1,D,9,00,C,8
01/14/1988,15:00,520,1414,235,1,13,135,1,13,185,1,13,252,1,13,130,1,13,204,1,13,427,1,23,8,A,7,5,A,7,-9.4,A,7,-17.8,A,7,51,A,7,1001,A,7,190,A,7,5.2,A,7,24100,B,7,7620,A,7,0.4,E,8,0.000,F,8,0.00,?,0,0,1,D,9,00,C,8
01/14/1988,16:00,383,1414,163,1,13,200,1,13,109,1,13,172,1,13,173,1,13,125,1,13,217,1,23,8,A,7,6,A,7,-9.4,A,7,-17.8,A,7,51,A,7,1000,A,7,160,A,7,6.2,A,7,24100,B,7,7620,A,7,0.4,E,8,0.000,F,8,0.00,?,0,0,1,D,9,00,C,8
01/14/1988,17:00,197,1414,67,1,13,65,1,13,58,1,13,72,1,13,43,1,13,66,1,13,122,1,23,9,A,7,7,A,7,-9.4,A,7,-17.2,A,7,54,A,7,1000,A,7,180,A,7,6.2,A,7,24100,B,7,7620,A,7,0.4,E,8,0.000,F,8,0.00,?,0,0,1,D,9,00,C,8
01/14/1988,18:00,20,625,7,1,13,1,1,9,7,1,13,0,1,13,0,1,9,0,1,13,0,1,21,8,A,7,8,A,7,-10.0,A,7,-17.2,A,7,56,A,7,999,A,7,180,A,7,4.1,A,7,24100,B,7,7620,A,7,0.4,E,8,0.000,F,8,0.00,?,0,0,1,D,9,00,C,8
01/14/1988,19:00,0,0,0,1,0,0,1,0,0,1,0,0,1,0,0,1,0,0,1,0,0,1,0,6,A,7,4,A,7,-10.6,A,7,-16.7,A,7,61,A,7,999,A,7,180,A,7,4.1,A,7,24100,B,7,7620,A,7,0.4,E,8,0.000,?,0,0.00,?,0,0,1,D,9,00,C,8
01/14/1988,20:00,0,0,0,1,0,0,1,0,0,1,0,0,1,0,0,1,0,0,1,0,0,1,0,3,A,7,2,A,7,-10.6,A,7,-16.7,A,7,61,A,7,998,A,7,170,A,7,6.7,A,7,24100,B,7,77777,A,7,0.4,E,8,0.000,?,0,0.00,?,0,0,1,D,9,00,C,8
01/14/1988,21:00,0,0,0,1,0,0,1,0,0,1,0,0,1,0,0,1,0,0,1,0,0,1,0,10,A,7,10,A,7,-10.0,A,7,-15.6,A,7,64,A,7,996,A,7,180,A,7,6.2,A,7,24100,B,7,1520,A,7,0.5,E,8,0.000,?,0,0.00,?,0,0,1,D,9,00,C,8
01/14/1988,22:00,0,0,0,1,0,0,1,0,0,1,0,0,1,0,0,1,0,0,1,0,0,1,0,10,A,7,10,A,7,-10.0,A,7,-15.6,A,7,64,A,7,995,A,7,180,A,7,8.8,A,7,24100,B,7,2130,A,7,0.5,E,8,0.000,?,0,0.00,?,0,0,1,D,9,00,C,8
01/14/1988,23:00,0,0,0,1,0,0,1,0,0,1,0,0,1,0,0,1,0,0,1,0,0,1,0,10,A,7,10,A,7,-9.4,A,7,-15.0,A,7,64,A,7,994,A,7,170,A,7,6.2,A,7,24100,B,7,2130,A,7,0.5,E,8,0.000,?,0,0.00,?,0,0,1,D,9,85,C,8
01/14/1988,24:00,0,0,0,1,0,0,1,0,0,1,0,0,1,0,0,1,0,0,1,0,0,1,0,10,A,7,10,A,7,-8.9,A,7,-13.3,A,7,71,A,7,994,A,7,180,A,7,7.2,A,7,16100,B,7,2130,A,7,0.5,E,8,0.000,?,0,0.00,?,0,0,1,D,9,00,C,8
01/15/1988,01:00,0,0,0,1,0,0,1,0,0,1,0,0,1,0,0,1,0,0,1,0,0,1,0,10,A,7,10,A,7,-8.9,A,7,-11.7,A,7,81,A,7,993,A,7,190,A,7,7.2,A,7,4800,B,7,460,A,7,0.6,E,8,0.000,?,0,0.00,?,0,0,1,D,9,85,C,8
01/15/1988,02:00,0,0,0,1,0,0,1,0,0,1,0,0,1,0,0,1,0,0,1,0,0,1,0,10,A,7,10,A,7,-8.3,A,7,-11.1,A,7,81,A,7,991,A,7,180,A,7,9.3,A,7,3200,B,7,310,A,7,0.6,E,8,0.000,?,0,0.00,?,0,0,1,D,9,71,C,8
01/15/1988,03:00,0,0,0,1,0,0,1,0,0,1,0,0,1,0,0,1,0,0,1,0,0,1,0,10,A,7,10,A,7,-7.8,A,7,-11.1,A,7,77,A,7,991,A,7,190,A,7,8.8,A,7,6400,B,7,310,A,7,0.6,E,8,0.000,?,0,0.00,?,0,0,1,D,9,71,C,8
01/15/1988,04:00,0,0,0,1,0,0,1,0,0,1,0,0,1,0,0,1,0,0,1,0,0,1,0,10,A,7,10,A,7,-7.8,A,7,-10.6,A,7,81,A,7,990,A,7,190,A,7,9.3,A,7,4800,B,7,310,A,7,0.6,E,8,0.000,?,0,0.00,?,0,0,1,D,9,71,C,8
01/15/1988,05:00,0,0,0,1,0,0,1,0,0,1,0,0,1,0,0,1,0,0,1,0,0,1,0,10,A,7,10,A,7,-7.2,A,7,-10.0,A,7,81,A,7,990,A,7,210,A,7,6.7,A,7,4800,B,7,670,A,7,0.6,E,8,0.000,?,0,0.00,?,0,0,1,D,9,71,C,8
01/15/1988,06:00,0,0,0,1,0,0,1,0,0,1,0,0,1,0,0,1,0,0,1,0,0,1,0,10,A,7,10,A,7,-7.2,A,7,-10.0,A,7,81,A,7,990,A,7,210,A,7,6.2,A,7,11300,B,7,1370,A,7,0.6,E,8,0.000,?,0,0.00,?,0,0,1,D,9,71,C,8
01/15/1988,07:00,0,0,0,1,0,0,1,0,0,1,0,0,1,0,0,1,0,0,1,0,0,1,0,10,A,7,10,A,7,-7.2,A,7,-10.0,A,7,81,A,7,989,A,7,190,A,7,6.2,A,7,16100,B,7,3050,A,7,0.6,E,8,0.000,?,0,0.00,?,0,0,1,D,9,00,C,8
01/15/1988,08:00,0,0,0,1,0,0,1,0,0,1,0,0,1,0,0,1,0,0,1,0,0,1,0,10,A,7,9,A,7,-6.7,A,7,-10.6,A,7,74,A,7,989,A,7,200,A,7,6.7,A,7,16100,B,7,7620,A,7,0.6,E,8,0.000,?,0,0.00,?,0,0,1,D,9,00,C,8
01/15/1988,09:00,79,1214,39,1,13,219,1,9,21,1,13,37,1,13,102,1,9,30,1,13,37,1,21,3,A,7,2,A,7,-6.7,A,7,-10.6,A,7,74,A,7,989,A,7,190,A,7,5.7,A,7,24100,B,7,77777,A,7,0.6,E,8,0.000,F,8,0.00,?,0,0,1,D,9,00,C,8
01/15/1988,10:00,283,1414,169,1,13,680,1,9,32,1,13,178,1,13,554,1,9,67,1,13,72,1,21,0,A,7,0,A,7,-5.6,A,7,-10.0,A,7,71,A,7,989,A,7,190,A,7,6.2,A,7,24100,B,7,77777,A,7,0.6,E,8,0.000,F,8,0.00,?,0,0,1,D,9,00,C,8
01/15/1988,11:00,450,1414,305,1,9,820,1,9,43,1,13,322,1,9,747,1,9,83,1,13,102,1,18,0,A,7,0,A,7,-4.4,A,7,-10.0,A,7,66,A,7,989,A,7,200,A,7,8.8,A,7,24100,B,7,77777,A,7,0.6,E,8,0.000,F,8,0.00,?,0,0,1,D,9,00,C,8
01/15/1988,12:00,564,1414,404,1,9,884,1,9,51,1,13,427,1,9,838,1,9,91,1,13,122,1,18,0,A,7,0,A,7,-3.3,A,7,-10.0,A,7,60,A,7,988,A,7,200,A,7,8.8,A,7,24100,B,7,77777,A,7,0.6,E,8,0.000,F,8,0.00,?,0,0,1,D,9,00,C,8
01/15/1988,13:00,616,1414,446,1,9,898,1,9,54,1,13,471,1,9,862,1,9,93,1,13,130,1,18,0,A,7,0,A,7,-2.2,A,7,-9.4,A,7,58,A,7,987,A,7,190,A,7,9.3,A,7,24100,B,7,77777,A,7,0.6,E,8,0.000,F,8,0.00,?,0,0,1,D,9,00,C,8
01/15/1988,14:00,603,1414,436,1,9,899,1,9,53,1,13,461,1,9,860,1,9,93,1,13,128,1,18,0,A,7,0,A,7,-1.7,A,7,-9.4,A,7,56,A,7,986,A,7,200,A,7,8.2,A,7,24100,B,7,77777,A,7,0.6,E,8,0.000,F,8,0.00,?,0,0,1,D,9,00,C,8
01/15/1988,15:00,525,1414,366,1,9,859,1,9,48,1,13,388,1,9,805,1,9,88,1,13,115,1,18,0,A,7,0,A,7,-0.6,A,7,-8.9,A,7,54,A,7,985,A,7,210,A,7,7.7,A,7,24100,B,7,77777,A,7,0.6,E,8,0.000,F,8,0.00,?,0,0,1,D,9,00,C,8
01/15/1988,16:00,388,1414,248,1,9,748,1,9,44,1,13,263,1,9,659,1,9,81,1,13,94,1,18,2,A,7,0,A,7,0.0,A,7,-8.9,A,7,52,A,7,986,A,7,190,A,7,7.7,A,7,24100,B,7,77777,A,7,0.6,E,8,0.000,F,8,0.00,?,0,0,1,D,9,00,C,8
01/15/1988,17:00,202,1414,95,1,13,369,1,9,43,1,13,97,1,13,242,1,9,62,1,13,75,1,21,6,A,7,1,A,7,0.0,A,7,-8.3,A,7,54,A,7,985,A,7,180,A,7,5.2,A,7,24100,B,7,77777,A,7,0.7,E,8,0.000,F,8,0.00,?,0,0,1,D,9,00,C,8
01/15/1988,18:00,22,648,16,1,13,55,1,9,11,1,13,0,1,13,0,1,9,0,1,13,0,1,21,6,A,7,2,A,7,-1.1,A,7,-8.9,A,7,56,A,7,986,A,7,200,A,7,4.1,A,7,24100,B,7,77777,A,7,0.6,E,8,0.000,F,8,0.00,?,0,0,1,D,9,00,C,8
01/15/1988,19:00,0,0,0,1,0,0,1,0,0,1,0,0,1,0,0,1,0,0,1,0,0,1,0,6,A,7,2,A,7,-1.1,A,7,-8.3,A,7,58,A,7,985,A,7,190,A,7,5.2,A,7,24100,B,7,77777,A,7,0.7,E,8,0.000,?,0,0.00,?,0,0,1,D,9,00,C,8
01/15/1988,20:00,0,0,0,1,0,0,1,0,0,1,0,0,1,0,0,1,0,0,1,0,0,1,0,6,A,7,2,A,7,-1.1,A,7,-8.3,A,7,58,A,7,985,A,7,160,A,7,5.2,A,7,24100,B,7,77777,A,7,0.7,E,8,0.000,?,0,0.00,?,0,0,1,D,9,00,C,8
01/15/1988,21:00,0,0,0,1,0,0,1,0,0,1,0,0,1,0,0,1,0,0,1,0,0,1,0,6,A,7,2,A,7,-1.1,A,7,-9.4,A,7,54,A,7,985,A,7,180,A,7,6.2,A,7,24100,B,7,77777,A,7,0.6,E,8,0.000,?,0,0.00,?,0,0,1,D,9,00,C,8
01/15/1988,22:00,0,0,0,1,0,0,1,0,0,1,0,0,1,0,0,1,0,0,1,0,0,1,0,6,A,7,1,A,7,-0.6,A,7,-10.0,A,7,49,A,7,985,A,7,180,A,7,6.2,A,7,24100,B,7,77777,A,7,0.6,E,8,0.000,?,0,0.00,?,0,0,1,D,9,00,C,8
01/15/1988,23:00,0,0,0,1,0,0,1,0,0,1,0,0,1,0,0,1,0,0,1,0,0,1,0,6,A,7,1,A,7,0.0,A,7,-9.4,A,7,50,A,7,985,A,7,180,A,7,5.7,A,7,24100,B,7,77777,A,7,0.6,E,8,0.000,?,0,0.00,?,0,0,1,D,9,00,C,8
01/15/1988,24:00,0,0,0,1,0,0,1,0,0,1,0,0,1,0,0,1,0,0,1,0,0,1,0,7,A,7,3,A,7,0.6,A,7,-7.8,A,7,54,A,7,984,A,7,190,A,7,7.2,A,7,24100,B,7,77777,A,7,0.7,E,8,0.000,?,0,0.00,?,0,0,1,D,9,00,C,8
01/16/1988,01:00,0,0,0,1,0,0,1,0,0,1,0,0,1,0,0,1,0,0,1,0,0,1,0,8,A,7,6,A,7,0.0,A,7,-7.8,A,7,56,A,7,984,A,7,190,A,7,7.2,A,7,24100,B,7,7620,A,7,0.7,E,8,0.000,?,0,0.00,?,0,0,1,D,9,00,C,8
01/16/1988,02:00,0,0,0,1,0,0,1,0,0,1,0,0,1,0,0,1,0,0,1,0,0,1,0,8,A,7,6,A,7,-0.6,A,7,-7.2,A,7,61,A,7,984,A,7,180,A,7,6.7,A,7,24100,B,7,7620,A,7,0.7,E,8,0.000,?,0,0.00,?,0,0,1,D,9,00,C,8
01/16/1988,03:00,0,0,0,1,0,0,1,0,0,1,0,0,1,0,0,1,0,0,1,0,0,1,0,8,A,7,6,A,7,-0.6,A,7,-7.2,A,7,61,A,7,983,A,7,190,A,7,6.7,A,7,24100,B,7,7620,A,7,0.7,E,8,0.000,?,0,0.00,?,0,0,1,D,9,00,C,8
01/16/1988,04:00,0,0,0,1,0,0,1,0,0,1,0,0,1,0,0,1,0,0,1,0,0,1,0,8,A,7,6,A,7,0.0,A,7,-7.2,A,7,59,A,7,983,A,7,190,A,7,7.2,A,7,24100,B,7,7620,A,7,0.7,E,8,0.000,?,0,0.00,?,0,0,1,D,9,00,C,8
01/16/1988,05:00,0,0,0,1,0,0,1,0,0,1,0,0,1,0,0,1,0,0,1,0,0,1,0,8,A,7,5,A,7,0.0,A,7,-6.7,A,7,61,A,7,982,A,7,190,A,7,7.7,A,7,24100,B,7,7620,A,7,0.7,E,8,0.000,?,0,0.00,?,0,0,1,D,9,00,C,8
01/16/1988,06:00,0,0,0,1,0,0,1,0,0,1,0,0,1,0,0,1,0,0,1,0,0,1,0,8,A,7,5,A,7,0.6,A,7,-7.2,A,7,56,A,7,982,A,7,190,A,7,7.7,A,7,24100,B,7,7620,A,7,0.7,E,8,0.000,?,0,0.00,?,0,0,1,D,9,00,C,8
01/16/1988,07:00,0,0,0,1,0,0,1,0,0,1,0,0,1,0,0,1,0,0,1,0,0,1,0,8,A,7,5,A,7,0.0,A,7,-6.7,A,7,61,A,7,982,A,7,200,A,7,7.7,A,7,24100,B,7,7620,A,7,0.7,E,8,0.000,?,0,0.00,?,0,0,1,D,9,00,C,8
01/16/1988,08:00,0,0,0,1,0,0,1,0,0,1,0,0,1,0,0,1,0,0,1,0,0,1,0,7,A,7,3,A,7,1.1,A,7,-6.7,A,7,57,A,7,982,A,7,190,A,7,8.2,A,7,24100,B,7,77777,A,7,0.7,E,8,0.000,?,0,0.00,?,0,0,1,D,9,00,C,8
01/16/1988,09:00,81,1237,35,1,13,67,1,13,30,1,13,38,1,13,30,1,13,35,1,13,62,1,23,10,A,7,3,A,7,1.1,A,7,-6.7,A,7,57,A,7,982,A,7,180,A,7,8.8,A,7,24100,B,7,77777,A,7,0.7,E,8,0.000,F,8,0.00,?,0,0,1,D,9,00,C,8
01/16/1988,10:00,285,1414,145,1,13,367,1,13,70,1,13,149,1,13,276,1,13,93,1,13,128,1,23,10,A,7,3,A,7,2.2,A,7,-6.7,A,7,52,A,7,981,A,7,180,A,7,8.8,A,7,24100,B,7,77777,A,7,0.7,E,8,0.000,F,8,0.00,?,0,0,1,D,9,00,C,8
01/16/1988,11:00,453,1414,265,1,13,436,1,13,125,1,13,273,1,13,393,1,13,147,1,13,241,1,23,10,A,7,3,A,7,3.3,A,7,-6.1,A,7,50,A,7,981,A,7,190,A,7,10.8,A,7,24100,B,7,77777,A,7,0.7,E,8,0.000,F,8,0.00,?,0,0,1,D,9,00,C,8
01/16/1988,12:00,567,1414,366,1,9,532,1,9,151,1,13,379,1,9,510,1,9,174,1,13,300,1,18,10,A,7,2,A,7,5.6,A,7,-5.0,A,7,47,A,7,980,A,7,190,A,7,10.3,A,7,24100,B,7,77777,A,7,0.8,E,8,0.000,F,8,0.00,?,0,0,1,D,9,00,C,8
01/16/1988,13:00,620,1414,408,1,9,678,1,9,111,1,13,426,1,9,653,1,9,138,1,13,222,1,18,7,A,7,1,A,7,6.1,A,7,-5.0,A,7,45,A,7,978,A,7,180,A,7,11.3,A,7,24100,B,7,77777,A,7,0.8,E,8,0.000,F,8,0.00,?,0,0,1,D,9,00,C,8
01/16/1988,14:00,607,1414,404,1,9,696,1,9,105,1,13,422,1,9,669,1,9,133,1,13,210,1,18,6,A,7,1,A,7,7.2,A,7,-4.4,A,7,44,A,7,978,A,7,180,A,7,11.3,A,7,24100,B,7,77777,A,7,0.8,E,8,0.000,F,8,0.00,?,0,0,1,D,9,00,C,8
01/16/1988,15:00,529,1414,309,1,9,526,1,9,113,1,13,330,1,9,497,1,9,143,1,13,216,1,18,6,A,7,2,A,7,7.8,A,7,-3.3,A,7,46,A,7,977,A,7,200,A,7,10.8,A,7,24100,B,7,77777,A,7,0.9,E,8,0.000,F,8,0.00,?,0,0,1,D,9,00,C,8
01/16/1988,16:00,393,1414,224,1,9,577,1,9,64,1,13,233,1,9,499,1,9,94,1,13,120,1,18,3,A,7,1,A,7,7.8,A,7,-2.8,A,7,48,A,7,978,A,7,200,A,7,11.3,A,7,24100,B,7,77777,A,7,0.9,E,8,0.000,F,8,0.00,?,0,0,1,D,9,00,C,8
01/16/1988,17:00,207,1414,65,1,13,39,1,9,60,1,13,72,1,13,29,1,9,68,1,13,141,1,21,10,A,7,8,A,7,7.2,A,7,-2.8,A,7,49,A,7,978,A,7,200,A,7,8.2,A,7,24100,B,7,760,A,7,0.9,E,8,0.000,F,8,0.00,?,0,0,1,D,9,00,C,8
01/16/1988,18:00,24,672,1,1,13,0,1,9,1,1,13,0,1,13,0,1,9,0,1,13,0,1,21,10,A,7,10,A,7,6.1,A,7,-2.8,A,7,53,A,7,979,A,7,190,A,7,6.7,A,7,24100,B,7,760,A,7,0.9,E,8,0.000,F,8,0.00,?,0,0,1,D,9,00,C,8
01/16/1988,19:00,0,0,0,1,0,0,1,0,0,1,0,0,1,0,0,1,0,0,1,0,0,1,0,10,A,7,10,A,7,7.2,A,7,-1.7,A,7,54,A,7,979,A,7,200,A,7,8.8,A,7,24100,B,7,760,A,7,1.0,E,8,0.000,?,0,0.00,?,0,0,1,D,9,00,C,8
01/16/1988,20:00,0,0,0,1,0,0,1,0,0,1,0,0,1,0,0,1,0,0,1,0,0,1,0,10,A,7,10,A,7,7.2,A,7,-1.7,A,7,54,A,7,979,A,7,210,A,7,10.3,A,7,24100,B,7,760,A,7,1.0,E,8,0.000,?,0,0.00,?,0,0,1,D,9,00,C,8
01/16/1988,21:00,0,0,0,1,0,0,1,0,0,1,0,0,1,0,0,1,0,0,1,0,0,1,0,10,A,7,10,A,7,7.2,A,7,1.1,A,7,66,A,7,979,A,7,200,A,7,10.3,A,7,16100,B,7,980,A,7,1.1,E,8,0.000,?,0,0.00,?,0,0,1,D,9,00,C,8
01/16/1988,22:00,0,0,0,1,0,0,1,0,0,1,0,0,1,0,0,1,0,0,1,0,0,1,0,10,A,7,10,A,7,6.7,A,7,0.6,A,7,65,A,7,980,A,7,200,A,7,9.8,A,7,16100,B,7,580,A,7,1.1,E,8,0.000,?,0,0.00,?,0,0,1,D,9,00,C,8
01/16/1988,23:00,0,0,0,1,0,0,1,0,0,1,0,0,1,0,0,1,0,0,1,0,0,1,0,10,A,7,10,A,7,6.1,A,7,1.7,A,7,74,A,7,980,A,7,220,A,7,9.8,A,7,16100,B,7,580,A,7,1.2,E,8,0.000,?,0,0.00,?,0,0,1,D,9,00,C,8
01/16/1988,24:00,0,0,0,1,0,0,1,0,0,1,0,0,1,0,0,1,0,0,1,0,0,1,0,10,A,7,10,A,7,6.1,A,7,1.7,A,7,74,A,7,981,A,7,200,A,7,7.7,A,7,16100,B,7,580,A,7,1.2,E,8,0.000,?,0,0.00,?,0,0,1,D,9,00,C,8
01/17/1988,01:00,0,0,0,1,0,0,1,0,0,1,0,0,1,0,0,1,0,0,1,0,0,1,0,10,A,7,10,A,7,5.6,A,7,1.7,A,7,76,A,7,981,A,7,210,A,7,7.2,A,7,16100,B,7,580,A,7,1.2,E,8,0.000,?,0,0.00,?,0,0,1,D,9,00,C,8
01/17/1988,02:00,0,0,0,1,0,0,1,0,0,1,0,0,1,0,0,1,0,0,1,0,0,1,0,10,A,7,10,A,7,5.6,A,7,1.7,A,7,76,A,7,981,A,7,200,A,7,7.2,A,7,16100,B,7,520,A,7,1.2,E,8,0.000,?,0,0.00,?,0,0,1,D,9,00,C,8
01/17/1988,03:00,0,0,0,1,0,0,1,0,0,1,0,0,1,0,0,1,0,0,1,0,0,1,0,10,A,7,10,A,7,5.6,A,7,2.8,A,7,83,A,7,982,A,7,210,A,7,6.7,A,7,8000,B,7,340,A,7,1.3,E,8,0.000,?,0,0.00,?,0,0,1,D,9,00,C,8
01/17/1988,04:00,0,0,0,1,0,0,1,0,0,1,0,0,1,0,0,1,0,0,1,0,0,1,0,10,A,7,10,A,7,5.0,A,7,3.3,A,7,89,A,7,983,A,7,200,A,7,7.2,A,7,4800,B,7,210,A,7,1.3,E,8,0.000,?,0,0.00,?,0,0,1,D,9,45,C,8
01/17/1988,05:00,0,0,0,1,0,0,1,0,0,1,0,0,1,0,0,1,0,0,1,0,0,1,0,10,A,7,10,A,7,4.4,A,7,3.3,A,7,93,A,7,983,A,7,220,A,7,5.2,A,7,4000,B,7,150,A,7,1.3,E,8,0.000,?,0,0.00,?,0,0,1,D,9,45,C,8
01/17/1988,06:00,0,0,0,1,0,0,1,0,0,1,0,0,1,0,0,1,0,0,1,0,0,1,0,10,A,7,10,A,7,3.9,A,7,3.3,A,7,96,A,7,983,A,7,210,A,7,4.6,A,7,4000,B,7,120,A,7,1.3,E,8,0.000,?,0,0.00,?,0,0,1,D,9,45,C,8
01/17/1988,07:00,0,0,0,1,0,0,1,0,0,1,0,0,1,0,0,1,0,0,1,0,0,1,0,10,A,7,10,A,7,3.9,A,7,3.3,A,7,96,A,7,984,A,7,200,A,7,4.1,A,7,4800,B,7,120,A,7,1.3,E,8,0.000,?,0,0.00,?,0,0,1,D,9,45,C,8
01/17/1988,08:00,0,0,0,1,0,0,1,0,0,1,0,0,1,0,0,1,0,0,1,0,0,1,0,10,A,7,10,A,7,3.3,A,7,2.8,A,7,96,A,7,984,A,7,200,A,7,4.1,A,7,2400,B,7,120,A,7,1.2,E,8,0.000,?,0,0.00,?,0,0,1,D,9,45,C,8
01/17/1988,09:00,83,1237,7,1,13,1,1,9,7,1,13,9,1,13,0,1,9,9,1,13,28,1,21,10,A,7,10,A,7,3.3,A,7,2.8,A,7,96,A,7,984,A,7,180,A,7,4.1,A,7,2400,B,7,120,A,7,1.2,E,8,0.000,F,8,0.00,?,0,3,1,D,9,45,C,8
01/17/1988,10:00,288,1414,45,1,13,4,1,9,44,1,13,52,1,13,1,1,9,52,1,13,171,1,21,10,A,7,10,A,7,3.9,A,7,2.8,A,7,93,A,7,983,A,7,210,A,7,2.6,A,7,2400,B,7,120,A,7,1.3,E,8,0.000,F,8,0.00,?,0,3,1,D,9,45,C,8
01/17/1988,11:00,456,1414,88,1,9,1,1,9,88,1,13,102,1,9,1,1,9,102,1,13,351,1,18,10,A,7,10,A,7,3.9,A,7,3.3,A,7,96,A,7,983,A,7,170,A,7,3.1,A,7,2400,B,7,120,A,7,1.3,E,8,0.000,F,8,0.00,?,0,5,1,D,9,45,C,8
01/17/1988,12:00,571,1414,112,1,9,1,1,9,112,1,13,130,1,9,1,1,9,130,1,13,466,1,18,10,A,7,10,A,7,3.9,A,7,3.3,A,7,96,A,7,983,A,7,180,A,7,3.6,A,7,2400,B,7,120,A,7,1.3,E,8,0.000,F,8,0.00,?,0,10,1,D,9,45,C,8
01/17/1988,13:00,624,1414,111,1,9,7,1,9,108,1,13,131,1,9,5,1,9,129,1,13,471,1,18,10,A,7,10,A,7,3.9,A,7,3.3,A,7,96,A,7,982,A,7,150,A,7,4.1,A,7,2400,B,7,120,A,7,1.3,E,8,0.000,F,8,0.00,?,0,5,1,D,9,45,C,8
01/17/1988,14:00,611,1414,122,1,9,3,1,9,121,1,13,142,1,9,2,1,9,141,1,13,511,1,18,10,A,7,10,A,7,3.9,A,7,2.8,A,7,93,A,7,981,A,7,180,A,7,3.6,A,7,2400,B,7,120,A,7,1.3,E,8,0.000,F,8,0.00,?,0,13,1,D,9,45,C,8
01/17/1988,15:00,534,1414,97,1,9,2,1,9,96,1,13,113,1,9,1,1,9,112,1,13,401,1,18,10,A,7,10,A,7,3.9,A,7,2.8,A,7,93,A,7,979,A,7,110,A,7,2.6,A,7,4800,B,7,180,A,7,1.3,E,8,0.000,F,8,0.00,?,0,13,1,D,9,45,C,8
01/17/1988,16:00,397,1414,68,1,9,2,1,9,67,1,13,78,1,9,1,1,9,78,1,13,268,1,18,10,A,7,10,A,7,3.3,A,7,2.8,A,7,96,A,7,979,A,7,120,A,7,2.6,A,7,3200,B,7,120,A,7,1.2,E,8,0.000,F,8,0.00,?,0,13,1,D,9,45,C,8
01/17/1988,17:00,212,1414,37,1,13,0,1,9,37,1,13,42,1,13,0,1,9,42,1,13,135,1,21,10,A,7,10,A,7,3.3,A,7,2.8,A,7,96,A,7,979,A,7,120,A,7,2.6,A,7,3200,B,7,120,A,7,1.2,E,8,0.000,F,8,0.00,?,0,15,1,D,9,45,C,8
01/17/1988,18:00,26,695,6,1,13,0,1,9,6,1,13,0,1,13,0,1,9,0,1,13,0,1,21,10,A,7,10,A,7,2.8,A,7,2.2,A,7,96,A,7,978,A,7,130,A,7,3.6,A,7,3200,B,7,150,A,7,1.2,E,8,0.000,F,8,0.00,?,0,18,1,D,9,45,C,8
01/17/1988,19:00,0,0,0,1,0,0,1,0,0,1,0,0,1,0,0,1,0,0,1,0,0,1,0,10,A,7,10,A,7,2.2,A,7,1.7,A,7,96,A,7,977,A,7,80,A,7,3.1,A,7,3200,B,7,90,A,7,1.2,E,8,0.000,?,0,0.00,?,0,20,1,D,9,45,C,8
01/17/1988,20:00,0,0,0,1,0,0,1,0,0,1,0,0,1,0,0,1,0,0,1,0,0,1,0,10,A,7,10,A,7,2.2,A,7,1.7,A,7,96,A,7,977,A,7,80,A,7,2.6,A,7,3200,B,7,90,A,7,1.2,E,8,0.000,?,0,0.00,?,0,10,1,D,9,45,C,8
01/17/1988,21:00,0,0,0,1,0,0,1,0,0,1,0,0,1,0,0,1,0,0,1,0,0,1,0,10,A,7,10,A,7,2.2,A,7,1.7,A,7,96,A,7,976,A,7,60,A,7,2.1,A,7,3200,B,7,90,A,7,1.2,E,8,0.000,?,0,0.00,?,0,20,1,D,9,45,C,8
01/17/1988,22:00,0,0,0,1,0,0,1,0,0,1,0,0,1,0,0,1,0,0,1,0,0,1,0,10,A,7,10,A,7,2.2,A,7,1.7,A,7,96,A,7,976,A,7,200,A,7,2.1,A,7,6400,B,7,210,A,7,1.2,E,8,0.000,?,0,0.00,?,0,0,1,D,9,45,C,8
01/17/1988,23:00,0,0,0,1,0,0,1,0,0,1,0,0,1,0,0,1,0,0,1,0,0,1,0,10,A,7,10,A,7,1.7,A,7,1.1,A,7,96,A,7,975,A,7,0,A,7,0.0,A,7,6400,B,7,240,A,7,1.1,E,8,0.000,?,0,0.00,?,0,0,1,D,9,45,C,8
01/17/1988,24:00,0,0,0,1,0,0,1,0,0,1,0,0,1,0,0,1,0,0,1,0,0,1,0,10,A,7,10,A,7,1.7,A,7,1.1,A,7,96,A,7,976,A,7,230,A,7,2.1,A,7,6400,B,7,210,A,7,1.1,E,8,0.000,?,0,0.00,?,0,3,1,D,9,45,C,8
01/18/1988,01:00,0,0,0,1,0,0,1,0,0,1,0,0,1,0,0,1,0,0,1,0,0,1,0,10,A,7,10,A,7,1.7,A,7,1.1,A,7,96,A,7,976,A,7,230,A,7,3.1,A,7,4800,B,7,150,A,7,1.1,E,8,0.000,?,0,0.00,?,0,3,1,D,9,45,C,8
01/18/1988,02:00,0,0,0,1,0,0,1,0,0,1,0,0,1,0,0,1,0,0,1,0,0,1,0,10,A,7,10,A,7,1.1,A,7,1.1,A,7,100,A,7,976,A,7,250,A,7,3.1,A,7,3200,B,7,90,A,7,1.1,E,8,0.000,?,0,0.00,?,0,3,1,D,9,45,C,8
01/18/1988,03:00,0,0,0,1,0,0,1,0,0,1,0,0,1,0,0,1,0,0,1,0,0,1,0,10,A,7,10,A,7,1.1,A,7,0.6,A,7,96,A,7,976,A,7,270,A,7,3.6,A,7,3200,B,7,60,A,7,1.1,E,8,0.000,?,0,0.00,?,0,0,1,D,9,45,C,8
01/18/1988,04:00,0,0,0,1,0,0,1,0,0,1,0,0,1,0,0,1,0,0,1,0,0,1,0,10,A,7,10,A,7,0.6,A,7,0.0,A,7,96,A,7,977,A,7,290,A,7,3.6,A,7,1600,B,7,60,A,7,1.1,E,8,0.000,?,0,0.00,?,0,3,1,D,9,45,C,8
01/18/1988,05:00,0,0,0,1,0,0,1,0,0,1,0,0,1,0,0,1,0,0,1,0,0,1,0,10,A,7,10,A,7,0.6,A,7,0.0,A,7,96,A,7,977,A,7,300,A,7,4.6,A,7,2000,B,7,60,A,7,1.1,E,8,0.000,?,0,0.00,?,0,8,1,D,9,71,C,8
01/18/1988,06:00,0,0,0,1,0,0,1,0,0,1,0,0,1,0,0,1,0,0,1,0,0,1,0,10,A,7,10,A,7,0.6,A,7,0.0,A,7,96,A,7,979,A,7,320,A,7,6.7,A,7,2400,B,7,90,A,7,1.1,E,8,0.000,?,0,0.00,?,0,3,1,D,9,71,C,8
01/18/1988,07:00,0,0,0,1,0,0,1,0,0,1,0,0,1,0,0,1,0,0,1,0,0,1,0,10,A,7,10,A,7,1.1,A,7,0.0,A,7,92,A,7,980,A,7,310,A,7,5.7,A,7,4800,B,7,90,A,7,1.1,E,8,0.000,?,0,0.00,?,0,5,1,D,9,71,C,8
01/18/1988,08:00,0,0,0,1,0,0,1,0,0,1,0,0,1,0,0,1,0,0,1,0,0,1,0,8,A,7,8,A,7,1.1,A,7,0.6,A,7,96,A,7,981,A,7,340,A,7,4.1,A,7,11300,B,7,460,A,7,1.1,E,8,0.000,?,0,0.00,?,0,0,1,D,9,71,C,8
01/18/1988,09:00,85,1260,24,1,13,12,1,9,23,1,13,26,1,13,7,1,9,26,1,13,55,1,21,9,A,7,9,A,7,1.1,A,7,0.0,A,7,92,A,7,983,A,7,300,A,7,4.6,A,7,11300,B,7,460,A,7,1.1,E,8,0.000,F,8,0.00,?,0,0,1,D,9,00,C,8
01/18/1988,10:00,291,1413,98,1,13,97,1,9,78,1,13,107,1,13,77,1,9,91,1,13,168,1,21,8,A,7,8,A,7,1.7,A,7,0.0,A,7,89,A,7,984,A,7,300,A,7,4.1,A,7,11300,B,7,610,A,7,1.1,E,8,0.000,F,8,0.00,?,0,0,1,D,9,00,C,8
01/18/1988,11:00,460,1413,173,1,9,99,1,9,141,1,13,188,1,9,92,1,9,157,1,13,319,1,18,8,A,7,8,A,7,2.2,A,7,0.6,A,7,89,A,7,986,A,7,300,A,7,5.7,A,7,11300,B,7,180,A,7,1.1,E,8,0.000,F,8,0.00,?,0,0,1,D,9,00,C,8
01/18/1988,12:00,575,1413,292,1,13,305,1,13,168,1,13,311,1,13,303,1,13,187,1,13,358,1,23,7,A,7,7,A,7,3.3,A,7,1.1,A,7,86,A,7,986,A,7,280,A,7,4.6,A,7,11300,B,7,180,A,7,1.1,E,8,0.000,F,8,0.00,?,0,0,1,D,9,00,C,8
01/18/1988,13:00,628,1413,298,1,13,414,1,13,114,1,13,324,1,13,408,1,13,142,1,13,224,1,23,7,A,7,6,A,7,3.9,A,7,1.1,A,7,82,A,7,987,A,7,280,A,7,6.2,A,7,11300,B,7,340,A,7,1.1,E,8,0.000,F,8,0.00,?,0,0,1,D,9,00,C,8
01/18/1988,14:00,616,1413,322,1,13,465,1,13,119,1,13,347,1,13,456,1,13,147,1,13,234,1,23,6,A,7,5,A,7,4.4,A,7,1.1,A,7,79,A,7,987,A,7,280,A,7,4.6,A,7,11300,B,7,340,A,7,1.1,E,8,0.000,F,8,0.00,?,0,0,1,D,9,00,C,8
01/18/1988,15:00,539,1413,304,1,13,554,1,13,93,1,13,317,1,13,520,1,13,118,1,13,180,1,23,3,A,7,3,A,7,4.4,A,7,1.1,A,7,79,A,7,987,A,7,290,A,7,3.1,A,7,11300,B,7,77777,A,7,1.1,E,8,0.000,F,8,0.00,?,0,0,1,D,9,00,C,8
01/18/1988,16:00,402,1413,214,1,9,474,1,9,80,1,13,220,1,9,409,1,9,104,1,13,145,1,18,3,A,7,2,A,7,3.3,A,7,0.6,A,7,82,A,7,988,A,7,260,A,7,5.2,A,7,11300,B,7,77777,A,7,1.1,E,8,0.000,F,8,0.00,?,0,0,1,D,9,00,C,8
01/18/1988,17:00,216,1413,82,1,13,219,1,13,49,1,13,86,1,13,144,1,13,64,1,13,88,1,23,6,A,7,4,A,7,1.1,A,7,-0.6,A,7,89,A,7,989,A,7,260,A,7,3.1,A,7,9700,B,7,340,A,7,1.0,E,8,0.000,F,8,0.00,?,0,0,1,D,9,00,C,8
01/18/1988,18:00,28,718,13,1,13,17,1,13,11,1,13,0,1,13,0,1,13,0,1,13,0,1,23,6,A,7,4,A,7,0.0,A,7,-1.1,A,7,92,A,7,990,A,7,260,A,7,3.1,A,7,4000,B,7,210,A,7,1.0,E,8,0.000,F,8,0.00,?,0,0,1,D,9,45,C,8
01/18/1988,19:00,0,0,0,1,0,0,1,0,0,1,0,0,1,0,0,1,0,0,1,0,0,1,0,6,A,7,4,A,7,-1.7,A,7,-2.2,A,7,96,A,7,990,A,7,270,A,7,2.6,A,7,4000,B,7,150,A,7,0.9,E,8,0.000,?,0,0.00,?,0,0,1,D,9,45,C,8
01/18/1988,20:00,0,0,0,1,0,0,1,0,0,1,0,0,1,0,0,1,0,0,1,0,0,1,0,10,A,7,10,A,7,-1.1,A,7,-1.1,A,7,100,A,7,990,A,7,270,A,7,2.6,A,7,100,B,7,30,A,7,1.0,E,8,0.000,?,0,0.00,?,0,0,1,D,9,45,C,8
01/18/1988,21:00,0,0,0,1,0,0,1,0,0,1,0,0,1,0,0,1,0,0,1,0,0,1,0,10,A,7,10,A,7,-1.1,A,7,-1.1,A,7,100,A,7,991,A,7,240,A,7,2.1,A,7,100,B,7,0,A,7,1.0,E,8,0.000,?,0,0.00,?,0,0,1,D,9,45,C,8
01/18/1988,22:00,0,0,0,1,0,0,1,0,0,1,0,0,1,0,0,1,0,0,1,0,0,1,0,10,A,7,10,A,7,-1.7,A,7,-1.7,A,7,100,A,7,992,A,7,220,A,7,2.6,A,7,100,B,7,0,A,7,1.0,E,8,0.000,?,0,0.00,?,0,0,1,D,9,45,C,8
01/18/1988,23:00,0,0,0,1,0,0,1,0,0,1,0,0,1,0,0,1,0,0,1,0,0,1,0,10,A,7,10,A,7,-1.7,A,7,-1.7,A,7,100,A,7,992,A,7,190,A,7,2.1,A,7,100,B,7,0,A,7,1.0,E,8,0.000,?,0,0.00,?,0,0,1,D,9,45,C,8
01/18/1988,24:00,0,0,0,1,0,0,1,0,0,1,0,0,1,0,0,1,0,0,1,0,0,1,0,10,A,7,10,A,7,-1.7,A,7,-2.2,A,7,96,A,7,992,A,7,140,A,7,2.1,A,7,100,B,7,0,A,7,0.9,E,8,0.000,?,0,0.00,?,0,0,1,D,9,45,C,8
01/19/1988,01:00,0,0,0,1,0,0,1,0,0,1,0,0,1,0,0,1,0,0,1,0,0,1,0,10,A,7,10,A,7,-2.8,A,7,-2.8,A,7,100,A,7,992,A,7,60,A,7,2.6,A,7,100,B,7,0,A,7,0.9,E,8,0.000,?,0,0.00,?,0,0,1,D,9,45,C,8
01/19/1988,02:00,0,0,0,1,0,0,1,0,0,1,0,0,1,0,0,1,0,0,1,0,0,1,0,10,A,7,10,A,7,-2.8,A,7,-3.3,A,7,96,A,7,992,A,7,90,A,7,2.1,A,7,100,B,7,0,A,7,0.9,E,8,0.000,?,0,0.00,?,0,0,1,D,9,45,C,8
01/19/1988,03:00,0,0,0,1,0,0,1,0,0,1,0,0,1,0,0,1,0,0,1,0,0,1,0,10,A,7,10,A,7,-3.3,A,7,-3.9,A,7,96,A,7,992,A,7,110,A,7,2.6,A,7,100,B,7,0,A,7,0.9,E,8,0.000,?,0,0.00,?,0,0,1,D,9,45,C,8
01/19/1988,04:00,0,0,0,1,0,0,1,0,0,1,0,0,1,0,0,1,0,0,1,0,0,1,0,10,A,7,10,A,7,-3.3,A,7,-3.9,A,7,96,A,7,991,A,7,90,A,7,3.1,A,7,100,B,7,0,A,7,0.9,E,8,0.000,?,0,0.00,?,0,0,1,D,9,45,C,8
01/19/1988,05:00,0,0,0,1,0,0,1,0,0,1,0,0,1,0,0,1,0,0,1,0,0,1,0,10,A,7,10,A,7,-2.8,A,7,-3.9,A,7,92,A,7,990,A,7,80,A,7,4.6,A,7,200,B,7,0,A,7,0.8,E,8,0.000,?,0,0.00,?,0,0,1,D,9,45,C,8
01/19/1988,06:00,0,0,0,1,0,0,1,0,0,1,0,0,1,0,0,1,0,0,1,0,0,1,0,10,A,7,10,A,7,-2.8,A,7,-3.3,A,7,96,A,7,990,A,7,80,A,7,3.6,A,7,600,B,7,60,A,7,0.9,E,8,0.000,?,0,0.00,?,0,0,1,D,9,45,C,8
01/19/1988,07:00,0,0,0,1,0,0,1,0,0,1,0,0,1,0,0,1,0,0,1,0,0,1,0,4,A,7,4,A,7,-3.3,A,7,-4.4,A,7,92,A,7,990,A,7,70,A,7,3.1,A,7,6400,B,7,77777,A,7,0.8,E,8,0.000,?,0,0.00,?,0,0,1,D,9,45,C,8
01/19/1988,08:00,0,0,0,1,0,0,1,0,0,1,0,0,1,0,0,1,0,0,1,0,0,1,0,8,A,7,6,A,7,-2.8,A,7,-3.9,A,7,92,A,7,991,A,7,70,A,7,3.6,A,7,6400,B,7,7620,A,7,0.8,E,8,0.000,?,0,0.00,?,0,0,1,D,9,45,C,8
01/19/1988,09:00,87,1260,22,1,13,2,1,9,22,1,13,25,1,13,0,1,9,25,1,13,74,1,21,10,A,7,10,A,7,-1.7,A,7,-2.2,A,7,96,A,7,991,A,7,80,A,7,4.1,A,7,4800,B,7,240,A,7,0.9,E,8,0.000,F,8,0.00,?,0,0,1,D,9,45,C,8
01/19/1988,10:00,293,1413,41,1,13,0,1,9,40,1,13,47,1,13,0,1,9,47,1,13,159,1,21,10,A,7,10,A,7,-1.1,A,7,-1.1,A,7,100,A,7,990,A,7,90,A,7,5.2,A,7,3200,B,7,2130,A,7,1.0,E,8,0.000,F,8,0.00,?,0,0,1,D,9,45,C,8
01/19/1988,11:00,463,1413,95,1,9,10,1,9,91,1,13,109,1,9,6,1,9,107,1,13,362,1,18,10,A,7,10,A,7,0.0,A,7,-0.6,A,7,96,A,7,989,A,7,90,A,7,5.7,A,7,2400,B,7,2130,A,7,1.0,E,8,0.000,F,8,0.00,?,0,0,1,D,9,45,C,8
01/19/1988,12:00,579,1413,161,1,9,1,1,9,161,1,13,182,1,9,1,1,9,182,1,13,610,1,18,10,A,7,10,A,7,0.0,A,7,0.0,A,7,100,A,7,987,A,7,90,A,7,6.2,A,7,2400,B,7,210,A,7,1.1,E,8,0.000,F,8,0.00,?,0,0,1,D,9,45,C,8
01/19/1988,13:00,632,1413,166,1,9,2,1,9,165,1,13,189,1,9,2,1,9,188,1,13,653,1,18,10,A,7,10,A,7,0.6,A,7,0.0,A,7,96,A,7,987,A,7,90,A,7,5.7,A,7,4000,B,7,240,A,7,1.1,E,8,0.000,F,8,0.00,?,0,0,1,D,9,45,C,8
01/19/1988,14:00,620,1413,172,1,9,7,1,9,169,1,13,195,1,9,5,1,9,193,1,13,657,1,18,10,A,7,10,A,7,1.1,A,7,-0.6,A,7,89,A,7,985,A,7,80,A,7,6.2,A,7,8000,B,7,240,A,7,1.0,E,8,0.000,F,8,0.00,?,0,0,1,D,9,45,C,8
01/19/1988,15:00,544,1413,157,1,9,3,1,9,156,1,13,176,1,9,2,1,9,176,1,13,576,1,18,10,A,7,10,A,7,1.1,A,7,-1.1,A,7,85,A,7,984,A,7,80,A,7,7.2,A,7,9700,B,7,1220,A,7,1.0,E,8,0.000,F,8,0.00,?,0,0,1,D,9,45,C,8
01/19/1988,16:00,407,1413,105,1,9,3,1,9,104,1,13,118,1,9,2,1,9,117,1,13,375,1,18,10,A,7,10,A,7,1.1,A,7,-2.2,A,7,79,A,7,981,A,7,80,A,7,7.2,A,7,11300,B,7,1220,A,7,0.9,E,8,0.000,F,8,0.00,?,0,0,1,D,9,45,C,8
01/19/1988,17:00,221,1413,38,1,13,0,1,9,38,1,13,44,1,13,0,1,9,44,1,13,140,1,21,10,A,7,10,A,7,1.1,A,7,-2.2,A,7,79,A,7,980,A,7,70,A,7,7.7,A,7,8000,B,7,1220,A,7,0.9,E,8,0.000,F,8,0.00,?,0,0,1,D,9,00,C,8
01/19/1988,18:00,31,765,7,1,13,0,1,9,7,1,13,8,1,13,0,1,9,8,1,13,26,1,21,10,A,7,10,A,7,0.6,A,7,-2.2,A,7,82,A,7,979,A,7,70,A,7,6.7,A,7,16100,B,7,1220,A,7,0.9,E,8,0.000,F,8,0.00,?,0,0,1,D,9,45,C,8
01/19/1988,19:00,0,0,0,1,0,0,1,0,0,1,0,0,1,0,0,1,0,0,1,0,0,1,0,10,A,7,10,A,7,0.6,A,7,-2.2,A,7,82,A,7,977,A,7,80,A,7,8.2,A,7,11300,B,7,760,A,7,0.9,E,8,0.000,?,0,0.00,?,0,0,1,D,9,61,C,8
01/19/1988,20:00,0,0,0,1,0,0,1,0,0,1,0,0,1,0,0,1,0,0,1,0,0,1,0,10,A,7,10,A,7,0.6,A,7,-1.1,A,7,89,A,7,974,A,7,90,A,7,11.3,A,7,16100,B,7,340,A,7,1.0,E,8,0.000,?,0,0.00,?,0,0,1,D,9,61,C,8
01/19/1988,21:00,0,0,0,1,0,0,1,0,0,1,0,0,1,0,0,1,0,0,1,0,0,1,0,10,A,7,10,A,7,0.6,A,7,-0.6,A,7,92,A,7,971,A,7,90,A,7,9.3,A,7,16100,B,7,210,A,7,1.0,E,8,0.000,?,0,0.00,?,0,0,1,D,9,00,C,8
01/19/1988,22:00,0,0,0,1,0,0,1,0,0,1,0,0,1,0,0,1,0,0,1,0,0,1,0,10,A,7,10,A,7,1.1,A,7,0.0,A,7,92,A,7,969,A,7,110,A,7,9.8,A,7,16100,B,7,210,A,7,1.0,E,8,0.000,?,0,0.00,?,0,0,1,D,9,00,C,8
01/19/1988,23:00,0,0,0,1,0,0,1,0,0,1,0,0,1,0,0,1,0,0,1,0,0,1,0,10,A,7,10,A,7,0.6,A,7,0.0,A,7,96,A,7,968,A,7,110,A,7,7.2,A,7,8000,B,7,150,A,7,1.0,E,8,0.000,?,0,0.00,?,0,0,1,D,9,00,C,8
01/19/1988,24:00,0,0,0,1,0,0,1,0,0,1,0,0,1,0,0,1,0,0,1,0,0,1,0,10,A,7,10,A,7,1.7,A,7,1.1,A,7,96,A,7,968,A,7,100,A,7,6.7,A,7,3200,B,7,150,A,7,1.1,E,8,0.000,?,0,0.00,?,0,0,1,D,9,45,C,8
01/20/1988,01:00,0,0,0,1,0,0,1,0,0,1,0,0,1,0,0,1,0,0,1,0,0,1,0,10,A,7,10,A,7,2.2,A,7,1.7,A,7,96,A,7,965,A,7,90,A,7,6.7,A,7,3200,B,7,120,A,7,1.1,E,8,0.000,?,0,0.00,?,0,5,1,D,9,45,C,8
01/20/1988,02:00,0,0,0,1,0,0,1,0,0,1,0,0,1,0,0,1,0,0,1,0,0,1,0,10,A,7,10,A,7,3.3,A,7,2.8,A,7,96,A,7,963,A,7,120,A,7,6.2,A,7,3200,B,7,120,A,7,1.2,E,8,0.000,?,0,0.00,?,0,10,1,D,9,45,C,8
01/20/1988,03:00,0,0,0,1,0,0,1,0,0,1,0,0,1,0,0,1,0,0,1,0,0,1,0,10,A,7,10,A,7,5.6,A,7,5.0,A,7,96,A,7,962,A,7,180,A,7,8.8,A,7,4800,B,7,150,A,7,1.4,E,8,0.000,?,0,0.00,?,0,0,1,D,9,45,C,8
01/20/1988,04:00,0,0,0,1,0,0,1,0,0,1,0,0,1,0,0,1,0,0,1,0,0,1,0,10,A,7,10,A,7,6.7,A,7,6.1,A,7,96,A,7,962,A,7,190,A,7,8.8,A,7,4800,B,7,240,A,7,1.5,E,8,0.000,?,0,0.00,?,0,0,1,D,9,45,C,8
01/20/1988,05:00,0,0,0,1,0,0,1,0,0,1,0,0,1,0,0,1,0,0,1,0,0,1,0,10,A,7,10,A,7,7.8,A,7,6.1,A,7,89,A,7,962,A,7,210,A,7,9.8,A,7,6400,B,7,240,A,7,1.5,E,8,0.000,?,0,0.00,?,0,0,1,D,9,45,C,8
01/20/1988,06:00,0,0,0,1,0,0,1,0,0,1,0,0,1,0,0,1,0,0,1,0,0,1,0,10,A,7,10,A,7,8.3,A,7,5.6,A,7,83,A,7,962,A,7,210,A,7,11.3,A,7,11300,B,7,430,A,7,1.4,E,8,0.000,?,0,0.00,?,0,0,1,D,9,45,C,8
01/20/1988,07:00,0,0,0,1,0,0,1,0,0,1,0,0,1,0,0,1,0,0,1,0,0,1,0,10,A,7,10,A,7,6.7,A,7,4.4,A,7,86,A,7,963,A,7,220,A,7,14.4,A,7,11300,B,7,460,A,7,1.4,E,8,0.000,?,0,0.00,?,0,0,1,D,9,00,C,8
01/20/1988,08:00,0,0,0,1,0,0,1,0,0,1,0,0,1,0,0,1,0,0,1,0,0,1,0,10,A,7,10,A,7,5.6,A,7,2.8,A,7,83,A,7,964,A,7,230,A,7,12.9,A,7,11300,B,7,400,A,7,1.2,E,8,0.000,?,0,0.00,?,0,0,1,D,9,00,C,8
01/20/1988,09:00,89,1283,26,1,13,0,1,9,26,1,13,29,1,13,0,1,9,29,1,13,84,1,21,10,A,7,10,A,7,5.0,A,7,2.8,A,7,86,A,7,965,A,7,230,A,7,10.8,A,7,11300,B,7,310,A,7,1.2,E,8,0.000,F,8,0.00,?,0,0,1,D,9,00,C,8
01/20/1988,10:00,297,1413,47,1,13,0,1,9,47,1,13,54,1,13,0,1,9,54,1,13,182,1,21,10,A,7,10,A,7,3.9,A,7,2.2,A,7,89,A,7,966,A,7,220,A,7,8.8,A,7,11300,B,7,210,A,7,1.2,E,8,0.000,F,8,0.00,?,0,0,1,D,9,00,C,8
01/20/1988,11:00,467,1413,84,1,9,1,1,9,84,1,13,98,1,9,1,1,9,98,1,13,341,1,18,10,A,7,10,A,7,3.3,A,7,1.7,A,7,89,A,7,967,A,7,230,A,7,10.8,A,7,11300,B,7,210,A,7,1.2,E,8,0.000,F,8,0.00,?,0,0,1,D,9,51,C,8
01/20/1988,12:00,583,1413,112,1,9,1,1,9,112,1,13,131,1,9,1,1,9,130,1,13,470,1,18,10,A,7,10,A,7,2.2,A,7,0.6,A,7,89,A,7,967,A,7,230,A,7,9.8,A,7,11300,B,7,180,A,7,1.1,E,8,0.000,F,8,0.00,?,0,0,1,D,9,51,C,8
01/20/1988,13:00,637,1413,217,1,9,1,1,9,217,1,13,242,1,9,1,1,9,242,1,13,780,1,18,10,A,7,10,A,7,2.2,A,7,0.6,A,7,89,A,7,967,A,7,240,A,7,8.8,A,7,11300,B,7,180,A,7,1.1,E,8,0.000,F,8,0.00,?,0,0,1,D,9,51,C,8
01/20/1988,14:00,625,1413,193,1,9,1,1,9,193,1,13,217,1,9,1,1,9,217,1,13,719,1,18,10,A,7,10,A,7,1.7,A,7,0.0,A,7,89,A,7,967,A,7,240,A,7,9.3,A,7,11300,B,7,310,A,7,1.0,E,8,0.000,F,8,0.00,?,0,0,1,D,9,00,C,8
01/20/1988,15:00,549,1413,189,1,9,0,1,9,189,1,13,209,1,9,0,1,9,209,1,13,648,1,18,10,A,7,10,A,7,1.7,A,7,0.0,A,7,89,A,7,967,A,7,230,A,7,9.3,A,7,11300,B,7,210,A,7,1.0,E,8,0.000,F,8,0.00,?,0,0,1,D,9,00,C,8
01/20/1988,16:00,412,1413,124,1,9,1,1,9,124,1,13,138,1,9,1,1,9,138,1,13,423,1,18,10,A,7,10,A,7,1.7,A,7,-0.6,A,7,85,A,7,968,A,7,240,A,7,7.7,A,7,11300,B,7,310,A,7,1.0,E,8,0.000,F,8,0.00,?,0,0,1,D,9,00,C,8
01/20/1988,17:00,226,1413,59,1,13,0,1,9,59,1,13,65,1,13,0,1,9,65,1,13,194,1,21,10,A,7,10,A,7,1.1,A,7,-1.1,A,7,85,A,7,968,A,7,240,A,7,7.2,A,7,6400,B,7,340,A,7,1.0,E,8,0.000,F,8,0.00,?,0,0,1,D,9,00,C,8
01/20/1988,18:00,33,789,14,1,13,0,1,9,14,1,13,16,1,13,0,1,9,16,1,13,48,1,21,10,A,7,10,A,7,1.1,A,7,-1.7,A,7,82,A,7,969,A,7,240,A,7,7.2,A,7,12900,B,7,520,A,7,1.0,E,8,0.000,F,8,0.00,?,0,0,1,D,9,71,C,8
01/20/1988,19:00,0,0,0,1,0,0,1,0,0,1,0,0,1,0,0,1,0,0,1,0,0,1,0,10,A,7,10,A,7,0.6,A,7,-2.2,A,7,82,A,7,970,A,7,260,A,7,6.7,A,7,16100,B,7,700,A,7,0.9,E,8,0.000,?,0,0.00,?,0,0,1,D,9,71,C,8
01/20/1988,20:00,0,0,0,1,0,0,1,0,0,1,0,0,1,0,0,1,0,0,1,0,0,1,0,10,A,7,10,A,7,0.0,A,7,-2.2,A,7,85,A,7,970,A,7,230,A,7,7.2,A,7,16100,B,7,370,A,7,0.9,E,8,0.000,?,0,0.00,?,0,0,1,D,9,71,C,8
01/20/1988,21:00,0,0,0,1,0,0,1,0,0,1,0,0,1,0,0,1,0,0,1,0,0,1,0,10,A,7,10,A,7,0.0,A,7,-2.2,A,7,85,A,7,971,A,7,230,A,7,7.7,A,7,8000,B,7,370,A,7,0.9,E,8,0.000,?,0,0.00,?,0,0,1,D,9,71,C,8
01/20/1988,22:00,0,0,0,1,0,0,1,0,0,1,0,0,1,0,0,1,0,0,1,0,0,1,0,10,A,7,10,A,7,0.0,A,7,-2.8,A,7,82,A,7,971,A,7,270,A,7,7.7,A,7,9700,B,7,370,A,7,0.9,E,8,0.000,?,0,0.00,?,0,0,1,D,9,71,C,8
01/20/1988,23:00,0,0,0,1,0,0,1,0,0,1,0,0,1,0,0,1,0,0,1,0,0,1,0,10,A,7,10,A,7,-0.6,A,7,-3.3,A,7,82,A,7,971,A,7,270,A,7,7.7,A,7,6400,B,7,370,A,7,0.9,E,8,0.000,?,0,0.00,?,0,0,1,D,9,71,C,8
01/20/1988,24:00,0,0,0,1,0,0,1,0,0,1,0,0,1,0,0,1,0,0,1,0,0,1,0,6,A,7,6,A,7,-1.1,A,7,-5.0,A,7,75,A,7,972,A,7,290,A,7,6.2,A,7,16100,B,7,520,A,7,0.8,E,8,0.000,?,0,0.00,?,0,0,1,D,9,71,C,8
01/21/1988,01:00,0,0,0,1,0,0,1,0,0,1,0,0,1,0,0,1,0,0,1,0,0,1,0,8,A,7,8,A,7,-1.7,A,7,-5.6,A,7,75,A,7,973,A,7,290,A,7,8.2,A,7,16100,B,7,490,A,7,0.8,E,8,0.000,?,0,0.00,?,0,0,1,D,9,00,C,8
01/21/1988,02:00,0,0,0,1,0,0,1,0,0,1,0,0,1,0,0,1,0,0,1,0,0,1,0,9,A,7,9,A,7,-2.2,A,7,-6.7,A,7,72,A,7,974,A,7,290,A,7,9.3,A,7,16100,B,7,640,A,7,0.7,E,8,0.000,?,0,0.00,?,0,0,1,D,9,00,C,8
01/21/1988,03:00,0,0,0,1,0,0,1,0,0,1,0,0,1,0,0,1,0,0,1,0,0,1,0,9,A,7,9,A,7,-2.2,A,7,-6.1,A,7,75,A,7,975,A,7,290,A,7,8.2,A,7,16100,B,7,760,A,7,0.7,E,8,0.000,?,0,0.00,?,0,0,1,D,9,00,C,8
01/21/1988,04:00,0,0,0,1,0,0,1,0,0,1,0,0,1,0,0,1,0,0,1,0,0,1,0,9,A,7,9,A,7,-2.2,A,7,-6.1,A,7,75,A,7,975,A,7,300,A,7,7.2,A,7,16100,B,7,700,A,7,0.7,E,8,0.000,?,0,0.00,?,0,0,1,D,9,00,C,8
01/21/1988,05:00,0,0,0,1,0,0,1,0,0,1,0,0,1,0,0,1,0,0,1,0,0,1,0,10,A,7,10,A,7,-2.8,A,7,-7.8,A,7,69,A,7,976,A,7,300,A,7,8.2,A,7,11300,B,7,580,A,7,0.7,E,8,0.000,?,0,0.00,?,0,0,1,D,9,00,C,8
01/21/1988,06:00,0,0,0,1,0,0,1,0,0,1,0,0,1,0,0,1,0,0,1,0,0,1,0,10,A,7,10,A,7,-3.3,A,7,-7.2,A,7,75,A,7,977,A,7,310,A,7,7.7,A,7,6400,B,7,580,A,7,0.7,E,8,0.000,?,0,0.00,?,0,0,1,D,9,85,C,8
01/21/1988,07:00,0,0,0,1,0,0,1,0,0,1,0,0,1,0,0,1,0,0,1,0,0,1,0,10,A,7,10,A,7,-3.3,A,7,-6.7,A,7,78,A,7,978,A,7,310,A,7,5.7,A,7,11300,B,7,490,A,7,0.7,E,8,0.000,?,0,0.00,?,0,0,1,D,9,85,C,8
01/21/1988,08:00,0,0,0,1,0,0,1,0,0,1,0,0,1,0,0,1,0,0,1,0,0,1,0,10,A,7,10,A,7,-3.9,A,7,-7.2,A,7,78,A,7,979,A,7,310,A,7,5.7,A,7,4800,B,7,460,A,7,0.7,E,8,0.000,?,0,0.00,?,0,0,1,D,9,85,C,8
01/21/1988,09:00,92,1307,27,1,13,0,1,9,27,1,13,30,1,13,0,1,9,30,1,13,86,1,21,10,A,7,10,A,7,-3.9,A,7,-9.4,A,7,66,A,7,980,A,7,320,A,7,6.7,A,7,11300,B,7,520,A,7,0.6,E,8,0.000,F,8,0.00,?,0,0,1,D,9,71,C,8
01/21/1988,10:00,300,1413,94,1,13,1,1,9,94,1,13,103,1,13,0,1,9,103,1,13,297,1,21,10,A,7,10,A,7,-3.9,A,7,-7.8,A,7,75,A,7,982,A,7,320,A,7,5.7,A,7,11300,B,7,520,A,7,0.7,E,8,0.000,F,8,0.00,?,0,0,1,D,9,00,C,8
01/21/1988,11:00,470,1413,155,1,9,0,1,9,155,1,13,171,1,9,0,1,9,171,1,13,522,1,18,10,A,7,10,A,7,-3.9,A,7,-7.2,A,7,78,A,7,983,A,7,350,A,7,6.7,A,7,11300,B,7,550,A,7,0.7,E,8,0.000,F,8,0.00,?,0,0,1,D,9,00,C,8
01/21/1988,12:00,587,1413,181,1,9,80,1,9,148,1,13,199,1,9,77,1,9,167,1,13,431,1,18,10,A,7,9,A,7,-3.3,A,7,-7.2,A,7,75,A,7,983,A,7,330,A,7,5.7,A,7,11300,B,7,550,A,7,0.7,E,8,0.000,F,8,0.00,?,0,0,1,D,9,00,C,8
01/21/1988,13:00,641,1413,256,1,9,69,1,9,224,1,13,280,1,9,68,1,9,249,1,13,624,1,18,10,A,7,9,A,7,-3.3,A,7,-7.8,A,7,72,A,7,984,A,7,320,A,7,7.2,A,7,11300,B,7,550,A,7,0.7,E,8,0.000,F,8,0.00,?,0,0,1,D,9,00,C,8
01/21/1988,14:00,630,1413,277,1,9,56,1,9,252,1,13,303,1,9,56,1,9,278,1,13,670,1,18,10,A,7,9,A,7,-2.8,A,7,-7.8,A,7,69,A,7,984,A,7,320,A,7,6.2,A,7,11300,B,7,550,A,7,0.7,E,8,0.000,F,8,0.00,?,0,0,1,D,9,00,C,8
01/21/1988,15:00,554,1413,221,1,9,158,1,9,160,1,13,242,1,9,155,1,9,181,1,13,374,1,18,10,A,7,9,A,7,-2.8,A,7,-7.2,A,7,72,A,7,984,A,7,350,A,7,5.2,A,7,11300,B,7,550,A,7,0.7,E,8,0.000,F,8,0.00,?,0,0,1,D,9,00,C,8
01/21/1988,16:00,418,1413,110,1,9,8,1,9,107,1,13,123,1,9,5,1,9,121,1,13,388,1,18,10,A,7,10,A,7,-2.8,A,7,-7.8,A,7,69,A,7,985,A,7,360,A,7,5.2,A,7,16100,B,7,550,A,7,0.7,E,8,0.000,F,8,0.00,?,0,0,1,D,9,00,C,8
01/21/1988,17:00,232,1413,102,1,13,362,1,13,44,1,13,106,1,13,255,1,13,64,1,13,78,1,23,6,A,7,6,A,7,-2.8,A,7,-7.8,A,7,69,A,7,986,A,7,20,A,7,4.6,A,7,16100,B,7,610,A,7,0.7,E,8,0.000,F,8,0.00,?,0,0,1,D,9,00,C,8
01/21/1988,18:00,36,812,18,1,13,34,1,13,15,1,13,18,1,13,13,1,13,18,1,13,31,1,23,4,A,7,4,A,7,-5.6,A,7,-8.3,A,7,81,A,7,987,A,7,40,A,7,3.1,A,7,16100,B,7,77777,A,7,0.7,E,8,0.000,F,8,0.00,?,0,0,1,D,9,00,C,8
01/21/1988,19:00,0,0,0,1,0,0,1,0,0,1,0,0,1,0,0,1,0,0,1,0,0,1,0,1,A,7,1,A,7,-6.1,A,7,-8.3,A,7,85,A,7,987,A,7,40,A,7,3.1,A,7,16100,B,7,77777,A,7,0.7,E,8,0.000,?,0,0.00,?,0,0,1,D,9,00,C,8
01/21/1988,20:00,0,0,0,1,0,0,1,0,0,1,0,0,1,0,0,1,0,0,1,0,0,1,0,0,A,7,0,A,7,-7.2,A,7,-8.3,A,7,92,A,7,987,A,7,0,A,7,0.0,A,7,16100,B,7,77777,A,7,0.7,E,8,0.000,?,0,0.00,?,0,0,1,D,9,00,C,8
01/21/1988,21:00,0,0,0,1,0,0,1,0,0,1,0,0,1,0,0,1,0,0,1,0,0,1,0,0,A,7,0,A,7,-7.2,A,7,-9.4,A,7,84,A,7,987,A,7,0,A,7,0.0,A,7,16100,B,7,77777,A,7,0.6,E,8,0.000,?,0,0.00,?,0,0,1,D,9,00,C,8
01/21/1988,22:00,0,0,0,1,0,0,1,0,0,1,0,0,1,0,0,1,0,0,1,0,0,1,0,0,A,7,0,A,7,-7.8,A,7,-10.0,A,7,84,A,7,987,A,7,0,A,7,0.0,A,7,16100,B,7,77777,A,7,0.6,E,8,0.000,?,0,0.00,?,0,0,1,D,9,00,C,8
01/21/1988,23:00,0,0,0,1,0,0,1,0,0,1,0,0,1,0,0,1,0,0,1,0,0,1,0,0,A,7,0,A,7,-8.3,A,7,-11.1,A,7,81,A,7,987,A,7,0,A,7,0.0,A,7,16100,B,7,77777,A,7,0.6,E,8,0.000,?,0,0.00,?,0,0,1,D,9,00,C,8
01/21/1988,24:00,0,0,0,1,0,0,1,0,0,1,0,0,1,0,0,1,0,0,1,0,0,1,0,0,A,7,0,A,7,-8.3,A,7,-11.7,A,7,77,A,7,988,A,7,0,A,7,0.0,A,7,16100,B,7,77777,A,7,0.6,E,8,0.000,?,0,0.00,?,0,0,1,D,9,00,C,8
01/22/1988,01:00,0,0,0,1,0,0,1,0,0,1,0,0,1,0,0,1,0,0,1,0,0,1,0,0,A,7,0,A,7,-9.4,A,7,-10.6,A,7,92,A,7,988,A,7,0,A,7,0.0,A,7,16100,B,7,77777,A,7,0.6,E,8,0.000,?,0,0.00,?,0,0,1,D,9,00,C,8
01/22/1988,02:00,0,0,0,1,0,0,1,0,0,1,0,0,1,0,0,1,0,0,1,0,0,1,0,0,A,7,0,A,7,-8.9,A,7,-10.0,A,7,92,A,7,987,A,7,180,A,7,2.6,A,7,16100,B,7,77777,A,7,0.6,E,8,0.000,?,0,0.00,?,0,0,1,D,9,00,C,8
01/22/1988,03:00,0,0,0,1,0,0,1,0,0,1,0,0,1,0,0,1,0,0,1,0,0,1,0,0,A,7,0,A,7,-8.9,A,7,-9.4,A,7,96,A,7,987,A,7,0,A,7,0.0,A,7,16100,B,7,77777,A,7,0.6,E,8,0.000,?,0,0.00,?,0,0,1,D,9,00,C,8
01/22/1988,04:00,0,0,0,1,0,0,1,0,0,1,0,0,1,0,0,1,0,0,1,0,0,1,0,0,A,7,0,A,7,-9.4,A,7,-10.6,A,7,92,A,7,987,A,7,160,A,7,2.1,A,7,16100,B,7,77777,A,7,0.6,E,8,0.000,?,0,0.00,?,0,0,1,D,9,00,C,8
01/22/1988,05:00,0,0,0,1,0,0,1,0,0,1,0,0,1,0,0,1,0,0,1,0,0,1,0,3,A,7,3,A,7,-7.8,A,7,-9.4,A,7,88,A,7,986,A,7,170,A,7,3.1,A,7,16100,B,7,77777,A,7,0.6,E,8,0.000,?,0,0.00,?,0,0,1,D,9,00,C,8
01/22/1988,06:00,0,0,0,1,0,0,1,0,0,1,0,0,1,0,0,1,0,0,1,0,0,1,0,10,A,7,10,A,7,-6.7,A,7,-8.3,A,7,88,A,7,986,A,7,190,A,7,5.2,A,7,16100,B,7,580,A,7,0.7,E,8,0.000,?,0,0.00,?,0,0,1,D,9,00,C,8
01/22/1988,07:00,0,0,0,1,0,0,1,0,0,1,0,0,1,0,0,1,0,0,1,0,0,1,0,10,A,7,10,A,7,-6.7,A,7,-7.8,A,7,92,A,7,986,A,7,200,A,7,4.1,A,7,16100,B,7,580,A,7,0.7,E,8,0.000,?,0,0.00,?,0,0,1,D,9,00,C,8
01/22/1988,08:00,0,0,0,1,0,0,1,0,0,1,0,0,1,0,0,1,0,0,1,0,0,1,0,10,A,7,10,A,7,-5.6,A,7,-7.2,A,7,88,A,7,985,A,7,200,A,7,3.6,A,7,16100,B,7,580,A,7,0.7,E,8,0.000,?,0,0.00,?,0,0,1,D,9,00,C,8
01/22/1988,09:00,94,1306,28,1,13,99,1,9,20,1,13,29,1,13,43,1,9,26,1,13,35,1,21,1,A,7,1,A,7,-5.6,A,7,-7.8,A,7,85,A,7,985,A,7,220,A,7,3.1,A,7,24100,B,7,77777,A,7,0.7,E,8,0.000,F,8,0.00,?,0,0,1,D,9,00,C,8
01/22/1988,10:00,303,1412,39,1,13,6,1,9,38,1,13,46,1,13,2,1,9,46,1,13,153,1,21,10,A,7,10,A,7,-3.9,A,7,-6.7,A,7,81,A,7,985,A,7,190,A,7,4.1,A,7,24100,B,7,700,A,7,0.7,E,8,0.000,F,8,0.00,?,0,0,1,D,9,00,C,8
01/22/1988,11:00,474,1412,113,1,9,2,1,9,112,1,13,128,1,9,1,1,9,128,1,13,427,1,18,10,A,7,10,A,7,-3.3,A,7,-6.7,A,7,78,A,7,985,A,7,200,A,7,4.6,A,7,11300,B,7,700,A,7,0.7,E,8,0.000,F,8,0.00,?,0,0,1,D,9,00,C,8
01/22/1988,12:00,591,1412,157,1,9,3,1,9,155,1,13,177,1,9,2,1,9,176,1,13,602,1,18,10,A,7,10,A,7,-2.8,A,7,-6.1,A,7,78,A,7,984,A,7,200,A,7,5.2,A,7,11300,B,7,700,A,7,0.7,E,8,0.000,F,8,0.00,?,0,0,1,D,9,00,C,8
01/22/1988,13:00,646,1412,237,1,9,97,1,9,192,1,13,260,1,9,96,1,9,216,1,13,558,1,18,10,A,7,9,A,7,-2.2,A,7,-6.1,A,7,75,A,7,983,A,7,220,A,7,6.2,A,7,11300,B,7,700,A,7,0.7,E,8,0.000,F,8,0.00,?,0,0,1,D,9,71,C,8
01/22/1988,14:00,635,1412,161,1,9,4,1,9,159,1,13,184,1,9,3,1,9,182,1,13,638,1,18,10,A,7,10,A,7,-1.7,A,7,-6.7,A,7,69,A,7,982,A,7,220,A,7,6.2,A,7,11300,B,7,700,A,7,0.7,E,8,0.000,F,8,0.00,?,0,0,1,D,9,00,C,8
01/22/1988,15:00,559,1412,108,1,9,14,1,9,103,1,13,126,1,9,9,1,9,123,1,13,432,1,18,10,A,7,10,A,7,-1.7,A,7,-6.7,A,7,69,A,7,981,A,7,220,A,7,7.7,A,7,9700,B,7,700,A,7,0.7,E,8,0.000,F,8,0.00,?,0,0,1,D,9,00,C,8
01/22/1988,16:00,423,1412,78,1,9,2,1,9,78,1,13,91,1,9,1,1,9,90,1,13,309,1,18,10,A,7,10,A,7,-1.7,A,7,-6.7,A,7,69,A,7,981,A,7,220,A,7,5.7,A,7,11300,B,7,700,A,7,0.7,E,8,0.000,F,8,0.00,?,0,0,1,D,9,71,C,8
01/22/1988,17:00,237,1412,38,1,13,1,1,9,38,1,13,44,1,13,0,1,9,44,1,13,143,1,21,10,A,7,10,A,7,-1.7,A,7,-7.8,A,7,64,A,7,981,A,7,230,A,7,5.2,A,7,11300,B,7,700,A,7,0.7,E,8,0.000,F,8,0.00,?,0,0,1,D,9,00,C,8
01/22/1988,18:00,39,836,11,1,13,0,1,9,11,1,13,13,1,13,0,1,9,13,1,13,40,1,21,10,A,7,10,A,7,-1.7,A,7,-6.7,A,7,69,A,7,980,A,7,220,A,7,5.2,A,7,11300,B,7,640,A,7,0.7,E,8,0.000,F,8,0.00,?,0,0,1,D,9,00,C,8
01/22/1988,19:00,0,0,0,1,0,0,1,0,0,1,0,0,1,0,0,1,0,0,1,0,0,1,0,10,A,7,10,A,7,-1.7,A,7,-6.7,A,7,69,A,7,980,A,7,210,A,7,7.7,A,7,16100,B,7,640,A,7,0.7,E,8,0.000,?,0,0.00,?,0,0,1,D,9,00,C,8
01/22/1988,20:00,0,0,0,1,0,0,1,0,0,1,0,0,1,0,0,1,0,0,1,0,0,1,0,10,A,7,10,A,7,-1.7,A,7,-7.2,A,7,66,A,7,980,A,7,220,A,7,6.2,A,7,16100,B,7,640,A,7,0.7,E,8,0.000,?,0,0.00,?,0,0,1,D,9,00,C,8
01/22/1988,21:00,0,0,0,1,0,0,1,0,0,1,0,0,1,0,0,1,0,0,1,0,0,1,0,10,A,7,10,A,7,-2.2,A,7,-7.8,A,7,66,A,7,980,A,7,200,A,7,7.7,A,7,12900,B,7,580,A,7,0.7,E,8,0.000,?,0,0.00,?,0,0,1,D,9,00,C,8
01/22/1988,22:00,0,0,0,1,0,0,1,0,0,1,0,0,1,0,0,1,0,0,1,0,0,1,0,10,A,7,10,A,7,-2.8,A,7,-7.2,A,7,72,A,7,979,A,7,210,A,7,5.7,A,7,9700,B,7,580,A,7,0.7,E,8,0.000,?,0,0.00,?,0,0,1,D,9,71,C,8
01/22/1988,23:00,0,0,0,1,0,0,1,0,0,1,0,0,1,0,0,1,0,0,1,0,0,1,0,10,A,7,10,A,7,-2.2,A,7,-7.2,A,7,69,A,7,978,A,7,210,A,7,6.2,A,7,11300,B,7,580,A,7,0.7,E,8,0.000,?,0,0.00,?,0,0,1,D,9,71,C,8
01/22/1988,24:00,0,0,0,1,0,0,1,0,0,1,0,0,1,0,0,1,0,0,1,0,0,1,0,10,A,7,10,A,7,-2.2,A,7,-7.2,A,7,69,A,7,977,A,7,210,A,7,6.2,A,7,11300,B,7,580,A,7,0.7,E,8,0.000,?,0,0.00,?,0,0,1,D,9,71,C,8
01/23/1988,01:00,0,0,0,1,0,0,1,0,0,1,0,0,1,0,0,1,0,0,1,0,0,1,0,10,A,7,10,A,7,-2.2,A,7,-9.4,A,7,58,A,7,976,A,7,220,A,7,4.6,A,7,11300,B,7,700,A,7,0.6,E,8,0.000,?,0,0.00,?,0,0,1,D,9,71,C,8
01/23/1988,02:00,0,0,0,1,0,0,1,0,0,1,0,0,1,0,0,1,0,0,1,0,0,1,0,10,A,7,10,A,7,-2.2,A,7,-7.8,A,7,66,A,7,975,A,7,200,A,7,6.7,A,7,11300,B,7,700,A,7,0.7,E,8,0.000,?,0,0.00,?,0,0,1,D,9,71,C,8
01/23/1988,03:00,0,0,0,1,0,0,1,0,0,1,0,0,1,0,0,1,0,0,1,0,0,1,0,10,A,7,10,A,7,-2.8,A,7,-7.2,A,7,72,A,7,975,A,7,200,A,7,6.2,A,7,9700,B,7,580,A,7,0.7,E,8,0.000,?,0,0.00,?,0,0,1,D,9,71,C,8
01/23/1988,04:00,0,0,0,1,0,0,1,0,0,1,0,0,1,0,0,1,0,0,1,0,0,1,0,10,A,7,10,A,7,-2.8,A,7,-5.6,A,7,81,A,7,974,A,7,200,A,7,6.7,A,7,6400,B,7,370,A,7,0.8,E,8,0.000,?,0,0.00,?,0,0,1,D,9,71,C,8
01/23/1988,05:00,0,0,0,1,0,0,1,0,0,1,0,0,1,0,0,1,0,0,1,0,0,1,0,10,A,7,10,A,7,-2.8,A,7,-4.4,A,7,89,A,7,974,A,7,200,A,7,5.2,A,7,11300,B,7,310,A,7,0.8,E,8,0.000,?,0,0.00,?,0,0,1,D,9,71,C,8
01/23/1988,06:00,0,0,0,1,0,0,1,0,0,1,0,0,1,0,0,1,0,0,1,0,0,1,0,10,A,7,10,A,7,-2.8,A,7,-5.0,A,7,85,A,7,973,A,7,200,A,7,4.6,A,7,11300,B,7,340,A,7,0.8,E,8,0.000,?,0,0.00,?,0,0,1,D,9,71,C,8
01/23/1988,07:00,0,0,0,1,0,0,1,0,0,1,0,0,1,0,0,1,0,0,1,0,0,1,0,10,A,7,10,A,7,-2.8,A,7,-5.0,A,7,85,A,7,974,A,7,210,A,7,5.2,A,7,11300,B,7,340,A,7,0.8,E,8,0.000,?,0,0.00,?,0,0,1,D,9,71,C,8
01/23/1988,08:00,0,0,0,1,0,0,1,0,0,1,0,0,1,0,0,1,0,0,1,0,0,1,0,10,A,7,10,A,7,-2.8,A,7,-5.6,A,7,81,A,7,974,A,7,210,A,7,5.2,A,7,11300,B,7,430,A,7,0.8,E,8,0.000,?,0,0.00,?,0,0,1,D,9,71,C,8
01/23/1988,09:00,97,1330,26,1,13,1,1,9,26,1,13,29,1,13,0,1,9,29,1,13,85,1,21,10,A,7,10,A,7,-2.8,A,7,-4.4,A,7,89,A,7,974,A,7,220,A,7,5.2,A,7,4800,B,7,340,A,7,0.8,E,8,0.000,F,8,0.00,?,0,0,1,D,9,71,C,8
01/23/1988,10:00,307,1412,73,1,13,1,1,9,73,1,13,82,1,13,0,1,9,82,1,13,257,1,21,10,A,7,10,A,7,-2.8,A,7,-4.4,A,7,89,A,7,975,A,7,250,A,7,6.2,A,7,2400,B,7,340,A,7,0.8,E,8,0.000,F,8,0.00,?,0,0,1,D,9,71,C,8
01/23/1988,11:00,478,1412,113,1,9,1,1,9,113,1,13,129,1,9,1,1,9,129,1,13,432,1,18,10,A,7,10,A,7,-2.2,A,7,-6.7,A,7,72,A,7,975,A,7,240,A,7,7.7,A,7,11300,B,7,760,A,7,0.7,E,8,0.000,F,8,0.00,?,0,0,1,D,9,71,C,8
01/23/1988,12:00,596,1412,287,1,13,280,1,13,169,1,13,306,1,13,280,1,13,188,1,13,361,1,23,8,A,7,6,A,7,-2.8,A,7,-7.2,A,7,72,A,7,975,A,7,220,A,7,6.7,A,7,16100,B,7,610,A,7,0.7,E,8,0.000,F,8,0.00,?,0,0,1,D,9,71,C,8
01/23/1988,13:00,651,1412,148,1,9,9,1,9,144,1,13,171,1,9,7,1,9,168,1,13,601,1,18,10,A,7,10,A,7,-3.3,A,7,-8.3,A,7,69,A,7,974,A,7,230,A,7,9.3,A,7,11300,B,7,700,A,7,0.7,E,8,0.000,F,8,0.00,?,0,0,1,D,9,00,C,8
01/23/1988,14:00,640,1412,152,1,9,44,1,9,132,1,13,168,1,9,43,1,9,148,1,13,409,1,18,10,A,7,9,A,7,-3.9,A,7,-10.0,A,7,63,A,7,974,A,7,220,A,7,10.3,A,7,16100,B,7,700,A,7,0.6,E,8,0.000,F,8,0.00,?,0,0,1,D,9,71,C,8
01/23/1988,15:00,564,1412,156,1,9,5,1,9,154,1,13,176,1,9,4,1,9,175,1,13,584,1,18,10,A,7,10,A,7,-4.4,A,7,-11.1,A,7,60,A,7,974,A,7,230,A,7,9.8,A,7,16100,B,7,2130,A,7,0.6,E,8,0.000,F,8,0.00,?,0,0,1,D,9,00,C,8
01/23/1988,16:00,428,1412,141,1,9,56,1,9,124,1,13,155,1,9,51,1,9,139,1,13,324,1,18,10,A,7,8,A,7,-3.9,A,7,-10.6,A,7,60,A,7,974,A,7,240,A,7,8.2,A,7,16100,B,7,2130,A,7,0.6,E,8,0.000,F,8,0.00,?,0,0,1,D,9,00,C,8
01/23/1988,17:00,242,1412,30,1,13,2,1,9,30,1,13,36,1,13,0,1,9,36,1,13,118,1,21,10,A,7,10,A,7,-3.9,A,7,-10.0,A,7,63,A,7,974,A,7,200,A,7,5.7,A,7,16100,B,7,700,A,7,0.6,E,8,0.000,F,8,0.00,?,0,0,1,D,9,00,C,8
01/23/1988,18:00,42,883,12,1,13,0,1,9,12,1,13,14,1,13,0,1,9,14,1,13,43,1,21,10,A,7,10,A,7,-3.9,A,7,-8.9,A,7,69,A,7,974,A,7,200,A,7,5.2,A,7,16100,B,7,700,A,7,0.6,E,8,0.000,F,8,0.00,?,0,0,1,D,9,00,C,8
01/23/1988,19:00,0,0,0,1,0,0,1,0,0,1,0,0,1,0,0,1,0,0,1,0,0,1,0,10,A,7,10,A,7,-3.9,A,7,-8.3,A,7,72,A,7,975,A,7,210,A,7,4.6,A,7,16100,B,7,700,A,7,0.7,E,8,0.000,?,0,0.00,?,0,0,1,D,9,00,C,8
01/23/1988,20:00,0,0,0,1,0,0,1,0,0,1,0,0,1,0,0,1,0,0,1,0,0,1,0,10,A,7,10,A,7,-3.3,A,7,-7.2,A,7,75,A,7,975,A,7,180,A,7,5.2,A,7,12900,B,7,580,A,7,0.7,E,8,0.000,?,0,0.00,?,0,0,1,D,9,00,C,8
01/23/1988,21:00,0,0,0,1,0,0,1,0,0,1,0,0,1,0,0,1,0,0,1,0,0,1,0,10,A,7,10,A,7,-3.9,A,7,-6.1,A,7,85,A,7,975,A,7,180,A,7,4.1,A,7,3200,B,7,460,A,7,0.7,E,8,0.000,?,0,0.00,?,0,0,1,D,9,00,C,8
01/23/1988,22:00,0,0,0,1,0,0,1,0,0,1,0,0,1,0,0,1,0,0,1,0,0,1,0,10,A,7,10,A,7,-3.9,A,7,-5.6,A,7,88,A,7,975,A,7,170,A,7,4.1,A,7,3200,B,7,460,A,7,0.8,E,8,0.000,?,0,0.00,?,0,0,1,D,9,71,C,8
01/23/1988,23:00,0,0,0,1,0,0,1,0,0,1,0,0,1,0,0,1,0,0,1,0,0,1,0,10,A,7,10,A,7,-3.3,A,7,-5.0,A,7,88,A,7,974,A,7,170,A,7,4.6,A,7,3200,B,7,460,A,7,0.8,E,8,0.000,?,0,0.00,?,0,0,1,D,9,71,C,8
01/23/1988,24:00,0,0,0,1,0,0,1,0,0,1,0,0,1,0,0,1,0,0,1,0,0,1,0,10,A,7,10,A,7,-2.8,A,7,-5.0,A,7,85,A,7,973,A,7,160,A,7,5.2,A,7,3200,B,7,460,A,7,0.8,E,8,0.000,?,0,0.00,?,0,0,1,D,9,71,C,8
01/24/1988,01:00,0,0,0,1,0,0,1,0,0,1,0,0,1,0,0,1,0,0,1,0,0,1,0,10,A,7,10,A,7,-2.8,A,7,-4.4,A,7,89,A,7,972,A,7,150,A,7,5.2,A,7,3200,B,7,460,A,7,0.8,E,8,0.000,?,0,0.00,?,0,0,1,D,9,71,C,8
01/24/1988,02:00,0,0,0,1,0,0,1,0,0,1,0,0,1,0,0,1,0,0,1,0,0,1,0,10,A,7,10,A,7,-2.2,A,7,-3.9,A,7,89,A,7,970,A,7,150,A,7,6.2,A,7,3200,B,7,310,A,7,0.8,E,8,0.000,?,0,0.00,?,0,0,1,D,9,71,C,8
01/24/1988,03:00,0,0,0,1,0,0,1,0,0,1,0,0,1,0,0,1,0,0,1,0,0,1,0,10,A,7,10,A,7,-1.7,A,7,-3.3,A,7,89,A,7,970,A,7,150,A,7,6.2,A,7,3200,B,7,310,A,7,0.9,E,8,0.000,?,0,0.00,?,0,0,1,D,9,71,C,8
01/24/1988,04:00,0,0,0,1,0,0,1,0,0,1,0,0,1,0,0,1,0,0,1,0,0,1,0,10,A,7,10,A,7,-1.1,A,7,-2.8,A,7,89,A,7,970,A,7,160,A,7,4.1,A,7,3200,B,7,310,A,7,0.9,E,8,0.000,?,0,0.00,?,0,0,1,D,9,71,C,8
01/24/1988,05:00,0,0,0,1,0,0,1,0,0,1,0,0,1,0,0,1,0,0,1,0,0,1,0,10,A,7,10,A,7,0.0,A,7,-7.8,A,7,56,A,7,969,A,7,160,A,7,5.2,A,7,4000,B,7,550,A,7,0.7,E,8,0.000,?,0,0.00,?,0,0,1,D,9,71,C,8
01/24/1988,06:00,0,0,0,1,0,0,1,0,0,1,0,0,1,0,0,1,0,0,1,0,0,1,0,10,A,7,10,A,7,0.6,A,7,-1.7,A,7,85,A,7,969,A,7,180,A,7,6.2,A,7,8000,B,7,490,A,7,1.0,E,8,0.000,?,0,0.00,?,0,0,1,D,9,71,C,8
01/24/1988,07:00,0,0,0,1,0,0,1,0,0,1,0,0,1,0,0,1,0,0,1,0,0,1,0,10,A,7,10,A,7,1.1,A,7,-1.1,A,7,85,A,7,968,A,7,190,A,7,7.2,A,7,11300,B,7,550,A,7,1.0,E,8,0.000,?,0,0.00,?,0,0,1,D,9,71,C,8
01/24/1988,08:00,0,0,0,1,0,0,1,0,0,1,0,0,1,0,0,1,0,0,1,0,0,1,0,10,A,7,9,A,7,1.7,A,7,-4.4,A,7,64,A,7,968,A,7,210,A,7,10.8,A,7,11300,B,7,850,A,7,0.8,E,8,0.000,?,0,0.00,?,0,0,1,D,9,71,C,8
01/24/1988,09:00,100,1353,34,1,13,8,1,9,34,1,13,38,1,13,0,1,9,38,1,13,101,1,21,10,A,7,9,A,7,0.6,A,7,-4.4,A,7,70,A,7,969,A,7,230,A,7,9.3,A,7,11300,B,7,760,A,7,0.8,E,8,0.000,F,8,0.00,?,0,0,1,D,9,00,C,8
01/24/1988,10:00,311,1412,59,1,13,6,1,9,57,1,13,67,1,13,2,1,9,66,1,13,216,1,21,10,A,7,10,A,7,-1.1,A,7,-4.4,A,7,78,A,7,971,A,7,230,A,7,10.3,A,7,11300,B,7,460,A,7,0.8,E,8,0.000,F,8,0.00,?,0,0,1,D,9,71,C,8
01/24/1988,11:00,482,1412,141,1,9,4,1,9,139,1,13,157,1,9,3,1,9,156,1,13,498,1,18,10,A,7,10,A,7,-2.2,A,7,-5.0,A,7,82,A,7,972,A,7,210,A,7,10.3,A,7,8000,B,7,460,A,7,0.8,E,8,0.000,F,8,0.00,?,0,0,1,D,9,71,C,8
01/24/1988,12:00,600,1412,170,1,9,10,1,9,165,1,13,192,1,9,8,1,9,188,1,13,634,1,18,10,A,7,10,A,7,-2.2,A,7,-5.0,A,7,82,A,7,973,A,7,230,A,7,9.3,A,7,11300,B,7,370,A,7,0.8,E,8,0.000,F,8,0.00,?,0,0,1,D,9,71,C,8
01/24/1988,13:00,656,1412,424,1,13,644,1,13,124,1,13,440,1,13,624,1,13,149,1,13,250,1,23,3,A,7,3,A,7,-1.1,A,7,-5.6,A,7,72,A,7,974,A,7,280,A,7,10.3,A,7,16100,B,7,77777,A,7,0.8,E,8,0.000,F,8,0.00,?,0,0,1,D,9,00,C,8
01/24/1988,14:00,645,1412,281,1,9,135,1,9,220,1,13,305,1,9,136,1,9,242,1,13,533,1,18,10,A,7,9,A,7,-1.1,A,7,-6.1,A,7,69,A,7,975,A,7,280,A,7,8.8,A,7,16100,B,7,550,A,7,0.7,E,8,0.000,F,8,0.00,?,0,0,1,D,9,00,C,8
01/24/1988,15:00,569,1412,317,1,13,367,1,13,170,1,13,338,1,13,363,1,13,190,1,13,363,1,23,7,A,7,5,A,7,-0.6,A,7,-6.1,A,7,67,A,7,975,A,7,260,A,7,9.3,A,7,16100,B,7,1830,A,7,0.7,E,8,0.000,F,8,0.00,?,0,0,1,D,9,00,C,8
01/24/1988,16:00,434,1412,135,1,9,6,1,9,133,1,13,149,1,9,4,1,9,148,1,13,454,1,18,10,A,7,10,A,7,-2.2,A,7,-5.6,A,7,78,A,7,977,A,7,240,A,7,8.2,A,7,1600,B,7,580,A,7,0.8,E,8,0.000,F,8,0.00,?,0,0,1,D,9,00,C,8
01/24/1988,17:00,247,1412,79,1,13,11,1,9,77,1,13,86,1,13,4,1,9,86,1,13,238,1,21,10,A,7,10,A,7,-3.3,A,7,-5.6,A,7,85,A,7,978,A,7,250,A,7,7.7,A,7,6400,B,7,370,A,7,0.8,E,8,0.000,F,8,0.00,?,0,0,1,D,9,85,C,8
01/24/1988,18:00,45,906,15,1,13,2,1,9,15,1,13,17,1,13,0,1,9,17,1,13,52,1,21,10,A,7,10,A,7,-3.3,A,7,-7.2,A,7,75,A,7,979,A,7,260,A,7,8.8,A,7,9700,B,7,700,A,7,0.7,E,8,0.000,F,8,0.00,?,0,0,1,D,9,85,C,8
01/24/1988,19:00,0,0,0,1,0,0,1,0,0,1,0,0,1,0,0,1,0,0,1,0,0,1,0,10,A,7,10,A,7,-3.9,A,7,-8.9,A,7,69,A,7,980,A,7,260,A,7,7.2,A,7,16100,B,7,700,A,7,0.6,E,8,0.000,?,0,0.00,?,0,0,1,D,9,71,C,8
01/24/1988,20:00,0,0,0,1,0,0,1,0,0,1,0,0,1,0,0,1,0,0,1,0,0,1,0,10,A,7,10,A,7,-3.9,A,7,-8.9,A,7,69,A,7,981,A,7,250,A,7,6.7,A,7,16100,B,7,700,A,7,0.6,E,8,0.000,?,0,0.00,?,0,0,1,D,9,00,C,8
01/24/1988,21:00,0,0,0,1,0,0,1,0,0,1,0,0,1,0,0,1,0,0,1,0,0,1,0,10,A,7,10,A,7,-3.9,A,7,-9.4,A,7,66,A,7,981,A,7,240,A,7,6.2,A,7,16100,B,7,700,A,7,0.6,E,8,0.000,?,0,0.00,?,0,0,1,D,9,00,C,8
01/24/1988,22:00,0,0,0,1,0,0,1,0,0,1,0,0,1,0,0,1,0,0,1,0,0,1,0,9,A,7,9,A,7,-5.0,A,7,-10.0,A,7,68,A,7,981,A,7,220,A,7,4.6,A,7,16100,B,7,700,A,7,0.6,E,8,0.000,?,0,0.00,?,0,0,1,D,9,00,C,8
01/24/1988,23:00,0,0,0,1,0,0,1,0,0,1,0,0,1,0,0,1,0,0,1,0,0,1,0,10,A,7,10,A,7,-5.0,A,7,-9.4,A,7,71,A,7,982,A,7,220,A,7,5.7,A,7,16100,B,7,700,A,7,0.6,E,8,0.000,?,0,0.00,?,0,0,1,D,9,00,C,8
01/24/1988,24:00,0,0,0,1,0,0,1,0,0,1,0,0,1,0,0,1,0,0,1,0,0,1,0,10,A,7,10,A,7,-5.6,A,7,-10.0,A,7,71,A,7,982,A,7,200,A,7,5.2,A,7,16100,B,7,700,A,7,0.6,E,8,0.000,?,0,0.00,?,0,0,1,D,9,00,C,8
01/25/1988,01:00,0,0,0,1,0,0,1,0,0,1,0,0,1,0,0,1,0,0,1,0,0,1,0,10,A,7,10,A,7,-6.1,A,7,-9.4,A,7,78,A,7,982,A,7,190,A,7,6.2,A,7,16100,B,7,700,A,7,0.6,E,8,0.000,?,0,0.00,?,0,0,1,D,9,00,C,8
01/25/1988,02:00,0,0,0,1,0,0,1,0,0,1,0,0,1,0,0,1,0,0,1,0,0,1,0,10,A,7,10,A,7,-6.7,A,7,-10.0,A,7,78,A,7,982,A,7,200,A,7,5.2,A,7,16100,B,7,490,A,7,0.6,E,8,0.000,?,0,0.00,?,0,0,1,D,9,00,C,8
01/25/1988,03:00,0,0,0,1,0,0,1,0,0,1,0,0,1,0,0,1,0,0,1,0,0,1,0,10,A,7,10,A,7,-6.1,A,7,-9.4,A,7,78,A,7,982,A,7,180,A,7,5.7,A,7,11300,B,7,370,A,7,0.6,E,8,0.000,?,0,0.00,?,0,0,1,D,9,71,C,8
01/25/1988,04:00,0,0,0,1,0,0,1,0,0,1,0,0,1,0,0,1,0,0,1,0,0,1,0,10,A,7,10,A,7,-6.1,A,7,-8.3,A,7,85,A,7,981,A,7,180,A,7,4.6,A,7,11300,B,7,370,A,7,0.7,E,8,0.000,?,0,0.00,?,0,0,1,D,9,71,C,8
01/25/1988,05:00,0,0,0,1,0,0,1,0,0,1,0,0,1,0,0,1,0,0,1,0,0,1,0,10,A,7,10,A,7,-5.6,A,7,-7.8,A,7,85,A,7,981,A,7,160,A,7,4.6,A,7,11300,B,7,370,A,7,0.7,E,8,0.000,?,0,0.00,?,0,0,1,D,9,71,C,8
01/25/1988,06:00,0,0,0,1,0,0,1,0,0,1,0,0,1,0,0,1,0,0,1,0,0,1,0,10,A,7,10,A,7,-5.6,A,7,-7.8,A,7,85,A,7,980,A,7,140,A,7,5.2,A,7,11300,B,7,370,A,7,0.7,E,8,0.000,?,0,0.00,?,0,0,1,D,9,71,C,8
01/25/1988,07:00,0,0,0,1,0,0,1,0,0,1,0,0,1,0,0,1,0,0,1,0,0,1,0,10,A,7,10,A,7,-5.6,A,7,-7.8,A,7,85,A,7,980,A,7,120,A,7,5.7,A,7,11300,B,7,980,A,7,0.7,E,8,0.000,?,0,0.00,?,0,0,1,D,9,71,C,8
01/25/1988,08:00,0,0,0,1,0,0,1,0,0,1,0,0,1,0,0,1,0,0,1,0,0,1,0,10,A,7,10,A,7,-5.6,A,7,-7.8,A,7,85,A,7,980,A,7,130,A,7,4.6,A,7,11300,B,7,980,A,7,0.7,E,8,0.000,?,0,0.00,?,0,0,1,D,9,71,C,8
01/25/1988,09:00,103,1376,22,1,13,3,1,9,21,1,13,24,1,13,0,1,9,24,1,13,73,1,21,10,A,7,10,A,7,-5.0,A,7,-7.2,A,7,85,A,7,980,A,7,140,A,7,5.7,A,7,8000,B,7,240,A,7,0.7,E,8,0.000,F,8,0.00,?,0,0,1,D,9,71,C,8
01/25/1988,10:00,314,1411,86,1,13,4,1,9,85,1,13,95,1,13,2,1,9,95,1,13,288,1,21,10,A,7,10,A,7,-4.4,A,7,-6.1,A,7,88,A,7,979,A,7,130,A,7,6.7,A,7,8000,B,7,240,A,7,0.7,E,8,0.000,F,8,0.00,?,0,0,1,D,9,45,C,8
01/25/1988,11:00,487,1411,170,1,9,7,1,9,167,1,13,187,1,9,5,1,9,185,1,13,557,1,18,10,A,7,10,A,7,-3.3,A,7,-5.6,A,7,85,A,7,979,A,7,130,A,7,6.2,A,7,3200,B,7,270,A,7,0.8,E,8,0.000,F,8,0.00,?,0,0,1,D,9,45,C,8
01/25/1988,12:00,605,1411,204,1,9,6,1,9,202,1,13,228,1,9,5,1,9,226,1,13,722,1,18,10,A,7,10,A,7,-2.8,A,7,-5.0,A,7,85,A,7,978,A,7,130,A,7,7.2,A,7,1600,B,7,270,A,7,0.8,E,8,0.000,F,8,0.00,?,0,0,1,D,9,45,C,8
01/25/1988,13:00,661,1411,210,1,9,4,1,9,208,1,13,236,1,9,3,1,9,234,1,13,781,1,18,10,A,7,10,A,7,-1.7,A,7,-4.4,A,7,82,A,7,977,A,7,130,A,7,7.7,A,7,4000,B,7,270,A,7,0.8,E,8,0.000,F,8,0.00,?,0,0,1,D,9,45,C,8
01/25/1988,14:00,650,1411,229,1,9,3,1,9,227,1,13,254,1,9,3,1,9,253,1,13,812,1,18,10,A,7,10,A,7,-1.1,A,7,-4.4,A,7,78,A,7,976,A,7,150,A,7,6.7,A,7,6400,B,7,400,A,7,0.8,E,8,0.000,F,8,0.00,?,0,0,1,D,9,45,C,8
01/25/1988,15:00,575,1411,207,1,9,0,1,9,207,1,13,229,1,9,0,1,9,229,1,13,705,1,18,10,A,7,10,A,7,-1.1,A,7,-3.3,A,7,85,A,7,976,A,7,120,A,7,6.2,A,7,1600,B,7,340,A,7,0.9,E,8,0.000,F,8,0.00,?,0,0,1,D,9,05,C,8
01/25/1988,16:00,439,1411,145,1,9,0,1,9,145,1,13,160,1,9,0,1,9,160,1,13,481,1,18,10,A,7,10,A,7,-1.7,A,7,-3.3,A,7,89,A,7,976,A,7,110,A,7,4.6,A,7,1600,B,7,370,A,7,0.9,E,8,0.000,F,8,0.00,?,0,0,1,D,9,45,C,8
01/25/1988,17:00,253,1411,82,1,13,1,1,9,82,1,13,90,1,13,0,1,9,90,1,13,250,1,21,10,A,7,10,A,7,-1.7,A,7,-2.8,A,7,92,A,7,976,A,7,110,A,7,4.6,A,7,800,B,7,180,A,7,0.9,E,8,0.000,F,8,0.00,?,0,0,1,D,9,45,C,8
01/25/1988,18:00,48,929,18,1,13,0,1,9,18,1,13,20,1,13,0,1,9,20,1,13,60,1,21,10,A,7,10,A,7,-2.2,A,7,-2.8,A,7,96,A,7,976,A,7,90,A,7,3.6,A,7,800,B,7,120,A,7,0.9,E,8,0.000,F,8,0.00,?,0,0,1,D,9,45,C,8
01/25/1988,19:00,0,0,0,1,0,0,1,0,0,1,0,0,1,0,0,1,0,0,1,0,0,1,0,10,A,7,10,A,7,-5.6,A,7,-6.7,A,7,92,A,7,977,A,7,270,A,7,7.2,A,7,1200,B,7,180,A,7,0.7,E,8,0.000,?,0,0.00,?,0,0,1,D,9,73,C,8
01/25/1988,20:00,0,0,0,1,0,0,1,0,0,1,0,0,1,0,0,1,0,0,1,0,0,1,0,10,A,7,10,A,7,-7.8,A,7,-9.4,A,7,88,A,7,977,A,7,260,A,7,7.7,A,7,3200,B,7,580,A,7,0.6,E,8,0.000,?,0,0.00,?,0,0,1,D,9,71,C,8
01/25/1988,21:00,0,0,0,1,0,0,1,0,0,1,0,0,1,0,0,1,0,0,1,0,0,1,0,10,A,7,10,A,7,-8.9,A,7,-13.9,A,7,68,A,7,977,A,7,260,A,7,7.7,A,7,2400,B,7,180,A,7,0.5,E,8,0.000,?,0,0.00,?,0,0,1,D,9,71,C,8
01/25/1988,22:00,0,0,0,1,0,0,1,0,0,1,0,0,1,0,0,1,0,0,1,0,0,1,0,10,A,7,10,A,7,-10.0,A,7,-12.2,A,7,84,A,7,977,A,7,280,A,7,7.2,A,7,2400,B,7,580,A,7,0.5,E,8,0.000,?,0,0.00,?,0,0,1,D,9,71,C,8
01/25/1988,23:00,0,0,0,1,0,0,1,0,0,1,0,0,1,0,0,1,0,0,1,0,0,1,0,10,A,7,10,A,7,-10.6,A,7,-12.2,A,7,88,A,7,976,A,7,280,A,7,5.2,A,7,1600,B,7,180,A,7,0.5,E,8,0.000,?,0,0.00,?,0,0,1,D,9,71,C,8
01/25/1988,24:00,0,0,0,1,0,0,1,0,0,1,0,0,1,0,0,1,0,0,1,0,0,1,0,10,A,7,10,A,7,-10.6,A,7,-12.8,A,7,84,A,7,976,A,7,260,A,7,5.2,A,7,3200,B,7,460,A,7,0.5,E,8,0.000,?,0,0.00,?,0,0,1,D,9,85,C,8
01/26/1988,01:00,0,0,0,1,0,0,1,0,0,1,0,0,1,0,0,1,0,0,1,0,0,1,0,10,A,7,10,A,7,-11.1,A,7,-13.3,A,7,84,A,7,976,A,7,250,A,7,5.2,A,7,3200,B,7,460,A,7,0.5,E,8,0.000,?,0,0.00,?,0,0,1,D,9,85,C,8
01/26/1988,02:00,0,0,0,1,0,0,1,0,0,1,0,0,1,0,0,1,0,0,1,0,0,1,0,10,A,7,10,A,7,-11.1,A,7,-13.3,A,7,84,A,7,976,A,7,250,A,7,5.2,A,7,8000,B,7,430,A,7,0.5,E,8,0.000,?,0,0.00,?,0,0,1,D,9,85,C,8
01/26/1988,03:00,0,0,0,1,0,0,1,0,0,1,0,0,1,0,0,1,0,0,1,0,0,1,0,10,A,7,10,A,7,-11.7,A,7,-13.3,A,7,88,A,7,977,A,7,250,A,7,5.2,A,7,8000,B,7,310,A,7,0.5,E,8,0.000,?,0,0.00,?,0,0,1,D,9,85,C,8
01/26/1988,04:00,0,0,0,1,0,0,1,0,0,1,0,0,1,0,0,1,0,0,1,0,0,1,0,10,A,7,10,A,7,-11.7,A,7,-13.9,A,7,84,A,7,977,A,7,260,A,7,5.2,A,7,8000,B,7,310,A,7,0.5,E,8,0.000,?,0,0.00,?,0,0,1,D,9,71,C,8
01/26/1988,05:00,0,0,0,1,0,0,1,0,0,1,0,0,1,0,0,1,0,0,1,0,0,1,0,10,A,7,10,A,7,-11.7,A,7,-13.3,A,7,88,A,7,978,A,7,260,A,7,5.2,A,7,8000,B,7,310,A,7,0.5,E,8,0.000,?,0,0.00,?,0,0,1,D,9,71,C,8
01/26/1988,06:00,0,0,0,1,0,0,1,0,0,1,0,0,1,0,0,1,0,0,1,0,0,1,0,10,A,7,10,A,7,-10.6,A,7,-12.2,A,7,88,A,7,978,A,7,250,A,7,4.1,A,7,6400,B,7,240,A,7,0.5,E,8,0.000,?,0,0.00,?,0,0,1,D,9,71,C,8
01/26/1988,07:00,0,0,0,1,0,0,1,0,0,1,0,0,1,0,0,1,0,0,1,0,0,1,0,10,A,7,10,A,7,-10.0,A,7,-11.7,A,7,88,A,7,979,A,7,260,A,7,3.6,A,7,8000,B,7,240,A,7,0.6,E,8,0.000,?,0,0.00,?,0,0,1,D,9,71,C,8
01/26/1988,08:00,0,0,0,1,0,0,1,0,0,1,0,0,1,0,0,1,0,0,1,0,0,1,0,10,A,7,10,A,7,-8.3,A,7,-9.4,A,7,92,A,7,980,A,7,360,A,7,2.6,A,7,11300,B,7,310,A,7,0.6,E,8,0.000,?,0,0.00,?,0,0,1,D,9,71,C,8
01/26/1988,09:00,107,1399,29,1,13,0,1,9,29,1,13,32,1,13,0,1,9,32,1,13,93,1,21,10,A,7,10,A,7,-7.2,A,7,-9.4,A,7,84,A,7,982,A,7,20,A,7,5.2,A,7,4800,B,7,310,A,7,0.6,E,8,0.000,F,8,0.00,?,0,0,1,D,9,71,C,8
01/26/1988,10:00,318,1411,147,1,13,207,1,13,101,1,13,154,1,13,165,1,13,117,1,13,204,1,23,10,A,7,6,A,7,-7.8,A,7,-11.1,A,7,77,A,7,983,A,7,20,A,7,6.2,A,7,4800,B,7,370,A,7,0.6,E,8,0.000,F,8,0.00,?,0,0,1,D,9,71,C,8
01/26/1988,11:00,491,1411,257,1,13,203,1,13,186,1,13,275,1,13,192,1,13,208,1,13,425,1,23,10,A,7,6,A,7,-7.8,A,7,-11.1,A,7,77,A,7,984,A,7,360,A,7,5.7,A,7,4800,B,7,7620,A,7,0.6,E,8,0.000,F,8,0.00,?,0,0,1,D,9,71,C,8
01/26/1988,12:00,610,1411,279,1,13,204,1,13,190,1,13,302,1,13,204,1,13,214,1,13,454,1,23,10,A,7,6,A,7,-8.3,A,7,-12.2,A,7,74,A,7,985,A,7,350,A,7,5.2,A,7,9700,B,7,7620,A,7,0.5,E,8,0.000,F,8,0.00,?,0,0,1,D,9,38,C,8
01/26/1988,13:00,666,1411,404,1,13,395,1,13,217,1,13,428,1,13,405,1,13,236,1,13,493,1,23,10,A,7,4,A,7,-8.3,A,7,-12.2,A,7,74,A,7,985,A,7,360,A,7,4.6,A,7,11300,B,7,77777,A,7,0.5,E,8,0.000,F,8,0.00,?,0,0,1,D,9,38,C,8
01/26/1988,14:00,656,1411,394,1,13,396,1,13,210,1,13,418,1,13,404,1,13,229,1,13,473,1,23,10,A,7,6,A,7,-8.9,A,7,-12.2,A,7,77,A,7,986,A,7,340,A,7,5.2,A,7,11300,B,7,7620,A,7,0.5,E,8,0.000,F,8,0.00,?,0,0,1,D,9,00,C,8
01/26/1988,15:00,580,1411,269,1,13,146,1,13,209,1,13,289,1,13,144,1,13,230,1,13,493,1,23,10,A,7,6,A,7,-10.0,A,7,-13.3,A,7,77,A,7,986,A,7,300,A,7,5.2,A,7,6400,B,7,610,A,7,0.5,E,8,0.000,F,8,0.00,?,0,0,1,D,9,00,C,8
01/26/1988,16:00,445,1411,221,1,13,273,1,13,136,1,13,234,1,13,251,1,13,154,1,13,280,1,23,10,A,7,6,A,7,-10.0,A,7,-13.9,A,7,74,A,7,987,A,7,320,A,7,4.1,A,7,11300,B,7,610,A,7,0.5,E,8,0.000,F,8,0.00,?,0,0,1,D,9,71,C,8
01/26/1988,17:00,258,1411,40,1,13,6,1,9,38,1,13,45,1,13,1,1,9,45,1,13,147,1,21,10,A,7,10,A,7,-9.4,A,7,-13.3,A,7,74,A,7,988,A,7,320,A,7,2.6,A,7,4800,B,7,580,A,7,0.5,E,8,0.000,F,8,0.00,?,0,0,1,D,9,71,C,8
01/26/1988,18:00,51,976,16,1,13,18,1,9,15,1,13,18,1,13,8,1,9,18,1,13,31,1,21,8,A,7,8,A,7,-12.8,A,7,-14.4,A,7,88,A,7,988,A,7,10,A,7,2.6,A,7,11300,B,7,1220,A,7,0.5,E,8,0.000,F,8,0.00,?,0,0,1,D,9,45,C,8
01/26/1988,19:00,0,0,0,1,0,0,1,0,0,1,0,0,1,0,0,1,0,0,1,0,0,1,0,3,A,7,3,A,7,-17.8,A,7,-18.9,A,7,91,A,7,989,A,7,50,A,7,1.5,A,7,16100,B,7,77777,A,7,0.4,E,8,0.000,?,0,0.00,?,0,0,1,D,9,45,C,8
01/26/1988,20:00,0,0,0,1,0,0,1,0,0,1,0,0,1,0,0,1,0,0,1,0,0,1,0,1,A,7,1,A,7,-18.9,A,7,-20.0,A,7,91,A,7,990,A,7,80,A,7,1.5,A,7,16100,B,7,77777,A,7,0.4,E,8,0.000,?,0,0.00,?,0,0,1,D,9,00,C,8
01/26/1988,21:00,0,0,0,1,0,0,1,0,0,1,0,0,1,0,0,1,0,0,1,0,0,1,0,9,A,7,9,A,7,-21.7,A,7,-23.3,A,7,87,A,7,991,A,7,300,A,7,2.1,A,7,11300,B,7,1160,A,7,0.3,E,8,0.000,?,0,0.00,?,0,0,1,D,9,00,C,8
01/26/1988,22:00,0,0,0,1,0,0,1,0,0,1,0,0,1,0,0,1,0,0,1,0,0,1,0,10,A,7,10,A,7,-17.2,A,7,-18.3,A,7,91,A,7,991,A,7,280,A,7,2.6,A,7,8000,B,7,980,A,7,0.4,E,8,0.000,?,0,0.00,?,0,0,1,D,9,71,C,8
01/26/1988,23:00,0,0,0,1,0,0,1,0,0,1,0,0,1,0,0,1,0,0,1,0,0,1,0,10,A,7,10,A,7,-13.9,A,7,-15.6,A,7,87,A,7,992,A,7,20,A,7,1.5,A,7,11300,B,7,980,A,7,0.5,E,8,0.000,?,0,0.00,?,0,0,1,D,9,71,C,8
01/26/1988,24:00,0,0,0,1,0,0,1,0,0,1,0,0,1,0,0,1,0,0,1,0,0,1,0,10,A,7,10,A,7,-13.9,A,7,-15.0,A,7,91,A,7,992,A,7,280,A,7,1.5,A,7,16100,B,7,980,A,7,0.5,E,8,0.000,?,0,0.00,?,0,0,1,D,9,71,C,8
01/27/1988,01:00,0,0,0,1,0,0,1,0,0,1,0,0,1,0,0,1,0,0,1,0,0,1,0,10,A,7,10,A,7,-13.3,A,7,-14.4,A,7,92,A,7,993,A,7,280,A,7,3.1,A,7,16100,B,7,980,A,7,0.5,E,8,0.000,?,0,0.00,?,0,0,1,D,9,71,C,8
01/27/1988,02:00,0,0,0,1,0,0,1,0,0,1,0,0,1,0,0,1,0,0,1,0,0,1,0,10,A,7,10,A,7,-13.3,A,7,-15.0,A,7,87,A,7,993,A,7,310,A,7,1.5,A,7,16100,B,7,980,A,7,0.5,E,8,0.000,?,0,0.00,?,0,0,1,D,9,00,C,8
01/27/1988,03:00,0,0,0,1,0,0,1,0,0,1,0,0,1,0,0,1,0,0,1,0,0,1,0,0,A,7,0,A,7,-17.2,A,7,-18.9,A,7,87,A,7,993,A,7,240,A,7,2.1,A,7,16100,B,7,77777,A,7,0.4,E,8,0.000,?,0,0.00,?,0,0,1,D,9,00,C,8
01/27/1988,04:00,0,0,0,1,0,0,1,0,0,1,0,0,1,0,0,1,0,0,1,0,0,1,0,8,A,7,8,A,7,-20.0,A,7,-22.2,A,7,83,A,7,994,A,7,280,A,7,2.1,A,7,16100,B,7,980,A,7,0.3,E,8,0.000,?,0,0.00,?,0,0,1,D,9,00,C,8
01/27/1988,05:00,0,0,0,1,0,0,1,0,0,1,0,0,1,0,0,1,0,0,1,0,0,1,0,10,A,7,10,A,7,-15.6,A,7,-17.2,A,7,87,A,7,994,A,7,70,A,7,2.1,A,7,16100,B,7,980,A,7,0.4,E,8,0.000,?,0,0.00,?,0,0,1,D,9,00,C,8
01/27/1988,06:00,0,0,0,1,0,0,1,0,0,1,0,0,1,0,0,1,0,0,1,0,0,1,0,10,A,7,10,A,7,-13.3,A,7,-15.0,A,7,87,A,7,994,A,7,170,A,7,2.6,A,7,16100,B,7,980,A,7,0.5,E,8,0.000,?,0,0.00,?,0,0,1,D,9,00,C,8
01/27/1988,07:00,0,0,0,1,0,0,1,0,0,1,0,0,1,0,0,1,0,0,1,0,0,1,0,10,A,7,10,A,7,-13.3,A,7,-15.0,A,7,87,A,7,994,A,7,190,A,7,3.1,A,7,16100,B,7,980,A,7,0.5,E,8,0.000,?,0,0.00,?,0,0,1,D,9,00,C,8
01/27/1988,08:00,0,0,0,1,0,0,1,0,0,1,0,0,1,0,0,1,0,0,1,0,0,1,0,10,A,7,10,A,7,-12.2,A,7,-13.9,A,7,88,A,7,994,A,7,190,A,7,2.6,A,7,3200,B,7,700,A,7,0.5,E,8,0.000,?,0,0.00,?,0,0,1,D,9,00,C,8
01/27/1988,09:00,110,1399,51,1,13,237,1,13,31,1,13,52,1,13,108,1,13,43,1,13,56,1,23,3,A,7,3,A,7,-12.2,A,7,-13.9,A,7,88,A,7,995,A,7,190,A,7,3.1,A,7,11300,B,7,77777,A,7,0.5,E,8,0.000,F,8,0.00,?,0,0,1,D,9,71,C,8
01/27/1988,10:00,323,1411,170,1,13,239,1,13,115,1,13,175,1,13,191,1,13,131,1,13,239,1,23,5,A,7,5,A,7,-10.0,A,7,-11.7,A,7,88,A,7,995,A,7,220,A,7,6.2,A,7,11300,B,7,77777,A,7,0.6,E,8,0.000,F,8,0.00,?,0,0,1,D,9,00,C,8
01/27/1988,11:00,496,1411,332,1,9,769,1,9,62,1,13,346,1,9,712,1,9,95,1,13,125,1,18,1,A,7,1,A,7,-8.9,A,7,-12.2,A,7,77,A,7,996,A,7,230,A,7,6.7,A,7,16100,B,7,77777,A,7,0.5,E,8,0.000,F,8,0.00,?,0,0,1,D,9,00,C,8
01/27/1988,12:00,614,1411,424,1,9,833,1,9,61,1,13,446,1,9,799,1,9,97,1,13,136,1,18,1,A,7,1,A,7,-7.8,A,7,-13.3,A,7,65,A,7,996,A,7,250,A,7,7.7,A,7,16100,B,7,77777,A,7,0.5,E,8,0.000,F,8,0.00,?,0,0,1,D,9,00,C,8
01/27/1988,13:00,671,1411,185,1,9,16,1,9,178,1,13,212,1,9,13,1,9,206,1,13,713,1,18,10,A,7,10,A,7,-7.8,A,7,-12.8,A,7,68,A,7,995,A,7,250,A,7,7.2,A,7,16100,B,7,640,A,7,0.5,E,8,0.000,F,8,0.00,?,0,0,1,D,9,00,C,8
01/27/1988,14:00,661,1411,257,1,9,7,1,9,253,1,13,284,1,9,7,1,9,280,1,13,870,1,18,10,A,7,10,A,7,-7.8,A,7,-13.3,A,7,65,A,7,995,A,7,230,A,7,7.2,A,7,12900,B,7,640,A,7,0.5,E,8,0.000,F,8,0.00,?,0,0,1,D,9,85,C,8
01/27/1988,15:00,586,1411,211,1,9,8,1,9,207,1,13,233,1,9,7,1,9,230,1,13,715,1,18,10,A,7,10,A,7,-7.8,A,7,-13.3,A,7,65,A,7,995,A,7,230,A,7,6.7,A,7,16100,B,7,670,A,7,0.5,E,8,0.000,F,8,0.00,?,0,0,1,D,9,85,C,8
01/27/1988,16:00,450,1411,145,1,9,3,1,9,145,1,13,161,1,9,2,1,9,161,1,13,489,1,18,10,A,7,10,A,7,-7.8,A,7,-12.8,A,7,68,A,7,995,A,7,230,A,7,5.7,A,7,12900,B,7,640,A,7,0.5,E,8,0.000,F,8,0.00,?,0,0,1,D,9,85,C,8
01/27/1988,17:00,264,1411,82,1,13,3,1,9,81,1,13,89,1,13,1,1,9,89,1,13,254,1,21,10,A,7,10,A,7,-8.3,A,7,-12.8,A,7,71,A,7,996,A,7,230,A,7,6.7,A,7,16100,B,7,700,A,7,0.5,E,8,0.000,F,8,0.00,?,0,0,1,D,9,85,C,8
01/27/1988,18:00,55,999,20,1,13,1,1,9,19,1,13,21,1,13,0,1,9,21,1,13,63,1,21,10,A,7,10,A,7,-8.9,A,7,-13.9,A,7,68,A,7,996,A,7,250,A,7,7.7,A,7,16100,B,7,700,A,7,0.5,E,8,0.000,F,8,0.00,?,0,0,1,D,9,85,C,8
01/27/1988,19:00,0,0,0,1,0,0,1,0,0,1,0,0,1,0,0,1,0,0,1,0,0,1,0,10,A,7,10,A,7,-9.4,A,7,-13.9,A,7,70,A,7,996,A,7,220,A,7,6.7,A,7,16100,B,7,760,A,7,0.5,E,8,0.000,?,0,0.00,?,0,0,1,D,9,00,C,8
01/27/1988,20:00,0,0,0,1,0,0,1,0,0,1,0,0,1,0,0,1,0,0,1,0,0,1,0,10,A,7,8,A,7,-10.0,A,7,-14.4,A,7,70,A,7,996,A,7,220,A,7,6.7,A,7,16100,B,7,3660,A,7,0.5,E,8,0.000,?,0,0.00,?,0,0,1,D,9,85,C,8
01/27/1988,21:00,0,0,0,1,0,0,1,0,0,1,0,0,1,0,0,1,0,0,1,0,0,1,0,10,A,7,10,A,7,-11.1,A,7,-17.8,A,7,58,A,7,996,A,7,220,A,7,6.7,A,7,16100,B,7,3050,A,7,0.4,E,8,0.000,?,0,0.00,?,0,0,1,D,9,85,C,8
01/27/1988,22:00,0,0,0,1,0,0,1,0,0,1,0,0,1,0,0,1,0,0,1,0,0,1,0,10,A,7,10,A,7,-10.6,A,7,-16.7,A,7,61,A,7,996,A,7,220,A,7,6.7,A,7,16100,B,7,700,A,7,0.4,E,8,0.000,?,0,0.00,?,0,0,1,D,9,85,C,8
01/27/1988,23:00,0,0,0,1,0,0,1,0,0,1,0,0,1,0,0,1,0,0,1,0,0,1,0,10,A,7,10,A,7,-10.6,A,7,-15.0,A,7,70,A,7,996,A,7,220,A,7,6.7,A,7,11300,B,7,700,A,7,0.5,E,8,0.000,?,0,0.00,?,0,0,1,D,9,85,C,8
01/27/1988,24:00,0,0,0,1,0,0,1,0,0,1,0,0,1,0,0,1,0,0,1,0,0,1,0,10,A,7,10,A,7,-10.6,A,7,-13.9,A,7,77,A,7,996,A,7,230,A,7,5.7,A,7,11300,B,7,700,A,7,0.5,E,8,0.000,?,0,0.00,?,0,0,1,D,9,85,C,8
01/28/1988,01:00,0,0,0,1,0,0,1,0,0,1,0,0,1,0,0,1,0,0,1,0,0,1,0,10,A,7,10,A,7,-10.0,A,7,-12.8,A,7,80,A,7,996,A,7,220,A,7,3.6,A,7,6400,B,7,760,A,7,0.5,E,8,0.000,?,0,0.00,?,0,0,1,D,9,71,C,8
01/28/1988,02:00,0,0,0,1,0,0,1,0,0,1,0,0,1,0,0,1,0,0,1,0,0,1,0,10,A,7,10,A,7,-9.4,A,7,-11.7,A,7,84,A,7,997,A,7,220,A,7,3.6,A,7,6400,B,7,370,A,7,0.6,E,8,0.000,?,0,0.00,?,0,0,1,D,9,71,C,8
01/28/1988,03:00,0,0,0,1,0,0,1,0,0,1,0,0,1,0,0,1,0,0,1,0,0,1,0,10,A,7,10,A,7,-9.4,A,7,-11.1,A,7,88,A,7,997,A,7,220,A,7,2.6,A,7,4800,B,7,370,A,7,0.6,E,8,0.000,?,0,0.00,?,0,0,1,D,9,71,C,8
01/28/1988,04:00,0,0,0,1,0,0,1,0,0,1,0,0,1,0,0,1,0,0,1,0,0,1,0,10,A,7,10,A,7,-9.4,A,7,-10.6,A,7,92,A,7,998,A,7,240,A,7,2.6,A,7,4800,B,7,370,A,7,0.6,E,8,0.000,?,0,0.00,?,0,0,1,D,9,71,C,8
01/28/1988,05:00,0,0,0,1,0,0,1,0,0,1,0,0,1,0,0,1,0,0,1,0,0,1,0,10,A,7,10,A,7,-8.9,A,7,-10.6,A,7,88,A,7,998,A,7,250,A,7,2.6,A,7,4800,B,7,580,A,7,0.6,E,8,0.000,?,0,0.00,?,0,0,1,D,9,71,C,8
01/28/1988,06:00,0,0,0,1,0,0,1,0,0,1,0,0,1,0,0,1,0,0,1,0,0,1,0,10,A,7,10,A,7,-8.9,A,7,-10.6,A,7,88,A,7,999,A,7,270,A,7,2.1,A,7,4800,B,7,580,A,7,0.6,E,8,0.000,?,0,0.00,?,0,0,1,D,9,71,C,8
01/28/1988,07:00,0,0,0,1,0,0,1,0,0,1,0,0,1,0,0,1,0,0,1,0,0,1,0,10,A,7,10,A,7,-8.9,A,7,-10.6,A,7,88,A,7,999,A,7,300,A,7,2.1,A,7,8000,B,7,580,A,7,0.6,E,8,0.000,?,0,0.00,?,0,0,1,D,9,71,C,8
01/28/1988,08:00,0,12,0,1,0,0,1,0,0,1,0,0,1,1,0,1,2,0,1,2,0,1,1,10,A,7,10,A,7,-8.9,A,7,-11.1,A,7,84,A,7,1000,A,7,280,A,7,2.1,A,7,9700,B,7,580,A,7,0.6,E,8,0.000,?,0,0.00,?,0,0,1,D,9,71,C,8
01/28/1988,09:00,114,1410,27,1,13,1,1,9,26,1,13,29,1,13,0,1,9,29,1,13,86,1,21,10,A,7,10,A,7,-8.3,A,7,-11.1,A,7,81,A,7,1001,A,7,250,A,7,2.6,A,7,4800,B,7,520,A,7,0.6,E,8,0.000,F,8,0.00,?,0,0,1,D,9,71,C,8
01/28/1988,10:00,327,1410,95,1,13,2,1,9,94,1,13,105,1,13,1,1,9,104,1,13,313,1,21,10,A,7,10,A,7,-7.8,A,7,-11.1,A,7,77,A,7,1001,A,7,0,A,7,0.0,A,7,11300,B,7,700,A,7,0.6,E,8,0.000,F,8,0.00,?,0,0,1,D,9,71,C,8
01/28/1988,11:00,500,1410,321,1,9,651,1,9,90,1,13,333,1,9,599,1,9,119,1,13,171,1,18,1,A,7,1,A,7,-6.7,A,7,-12.8,A,7,62,A,7,1002,A,7,0,A,7,0.0,A,7,16100,B,7,77777,A,7,0.5,E,8,0.000,F,8,0.00,?,0,0,1,D,9,71,C,8
01/28/1988,12:00,620,1410,425,1,9,706,1,9,114,1,13,441,1,9,679,1,9,142,1,13,227,1,18,1,A,7,1,A,7,-3.9,A,7,-12.8,A,7,51,A,7,1002,A,7,0,A,7,0.0,A,7,16100,B,7,77777,A,7,0.5,E,8,0.000,F,8,0.00,?,0,0,1,D,9,00,C,8
01/28/1988,13:00,676,1410,469,1,9,788,1,9,92,1,13,488,1,9,765,1,9,119,1,13,186,1,18,1,A,7,1,A,7,-4.4,A,7,-12.8,A,7,53,A,7,1002,A,7,0,A,7,0.0,A,7,16100,B,7,77777,A,7,0.5,E,8,0.000,F,8,0.00,?,0,0,1,D,9,00,C,8
01/28/1988,14:00,667,1410,453,1,9,688,1,9,128,1,13,471,1,9,668,1,9,154,1,13,260,1,18,2,A,7,2,A,7,-4.4,A,7,-12.8,A,7,53,A,7,1001,A,7,0,A,7,0.0,A,7,16100,B,7,77777,A,7,0.5,E,8,0.000,F,8,0.00,?,0,0,1,D,9,00,C,8
01/28/1988,15:00,592,1410,389,1,9,639,1,9,121,1,13,401,1,9,606,1,9,146,1,13,233,1,18,3,A,7,2,A,7,-4.4,A,7,-12.2,A,7,55,A,7,1001,A,7,80,A,7,2.1,A,7,16100,B,7,77777,A,7,0.5,E,8,0.000,F,8,0.00,?,0,0,1,D,9,00,C,8
01/28/1988,16:00,456,1410,227,1,13,335,1,13,119,1,13,242,1,13,311,1,13,141,1,13,238,1,23,8,A,7,3,A,7,-5.0,A,7,-12.8,A,7,55,A,7,1001,A,7,0,A,7,0.0,A,7,16100,B,7,77777,A,7,0.5,E,8,0.000,F,8,0.00,?,0,0,1,D,9,00,C,8
01/28/1988,17:00,269,1410,133,1,13,246,1,13,87,1,13,139,1,13,180,1,13,105,1,13,174,1,23,10,A,7,3,A,7,-6.7,A,7,-11.7,A,7,68,A,7,1001,A,7,280,A,7,2.1,A,7,16100,B,7,77777,A,7,0.6,E,8,0.000,F,8,0.00,?,0,0,1,D,9,00,C,8
01/28/1988,18:00,59,1023,31,1,13,33,1,13,28,1,13,32,1,13,14,1,13,32,1,13,58,1,23,10,A,7,3,A,7,-10.0,A,7,-12.8,A,7,80,A,7,1001,A,7,40,A,7,2.1,A,7,16100,B,7,77777,A,7,0.5,E,8,0.000,F,8,0.00,?,0,0,1,D,9,00,C,8
01/28/1988,19:00,0,0,0,1,0,0,1,0,0,1,0,0,1,0,0,1,0,0,1,0,0,1,0,10,A,7,8,A,7,-7.8,A,7,-11.7,A,7,74,A,7,1001,A,7,80,A,7,3.1,A,7,16100,B,7,3660,A,7,0.6,E,8,0.000,?,0,0.00,?,0,0,1,D,9,00,C,8
01/28/1988,20:00,0,0,0,1,0,0,1,0,0,1,0,0,1,0,0,1,0,0,1,0,0,1,0,10,A,7,10,A,7,-10.0,A,7,-13.3,A,7,77,A,7,1001,A,7,90,A,7,3.1,A,7,16100,B,7,3660,A,7,0.5,E,8,0.000,?,0,0.00,?,0,0,1,D,9,00,C,8
01/28/1988,21:00,0,0,0,1,0,0,1,0,0,1,0,0,1,0,0,1,0,0,1,0,0,1,0,10,A,7,10,A,7,-7.8,A,7,-12.2,A,7,71,A,7,1001,A,7,110,A,7,3.6,A,7,16100,B,7,3050,A,7,0.5,E,8,0.000,?,0,0.00,?,0,0,1,D,9,00,C,8
01/28/1988,22:00,0,0,0,1,0,0,1,0,0,1,0,0,1,0,0,1,0,0,1,0,0,1,0,10,A,7,10,A,7,-6.1,A,7,-12.2,A,7,62,A,7,1000,A,7,120,A,7,4.6,A,7,16100,B,7,3050,A,7,0.5,E,8,0.000,?,0,0.00,?,0,0,1,D,9,00,C,8
01/28/1988,23:00,0,0,0,1,0,0,1,0,0,1,0,0,1,0,0,1,0,0,1,0,0,1,0,10,A,7,10,A,7,-6.1,A,7,-9.4,A,7,78,A,7,1000,A,7,150,A,7,5.7,A,7,16100,B,7,3050,A,7,0.6,E,8,0.000,?,0,0.00,?,0,0,1,D,9,00,C,8
01/28/1988,24:00,0,0,0,1,0,0,1,0,0,1,0,0,1,0,0,1,0,0,1,0,0,1,0,10,A,7,10,A,7,-6.1,A,7,-8.9,A,7,81,A,7,1000,A,7,150,A,7,6.2,A,7,16100,B,7,3050,A,7,0.6,E,8,0.000,?,0,0.00,?,0,0,1,D,9,00,C,8
01/29/1988,01:00,0,0,0,1,0,0,1,0,0,1,0,0,1,0,0,1,0,0,1,0,0,1,0,10,A,7,10,A,7,-5.6,A,7,-8.3,A,7,81,A,7,999,A,7,140,A,7,6.2,A,7,16100,B,7,3050,A,7,0.7,E,8,0.000,?,0,0.00,?,0,0,1,D,9,00,C,8
01/29/1988,02:00,0,0,0,1,0,0,1,0,0,1,0,0,1,0,0,1,0,0,1,0,0,1,0,9,A,7,8,A,7,-6.1,A,7,-8.3,A,7,85,A,7,998,A,7,130,A,7,5.2,A,7,16100,B,7,3050,A,7,0.7,E,8,0.000,?,0,0.00,?,0,0,1,D,9,00,C,8
01/29/1988,03:00,0,0,0,1,0,0,1,0,0,1,0,0,1,0,0,1,0,0,1,0,0,1,0,10,A,7,8,A,7,-5.6,A,7,-8.3,A,7,81,A,7,997,A,7,140,A,7,6.2,A,7,16100,B,7,3050,A,7,0.7,E,8,0.000,?,0,0.00,?,0,0,1,D,9,00,C,8
01/29/1988,04:00,0,0,0,1,0,0,1,0,0,1,0,0,1,0,0,1,0,0,1,0,0,1,0,10,A,7,7,A,7,-5.0,A,7,-8.3,A,7,78,A,7,996,A,7,140,A,7,6.2,A,7,16100,B,7,3050,A,7,0.7,E,8,0.000,?,0,0.00,?,0,0,1,D,9,00,C,8
01/29/1988,05:00,0,0,0,1,0,0,1,0,0,1,0,0,1,0,0,1,0,0,1,0,0,1,0,10,A,7,8,A,7,-4.4,A,7,-8.3,A,7,75,A,7,995,A,7,140,A,7,7.2,A,7,16100,B,7,3050,A,7,0.7,E,8,0.000,?,0,0.00,?,0,0,1,D,9,00,C,8
01/29/1988,06:00,0,0,0,1,0,0,1,0,0,1,0,0,1,0,0,1,0,0,1,0,0,1,0,4,A,7,3,A,7,-4.4,A,7,-8.3,A,7,75,A,7,994,A,7,130,A,7,6.7,A,7,16100,B,7,77777,A,7,0.7,E,8,0.000,?,0,0.00,?,0,0,1,D,9,00,C,8
01/29/1988,07:00,0,0,0,1,0,0,1,0,0,1,0,0,1,0,0,1,0,0,1,0,0,1,0,7,A,7,4,A,7,-4.4,A,7,-7.8,A,7,78,A,7,994,A,7,140,A,7,7.7,A,7,16100,B,7,3050,A,7,0.7,E,8,0.000,?,0,0.00,?,0,0,1,D,9,00,C,8
01/29/1988,08:00,0,35,0,1,0,0,1,0,0,1,0,0,1,1,0,1,2,0,1,2,0,1,1,9,A,7,9,A,7,-3.9,A,7,-7.8,A,7,75,A,7,993,A,7,150,A,7,8.2,A,7,16100,B,7,3050,A,7,0.7,E,8,0.000,?,0,0.00,?,0,0,1,D,9,00,C,8
01/29/1988,09:00,118,1410,48,1,13,30,1,9,45,1,13,52,1,13,19,1,9,50,1,13,95,1,21,9,A,7,8,A,7,-3.9,A,7,-7.8,A,7,75,A,7,992,A,7,150,A,7,7.2,A,7,16100,B,7,3660,A,7,0.7,E,8,0.000,F,8,0.00,?,0,0,1,D,9,00,C,8
01/29/1988,10:00,331,1410,144,1,13,27,1,9,137,1,13,154,1,13,17,1,9,150,1,13,378,1,21,10,A,7,10,A,7,-3.3,A,7,-7.2,A,7,75,A,7,992,A,7,160,A,7,7.7,A,7,16100,B,7,3660,A,7,0.7,E,8,0.000,F,8,0.00,?,0,0,1,D,9,00,C,8
01/29/1988,11:00,505,1410,166,1,9,2,1,9,165,1,13,184,1,9,2,1,9,183,1,13,569,1,18,10,A,7,10,A,7,-1.7,A,7,-6.1,A,7,72,A,7,992,A,7,170,A,7,6.7,A,7,16100,B,7,3660,A,7,0.8,E,8,0.000,F,8,0.00,?,0,0,1,D,9,00,C,8
01/29/1988,12:00,625,1410,316,1,13,195,1,13,230,1,13,340,1,13,195,1,13,254,1,13,553,1,23,10,A,7,7,A,7,-0.6,A,7,-5.0,A,7,72,A,7,990,A,7,170,A,7,7.2,A,7,16100,B,7,7620,A,7,0.8,E,8,0.000,F,8,0.00,?,0,0,1,D,9,00,C,8
01/29/1988,13:00,682,1410,457,1,13,544,1,13,194,1,13,475,1,13,541,1,13,212,1,13,412,1,23,10,A,7,6,A,7,2.2,A,7,-3.3,A,7,67,A,7,989,A,7,170,A,7,7.7,A,7,16100,B,7,7620,A,7,0.9,E,8,0.000,F,8,0.00,?,0,0,1,D,9,00,C,8
01/29/1988,14:00,672,1410,449,1,13,557,1,13,184,1,13,469,1,13,553,1,13,204,1,13,387,1,23,10,A,7,3,A,7,4.4,A,7,-1.7,A,7,65,A,7,988,A,7,180,A,7,6.2,A,7,16100,B,7,77777,A,7,1.0,E,8,0.000,F,8,0.00,?,0,0,1,D,9,00,C,8
01/29/1988,15:00,597,1410,310,1,13,262,1,13,199,1,13,327,1,13,262,1,13,215,1,13,441,1,23,10,A,7,3,A,7,5.6,A,7,-0.6,A,7,65,A,7,987,A,7,180,A,7,5.7,A,7,16100,B,7,77777,A,7,1.0,E,8,0.000,F,8,0.00,?,0,0,1,D,9,00,C,8
01/29/1988,16:00,462,1410,257,1,13,378,1,13,134,1,13,265,1,13,342,1,13,152,1,13,260,1,23,10,A,7,4,A,7,6.7,A,7,0.6,A,7,65,A,7,986,A,7,190,A,7,8.8,A,7,16100,B,7,77777,A,7,1.1,E,8,0.000,F,8,0.00,?,0,0,1,D,9,00,C,8
01/29/1988,17:00,275,1410,136,1,13,263,1,13,85,1,13,142,1,13,194,1,13,104,1,13,169,1,23,8,A,7,3,A,7,6.1,A,7,0.6,A,7,68,A,7,985,A,7,190,A,7,6.7,A,7,11300,B,7,77777,A,7,1.1,E,8,0.000,F,8,0.00,?,0,0,1,D,9,00,C,8
01/29/1988,18:00,62,1069,30,1,13,52,1,13,26,1,13,32,1,13,22,1,13,30,1,13,54,1,23,10,A,7,5,A,7,5.6,A,7,1.1,A,7,73,A,7,985,A,7,190,A,7,7.2,A,7,11300,B,7,77777,A,7,1.1,E,8,0.000,F,8,0.00,?,0,0,1,D,9,00,C,8
01/29/1988,19:00,0,0,0,1,0,0,1,0,0,1,0,0,1,0,0,1,0,0,1,0,0,1,0,8,A,7,4,A,7,5.6,A,7,1.7,A,7,76,A,7,985,A,7,190,A,7,5.7,A,7,11300,B,7,77777,A,7,1.2,E,8,0.000,?,0,0.00,?,0,0,1,D,9,00,C,8
01/29/1988,20:00,0,0,0,1,0,0,1,0,0,1,0,0,1,0,0,1,0,0,1,0,0,1,0,10,A,7,5,A,7,6.1,A,7,2.2,A,7,76,A,7,984,A,7,190,A,7,6.2,A,7,11300,B,7,77777,A,7,1.2,E,8,0.000,?,0,0.00,?,0,0,1,D,9,00,C,8
01/29/1988,21:00,0,0,0,1,0,0,1,0,0,1,0,0,1,0,0,1,0,0,1,0,0,1,0,10,A,7,4,A,7,6.7,A,7,2.2,A,7,74,A,7,984,A,7,190,A,7,7.2,A,7,11300,B,7,77777,A,7,1.2,E,8,0.000,?,0,0.00,?,0,0,1,D,9,00,C,8
01/29/1988,22:00,0,0,0,1,0,0,1,0,0,1,0,0,1,0,0,1,0,0,1,0,0,1,0,10,A,7,2,A,7,6.7,A,7,2.8,A,7,77,A,7,984,A,7,210,A,7,8.8,A,7,11300,B,7,77777,A,7,1.3,E,8,0.000,?,0,0.00,?,0,0,1,D,9,00,C,8
01/29/1988,23:00,0,0,0,1,0,0,1,0,0,1,0,0,1,0,0,1,0,0,1,0,0,1,0,7,A,7,1,A,7,6.7,A,7,3.3,A,7,80,A,7,984,A,7,200,A,7,8.8,A,7,11300,B,7,77777,A,7,1.3,E,8,0.000,?,0,0.00,?,0,0,1,D,9,00,C,8
01/29/1988,24:00,0,0,0,1,0,0,1,0,0,1,0,0,1,0,0,1,0,0,1,0,0,1,0,8,A,7,1,A,7,7.2,A,7,3.3,A,7,77,A,7,983,A,7,210,A,7,9.8,A,7,11300,B,7,77777,A,7,1.3,E,8,0.000,?,0,0.00,?,0,0,1,D,9,00,C,8
01/30/1988,01:00,0,0,0,1,0,0,1,0,0,1,0,0,1,0,0,1,0,0,1,0,0,1,0,7,A,7,2,A,7,6.7,A,7,3.3,A,7,80,A,7,983,A,7,200,A,7,8.2,A,7,11300,B,7,77777,A,7,1.3,E,8,0.000,?,0,0.00,?,0,0,1,D,9,00,C,8
01/30/1988,02:00,0,0,0,1,0,0,1,0,0,1,0,0,1,0,0,1,0,0,1,0,0,1,0,4,A,7,1,A,7,6.1,A,7,3.3,A,7,83,A,7,983,A,7,210,A,7,8.2,A,7,16100,B,7,77777,A,7,1.3,E,8,0.000,?,0,0.00,?,0,0,1,D,9,00,C,8
01/30/1988,03:00,0,0,0,1,0,0,1,0,0,1,0,0,1,0,0,1,0,0,1,0,0,1,0,4,A,7,1,A,7,6.7,A,7,3.3,A,7,80,A,7,983,A,7,200,A,7,9.3,A,7,16100,B,7,77777,A,7,1.3,E,8,0.000,?,0,0.00,?,0,0,1,D,9,00,C,8
01/30/1988,04:00,0,0,0,1,0,0,1,0,0,1,0,0,1,0,0,1,0,0,1,0,0,1,0,7,A,7,7,A,7,6.7,A,7,3.3,A,7,80,A,7,983,A,7,210,A,7,8.8,A,7,16100,B,7,980,A,7,1.3,E,8,0.000,?,0,0.00,?,0,0,1,D,9,00,C,8
01/30/1988,05:00,0,0,0,1,0,0,1,0,0,1,0,0,1,0,0,1,0,0,1,0,0,1,0,9,A,7,8,A,7,7.2,A,7,3.9,A,7,80,A,7,982,A,7,210,A,7,8.8,A,7,16100,B,7,980,A,7,1.3,E,8,0.000,?,0,0.00,?,0,0,1,D,9,00,C,8
01/30/1988,06:00,0,0,0,1,0,0,1,0,0,1,0,0,1,0,0,1,0,0,1,0,0,1,0,10,A,7,9,A,7,7.8,A,7,4.4,A,7,80,A,7,982,A,7,200,A,7,9.8,A,7,16100,B,7,980,A,7,1.4,E,8,0.000,?,0,0.00,?,0,0,1,D,9,00,C,8
01/30/1988,07:00,0,0,0,1,0,0,1,0,0,1,0,0,1,0,0,1,0,0,1,0,0,1,0,9,A,7,8,A,7,7.8,A,7,4.4,A,7,80,A,7,982,A,7,200,A,7,9.3,A,7,16100,B,7,980,A,7,1.4,E,8,0.000,?,0,0.00,?,0,0,1,D,9,00,C,8
01/30/1988,08:00,0,59,0,1,0,0,1,0,0,1,0,0,1,1,0,1,2,0,1,2,0,1,1,10,A,7,10,A,7,7.8,A,7,3.9,A,7,77,A,7,982,A,7,210,A,7,9.8,A,7,16100,B,7,980,A,7,1.3,E,8,0.000,?,0,0.00,?,0,0,1,D,9,00,C,8
01/30/1988,09:00,122,1410,34,1,13,11,1,9,33,1,13,37,1,13,7,1,9,37,1,13,77,1,21,10,A,7,10,A,7,8.3,A,7,4.4,A,7,77,A,7,982,A,7,210,A,7,8.8,A,7,16100,B,7,910,A,7,1.4,E,8,0.000,F,8,0.00,?,0,0,1,D,9,00,C,8
01/30/1988,10:00,336,1410,113,1,13,4,1,9,112,1,13,124,1,13,2,1,9,123,1,13,351,1,21,10,A,7,10,A,7,8.3,A,7,4.4,A,7,77,A,7,982,A,7,200,A,7,8.8,A,7,16100,B,7,910,A,7,1.4,E,8,0.000,F,8,0.00,?,0,0,1,D,9,00,C,8
01/30/1988,11:00,510,1410,171,1,9,0,1,9,171,1,13,189,1,9,0,1,9,189,1,13,584,1,18,10,A,7,10,A,7,8.9,A,7,5.0,A,7,77,A,7,982,A,7,210,A,7,9.3,A,7,16100,B,7,850,A,7,1.4,E,8,0.000,F,8,0.00,?,0,0,1,D,9,00,C,8
01/30/1988,12:00,630,1410,179,1,9,2,1,9,178,1,13,202,1,9,2,1,9,202,1,13,687,1,18,10,A,7,10,A,7,10.0,A,7,5.6,A,7,74,A,7,982,A,7,200,A,7,11.3,A,7,16100,B,7,760,A,7,1.5,E,8,0.000,F,8,0.00,?,0,0,1,D,9,00,C,8
01/30/1988,13:00,687,1410,232,1,9,8,1,9,228,1,13,260,1,9,7,1,9,257,1,13,848,1,18,10,A,7,10,A,7,10.0,A,7,5.6,A,7,74,A,7,982,A,7,210,A,7,9.3,A,7,16100,B,7,700,A,7,1.5,E,8,0.000,F,8,0.00,?,0,0,1,D,9,00,C,8
01/30/1988,14:00,678,1410,280,1,9,6,1,9,277,1,13,308,1,9,6,1,9,306,1,13,927,1,18,10,A,7,10,A,7,10.0,A,7,5.6,A,7,74,A,7,982,A,7,200,A,7,8.8,A,7,16100,B,7,580,A,7,1.5,E,8,0.000,F,8,0.00,?,0,0,1,D,9,00,C,8
01/30/1988,15:00,603,1410,214,1,9,4,1,9,212,1,13,237,1,9,3,1,9,236,1,13,741,1,18,10,A,7,10,A,7,9.4,A,7,6.1,A,7,80,A,7,981,A,7,210,A,7,7.7,A,7,12900,B,7,580,A,7,1.5,E,8,0.000,F,8,0.00,?,0,0,1,D,9,00,C,8
01/30/1988,16:00,467,1410,156,1,9,3,1,9,155,1,13,172,1,9,2,1,9,171,1,13,521,1,18,10,A,7,10,A,7,9.4,A,7,6.7,A,7,83,A,7,981,A,7,210,A,7,7.7,A,7,12900,B,7,550,A,7,1.6,E,8,0.000,F,8,0.00,?,0,0,1,D,9,00,C,8
01/30/1988,17:00,281,1410,95,1,13,1,1,9,95,1,13,104,1,13,0,1,9,104,1,13,287,1,21,10,A,7,10,A,7,10.0,A,7,6.7,A,7,80,A,7,982,A,7,200,A,7,8.8,A,7,12900,B,7,550,A,7,1.6,E,8,0.000,F,8,0.00,?,0,0,1,D,9,00,C,8
01/30/1988,18:00,66,1093,26,1,13,0,1,9,26,1,13,29,1,13,0,1,9,29,1,13,81,1,21,10,A,7,10,A,7,10.0,A,7,6.7,A,7,80,A,7,983,A,7,200,A,7,7.7,A,7,11300,B,7,610,A,7,1.6,E,8,0.000,F,8,0.00,?,0,0,1,D,9,00,C,8
01/30/1988,19:00,0,0,0,1,0,0,1,0,0,1,0,0,1,0,0,1,0,0,1,0,0,1,0,10,A,7,10,A,7,10.0,A,7,7.2,A,7,83,A,7,983,A,7,200,A,7,8.2,A,7,11300,B,7,550,A,7,1.6,E,8,0.000,?,0,0.00,?,0,0,1,D,9,00,C,8
01/30/1988,20:00,0,0,0,1,0,0,1,0,0,1,0,0,1,0,0,1,0,0,1,0,0,1,0,10,A,7,10,A,7,10.0,A,7,7.2,A,7,83,A,7,983,A,7,200,A,7,8.2,A,7,11300,B,7,550,A,7,1.6,E,8,0.000,?,0,0.00,?,0,0,1,D,9,00,C,8
01/30/1988,21:00,0,0,0,1,0,0,1,0,0,1,0,0,1,0,0,1,0,0,1,0,0,1,0,10,A,7,10,A,7,10.6,A,7,7.8,A,7,83,A,7,983,A,7,200,A,7,9.3,A,7,11300,B,7,550,A,7,1.7,E,8,0.000,?,0,0.00,?,0,0,1,D,9,00,C,8
01/30/1988,22:00,0,0,0,1,0,0,1,0,0,1,0,0,1,0,0,1,0,0,1,0,0,1,0,10,A,7,10,A,7,10.6,A,7,7.8,A,7,83,A,7,983,A,7,210,A,7,9.8,A,7,11300,B,7,550,A,7,1.7,E,8,0.000,?,0,0.00,?,0,0,1,D,9,00,C,8
01/30/1988,23:00,0,0,0,1,0,0,1,0,0,1,0,0,1,0,0,1,0,0,1,0,0,1,0,10,A,7,10,A,7,10.6,A,7,7.8,A,7,83,A,7,983,A,7,200,A,7,10.3,A,7,11300,B,7,550,A,7,1.7,E,8,0.000,?,0,0.00,?,0,0,1,D,9,00,C,8
01/30/1988,24:00,0,0,0,1,0,0,1,0,0,1,0,0,1,0,0,1,0,0,1,0,0,1,0,10,A,7,10,A,7,10.6,A,7,7.2,A,7,80,A,7,982,A,7,200,A,7,9.3,A,7,11300,B,7,980,A,7,1.6,E,8,0.000,?,0,0.00,?,0,0,1,D,9,00,C,8
01/31/1988,01:00,0,0,0,1,0,0,1,0,0,1,0,0,1,0,0,1,0,0,1,0,0,1,0,10,A,7,9,A,7,11.1,A,7,7.2,A,7,77,A,7,982,A,7,200,A,7,10.8,A,7,11300,B,7,1220,A,7,1.6,E,8,0.000,?,0,0.00,?,0,0,1,D,9,00,C,8
01/31/1988,02:00,0,0,0,1,0,0,1,0,0,1,0,0,1,0,0,1,0,0,1,0,0,1,0,10,A,7,10,A,7,11.1,A,7,7.2,A,7,77,A,7,982,A,7,200,A,7,10.3,A,7,11300,B,7,1220,A,7,1.6,E,8,0.000,?,0,0.00,?,0,0,1,D,9,00,C,8
01/31/1988,03:00,0,0,0,1,0,0,1,0,0,1,0,0,1,0,0,1,0,0,1,0,0,1,0,10,A,7,10,A,7,11.1,A,7,6.1,A,7,72,A,7,982,A,7,210,A,7,11.3,A,7,11300,B,7,910,A,7,1.5,E,8,0.000,?,0,0.00,?,0,0,1,D,9,00,C,8
01/31/1988,04:00,0,0,0,1,0,0,1,0,0,1,0,0,1,0,0,1,0,0,1,0,0,1,0,10,A,7,10,A,7,11.1,A,7,6.1,A,7,72,A,7,982,A,7,210,A,7,11.3,A,7,11300,B,7,910,A,7,1.5,E,8,0.000,?,0,0.00,?,0,0,1,D,9,00,C,8
01/31/1988,05:00,0,0,0,1,0,0,1,0,0,1,0,0,1,0,0,1,0,0,1,0,0,1,0,10,A,7,10,A,7,10.6,A,7,6.7,A,7,77,A,7,982,A,7,230,A,7,9.8,A,7,9700,B,7,910,A,7,1.6,E,8,0.000,?,0,0.00,?,0,0,1,D,9,00,C,8
01/31/1988,06:00,0,0,0,1,0,0,1,0,0,1,0,0,1,0,0,1,0,0,1,0,0,1,0,10,A,7,10,A,7,10.0,A,7,6.1,A,7,77,A,7,981,A,7,190,A,7,9.3,A,7,9700,B,7,910,A,7,1.5,E,8,0.000,?,0,0.00,?,0,0,1,D,9,61,C,8
01/31/1988,07:00,0,0,0,1,0,0,1,0,0,1,0,0,1,0,0,1,0,0,1,0,0,1,0,10,A,7,10,A,7,10.6,A,7,6.1,A,7,74,A,7,981,A,7,190,A,7,9.3,A,7,11300,B,7,910,A,7,1.5,E,8,0.000,?,0,0.00,?,0,3,1,D,9,61,C,8
01/31/1988,08:00,0,82,0,1,0,0,1,0,0,1,0,0,1,1,0,1,2,0,1,2,0,1,1,10,A,7,10,A,7,9.4,A,7,6.7,A,7,83,A,7,981,A,7,190,A,7,6.2,A,7,9700,B,7,760,A,7,1.6,E,8,0.000,?,0,0.00,?,0,8,1,D,9,61,C,8
01/31/1988,09:00,126,1409,21,1,13,0,1,9,21,1,13,24,1,13,0,1,9,24,1,13,75,1,21,10,A,7,10,A,7,9.4,A,7,7.2,A,7,86,A,7,981,A,7,190,A,7,8.8,A,7,4800,B,7,700,A,7,1.6,E,8,0.000,F,8,0.00,?,0,15,1,D,9,61,C,8
01/31/1988,10:00,340,1409,69,1,13,0,1,9,69,1,13,79,1,13,0,1,9,79,1,13,258,1,21,10,A,7,10,A,7,9.4,A,7,7.8,A,7,90,A,7,981,A,7,180,A,7,9.3,A,7,4800,B,7,580,A,7,1.7,E,8,0.000,F,8,0.00,?,0,18,1,D,9,45,C,8
01/31/1988,11:00,515,1409,108,1,9,1,1,9,108,1,13,125,1,9,1,1,9,124,1,13,433,1,18,10,A,7,10,A,7,10.0,A,7,8.3,A,7,90,A,7,981,A,7,190,A,7,9.8,A,7,4800,B,7,310,A,7,1.7,E,8,0.000,F,8,0.00,?,0,10,1,D,9,45,C,8
01/31/1988,12:00,635,1409,127,1,9,1,1,9,127,1,13,148,1,9,1,1,9,148,1,13,540,1,18,10,A,7,10,A,7,10.0,A,7,8.3,A,7,90,A,7,980,A,7,190,A,7,10.8,A,7,4800,B,7,310,A,7,1.7,E,8,0.000,F,8,0.00,?,0,5,1,D,9,45,C,8
01/31/1988,13:00,693,1409,141,1,9,0,1,9,141,1,13,165,1,9,0,1,9,165,1,13,611,1,18,10,A,7,10,A,7,10.0,A,7,8.9,A,7,93,A,7,979,A,7,200,A,7,11.3,A,7,4800,B,7,270,A,7,1.8,E,8,0.000,F,8,0.00,?,0,20,1,D,9,45,C,8
01/31/1988,14:00,684,1409,155,1,9,1,1,9,154,1,13,179,1,9,1,1,9,178,1,13,649,1,18,10,A,7,10,A,7,10.6,A,7,8.9,A,7,90,A,7,979,A,7,200,A,7,12.4,A,7,8000,B,7,270,A,7,1.8,E,8,0.000,F,8,0.00,?,0,0,1,D,9,45,C,8
01/31/1988,15:00,609,1409,124,1,9,1,1,9,124,1,13,144,1,9,1,1,9,144,1,13,520,1,18,10,A,7,10,A,7,10.6,A,7,9.4,A,7,93,A,7,979,A,7,210,A,7,10.8,A,7,4800,B,7,270,A,7,1.9,E,8,0.000,F,8,0.00,?,0,0,1,D,9,45,C,8
01/31/1988,16:00,473,1409,98,1,9,1,1,9,97,1,13,112,1,9,1,1,9,112,1,13,384,1,18,10,A,7,10,A,7,10.6,A,7,9.4,A,7,93,A,7,979,A,7,220,A,7,9.3,A,7,1600,B,7,210,A,7,1.9,E,8,0.000,F,8,0.00,?,0,5,1,D,9,45,C,8
01/31/1988,17:00,286,1409,57,1,13,0,1,9,57,1,13,65,1,13,0,1,9,65,1,13,209,1,21,10,A,7,10,A,7,10.6,A,7,9.4,A,7,93,A,7,981,A,7,240,A,7,6.7,A,7,4000,B,7,210,A,7,1.9,E,8,0.000,F,8,0.00,?,0,0,1,D,9,45,C,8
01/31/1988,18:00,70,1116,13,1,13,0,1,9,13,1,13,15,1,13,0,1,9,15,1,13,48,1,21,10,A,7,10,A,7,10.0,A,7,9.4,A,7,96,A,7,981,A,7,240,A,7,5.2,A,7,3200,B,7,210,A,7,1.9,E,8,0.000,F,8,0.00,?,0,0,1,D,9,45,C,8
01/31/1988,19:00,0,0,0,1,0,0,1,0,0,1,0,0,1,0,0,1,0,0,1,0,0,1,0,10,A,7,10,A,7,9.4,A,7,8.3,A,7,93,A,7,982,A,7,270,A,7,6.7,A,7,3200,B,7,150,A,7,1.7,E,8,0.000,?,0,0.00,?,0,0,1,D,9,45,C,8
01/31/1988,20:00,0,0,0,1,0,0,1,0,0,1,0,0,1,0,0,1,0,0,1,0,0,1,0,10,A,7,10,A,7,5.6,A,7,4.4,A,7,93,A,7,984,A,7,280,A,7,8.8,A,7,3200,B,7,180,A,7,1.4,E,8,0.000,?,0,0.00,?,0,0,1,D,9,45,C,8
01/31/1988,21:00,0,0,0,1,0,0,1,0,0,1,0,0,1,0,0,1,0,0,1,0,0,1,0,10,A,7,10,A,7,3.3,A,7,2.2,A,7,93,A,7,986,A,7,280,A,7,6.2,A,7,4800,B,7,370,A,7,1.2,E,8,0.000,?,0,0.00,?,0,0,1,D,9,45,C,8
01/31/1988,22:00,0,0,0,1,0,0,1,0,0,1,0,0,1,0,0,1,0,0,1,0,0,1,0,10,A,7,10,A,7,0.4,A,7,-1.1,A,7,89,A,7,986,A,7,290,A,7,5.8,A,7,11300,B,7,700,A,7,1.1,E,8,0.000,?,0,0.00,?,0,0,1,D,9,45,C,8
01/31/1988,23:00,0,0,0,1,0,0,1,0,0,1,0,0,1,0,0,1,0,0,1,0,0,1,0,10,A,7,10,A,7,-2.3,A,7,-4.5,A,7,89,A,7,986,A,7,290,A,7,5.3,A,7,11300,B,7,340,A,7,1.1,E,8,0.000,?,0,0.00,?,0,0,1,D,9,00,C,8
01/31/1988,24:00,0,0,0,1,0,0,1,0,0,1,0,0,1,0,0,1,0,0,1,0,0,1,0,10,A,7,10,A,7,-5.2,A,7,-7.9,A,7,85,A,7,988,A,7,290,A,7,4.9,A,7,11300,B,7,340,A,7,1.1,E,8,0.000,?,0,0.00,?,0,0,1,D,9,00,C,8
02/01/1985,01:00,0,0,0,1,0,0,1,0,0,1,0,0,1,0,0,1,0,0,1,0,0,1,0,7,A,7,7,A,7,-8.0,A,7,-11.4,A,7,87,A,7,989,A,7,290,A,7,4.4,A,7,24100,B,7,2740,A,7,0.4,E,8,0.000,?,0,0.00,?,0,0,1,D,9,00,C,8
02/01/1985,02:00,0,0,0,1,0,0,1,0,0,1,0,0,1,0,0,1,0,0,1,0,0,1,0,10,A,7,8,A,7,-10.9,A,7,-14.8,A,7,63,A,7,989,A,7,320,A,7,4.0,A,7,24100,B,7,3660,A,7,0.4,E,8,0.000,?,0,0.00,?,0,0,1,D,9,00,C,8
02/01/1985,03:00,0,0,0,1,0,0,1,0,0,1,0,0,1,0,0,1,0,0,1,0,0,1,0,10,A,7,10,A,7,-13.7,A,7,-18.2,A,7,66,A,7,990,A,7,320,A,7,3.5,A,7,24100,B,7,3660,A,7,0.4,E,8,0.000,?,0,0.00,?,0,0,1,D,9,00,C,8
02/01/1985,04:00,0,0,0,1,0,0,1,0,0,1,0,0,1,0,0,1,0,0,1,0,0,1,0,10,A,7,9,A,7,-16.7,A,7,-21.7,A,7,66,A,7,990,A,7,290,A,7,3.1,A,7,24100,B,7,3660,A,7,0.4,E,8,0.000,?,0,0.00,?,0,0,1,D,9,00,C,8
02/01/1985,05:00,0,0,0,1,0,0,1,0,0,1,0,0,1,0,0,1,0,0,1,0,0,1,0,10,A,7,10,A,7,-16.7,A,7,-20.6,A,7,72,A,7,990,A,7,300,A,7,2.6,A,7,24100,B,7,3660,A,7,0.4,E,8,0.000,?,0,0.00,?,0,0,1,D,9,00,C,8
02/01/1985,06:00,0,0,0,1,0,0,1,0,0,1,0,0,1,0,0,1,0,0,1,0,0,1,0,10,A,7,10,A,7,-17.2,A,7,-20.6,A,7,76,A,7,990,A,7,320,A,7,1.5,A,7,24100,B,7,3660,A,7,0.4,E,8,0.000,?,0,0.00,?,0,0,1,D,9,00,C,8
02/01/1985,07:00,0,0,0,1,0,0,1,0,0,1,0,0,1,0,0,1,0,0,1,0,0,1,0,10,A,7,10,A,7,-16.7,A,7,-20.0,A,7,76,A,7,991,A,7,280,A,7,2.6,A,7,24100,B,7,3660,A,7,0.4,E,8,0.000,?,0,0.00,?,0,0,1,D,9,00,C,8
02/01/1985,08:00,1,129,1,1,13,0,1,9,1,1,13,0,1,13,0,1,9,0,1,13,0,1,21,10,A,7,10,A,7,-16.7,A,7,-19.4,A,7,79,A,7,991,A,7,290,A,7,2.6,A,7,24100,B,7,3660,A,7,0.4,E,8,0.000,F,8,0.00,?,0,0,1,D,9,00,C,8
02/01/1985,09:00,133,1409,36,1,13,6,1,9,36,1,13,40,1,13,0,1,9,40,1,13,113,1,21,10,A,7,10,A,7,-16.1,A,7,-21.1,A,7,66,A,7,992,A,7,280,A,7,2.1,A,7,24100,B,7,3660,A,7,0.4,E,8,0.000,F,8,0.00,?,0,0,1,D,9,00,C,8
02/01/1985,10:00,349,1409,134,1,13,2,1,9,134,1,13,145,1,13,1,1,9,145,1,13,392,1,21,10,A,7,10,A,7,-15.0,A,7,-21.1,A,7,60,A,7,991,A,7,290,A,7,3.1,A,7,24100,B,7,3660,A,7,0.4,E,8,0.000,F,8,0.00,?,0,0,1,D,9,00,C,8
02/01/1985,11:00,524,1409,332,1,9,514,1,9,142,1,13,346,1,9,483,1,9,165,1,13,279,1,18,7,A,7,2,A,7,-14.4,A,7,-21.1,A,7,57,A,7,991,A,7,340,A,7,2.6,A,7,24100,B,7,77777,A,7,0.4,E,8,0.000,F,8,0.00,?,0,0,1,D,9,00,C,8
02/01/1985,12:00,645,1409,503,1,9,743,1,9,165,1,13,513,1,9,705,1,9,189,1,13,310,1,18,7,A,7,2,A,7,-13.9,A,7,-20.6,A,7,58,A,7,991,A,7,360,A,7,3.6,A,7,24100,B,7,77777,A,7,0.4,E,8,0.000,F,8,0.00,?,0,0,1,D,9,00,C,8
02/01/1985,13:00,703,1409,498,1,9,616,1,9,193,1,13,523,1,9,616,1,9,214,1,13,413,1,18,7,A,7,2,A,7,-13.3,A,7,-20.6,A,7,55,A,7,991,A,7,270,A,7,1.5,A,7,24100,B,7,77777,A,7,0.4,E,8,0.000,F,8,0.00,?,0,0,1,D,9,00,C,8
02/01/1985,14:00,694,1409,499,1,13,561,1,13,225,1,13,514,1,13,558,1,13,238,1,13,490,1,23,4,A,7,4,A,7,-13.3,A,7,-20.0,A,7,58,A,7,990,A,7,250,A,7,4.1,A,7,24100,B,7,77777,A,7,0.4,E,8,0.000,F,8,0.00,?,0,0,1,D,9,00,C,8
02/01/1985,15:00,619,1409,427,1,13,371,1,13,266,1,13,444,1,13,373,1,13,279,1,13,636,1,23,7,A,7,7,A,7,-13.9,A,7,-21.1,A,7,55,A,7,990,A,7,280,A,7,4.1,A,7,24100,B,7,610,A,7,0.4,E,8,0.000,F,8,0.00,?,0,0,1,D,9,00,C,8
02/01/1985,16:00,483,1409,316,1,13,429,1,13,171,1,13,332,1,13,404,1,13,193,1,13,370,1,23,6,A,7,6,A,7,-13.3,A,7,-21.1,A,7,52,A,7,990,A,7,320,A,7,3.1,A,7,24100,B,7,610,A,7,0.4,E,8,0.000,F,8,0.00,?,0,0,1,D,9,00,C,8
02/01/1985,17:00,296,1409,185,1,13,555,1,13,71,1,13,189,1,13,424,1,13,99,1,13,120,1,23,4,A,7,4,A,7,-13.9,A,7,-20.6,A,7,58,A,7,990,A,7,290,A,7,3.6,A,7,24100,B,7,77777,A,7,0.4,E,8,0.000,F,8,0.00,?,0,0,1,D,9,00,C,8
02/01/1985,18:00,78,1186,42,1,13,248,1,9,19,1,13,38,1,13,119,1,9,29,1,13,34,1,21,0,A,7,0,A,7,-16.1,A,7,-20.6,A,7,69,A,7,991,A,7,290,A,7,2.1,A,7,24100,B,7,77777,A,7,0.4,E,8,0.000,F,8,0.00,?,0,0,1,D,9,00,C,8
02/01/1985,19:00,0,0,0,1,0,0,1,0,0,1,0,0,1,0,0,1,0,0,1,0,0,1,0,0,A,7,0,A,7,-16.7,A,7,-23.3,A,7,57,A,7,991,A,7,270,A,7,2.6,A,7,24100,B,7,77777,A,7,0.3,E,8,0.000,?,0,0.00,?,0,0,1,D,9,00,C,8
02/01/1985,20:00,0,0,0,1,0,0,1,0,0,1,0,0,1,0,0,1,0,0,1,0,0,1,0,0,A,7,0,A,7,-21.1,A,7,-24.4,A,7,75,A,7,992,A,7,270,A,7,2.6,A,7,24100,B,7,77777,A,7,0.3,E,8,0.000,?,0,0.00,?,0,0,1,D,9,00,C,8
02/01/1985,21:00,0,0,0,1,0,0,1,0,0,1,0,0,1,0,0,1,0,0,1,0,0,1,0,0,A,7,0,A,7,-21.7,A,7,-24.4,A,7,78,A,7,992,A,7,300,A,7,2.6,A,7,24100,B,7,77777,A,7,0.3,E,8,0.000,?,0,0.00,?,0,0,1,D,9,00,C,8
02/01/1985,22:00,0,0,0,1,0,0,1,0,0,1,0,0,1,0,0,1,0,0,1,0,0,1,0,0,A,7,0,A,7,-22.2,A,7,-24.4,A,7,82,A,7,992,A,7,330,A,7,1.5,A,7,24100,B,7,77777,A,7,0.3,E,8,0.000,?,0,0.00,?,0,0,1,D,9,00,C,8
02/01/1985,23:00,0,0,0,1,0,0,1,0,0,1,0,0,1,0,0,1,0,0,1,0,0,1,0,4,A,7,4,A,7,-20.6,A,7,-23.3,A,7,79,A,7,992,A,7,340,A,7,1.5,A,7,24100,B,7,77777,A,7,0.3,E,8,0.000,?,0,0.00,?,0,0,1,D,9,00,C,8
02/01/1985,24:00,0,0,0,1,0,0,1,0,0,1,0,0,1,0,0,1,0,0,1,0,0,1,0,7,A,7,4,A,7,-20.6,A,7,-23.9,A,7,75,A,7,991,A,7,350,A,7,2.6,A,7,24100,B,7,4570,A,7,0.3,E,8,0.000,?,0,0.00,?,0,0,1,D,9,00,C,8
02/02/1985,01:00,0,0,0,1,0,0,1,0,0,1,0,0,1,0,0,1,0,0,1,0,0,1,0,10,A,7,10,A,7,-18.3,A,7,-21.1,A,7,79,A,7,992,A,7,140,A,7,2.6,A,7,11300,B,7,4570,A,7,0.4,E,8,0.000,?,0,0.00,?,0,0,1,D,9,00,C,8
02/02/1985,02:00,0,0,0,1,0,0,1,0,0,1,0,0,1,0,0,1,0,0,1,0,0,1,0,10,A,7,10,A,7,-19.4,A,7,-22.2,A,7,79,A,7,992,A,7,110,A,7,2.1,A,7,19300,B,7,4570,A,7,0.3,E,8,0.000,?,0,0.00,?,0,0,1,D,9,00,C,8
02/02/1985,03:00,0,0,0,1,0,0,1,0,0,1,0,0,1,0,0,1,0,0,1,0,0,1,0,10,A,7,10,A,7,-19.4,A,7,-22.2,A,7,79,A,7,993,A,7,250,A,7,1.5,A,7,19300,B,7,4570,A,7,0.3,E,8,0.000,?,0,0.00,?,0,0,1,D,9,00,C,8
02/02/1985,04:00,0,0,0,1,0,0,1,0,0,1,0,0,1,0,0,1,0,0,1,0,0,1,0,10,A,7,10,A,7,-18.9,A,7,-21.7,A,7,79,A,7,992,A,7,290,A,7,1.5,A,7,19300,B,7,4570,A,7,0.4,E,8,0.000,?,0,0.00,?,0,0,1,D,9,00,C,8
02/02/1985,05:00,0,0,0,1,0,0,1,0,0,1,0,0,1,0,0,1,0,0,1,0,0,1,0,10,A,7,10,A,7,-17.8,A,7,-20.6,A,7,79,A,7,992,A,7,290,A,7,2.1,A,7,16100,B,7,3660,A,7,0.4,E,8,0.000,?,0,0.00,?,0,0,1,D,9,00,C,8
02/02/1985,06:00,0,0,0,1,0,0,1,0,0,1,0,0,1,0,0,1,0,0,1,0,0,1,0,10,A,7,10,A,7,-17.2,A,7,-20.0,A,7,79,A,7,993,A,7,310,A,7,2.1,A,7,16100,B,7,2440,A,7,0.4,E,8,0.000,?,0,0.00,?,0,0,1,D,9,00,C,8
02/02/1985,07:00,0,0,0,1,0,0,1,0,0,1,0,0,1,0,0,1,0,0,1,0,0,1,0,10,A,7,10,A,7,-17.2,A,7,-20.0,A,7,79,A,7,992,A,7,20,A,7,1.5,A,7,16100,B,7,2130,A,7,0.4,E,8,0.000,?,0,0.00,?,0,0,1,D,9,00,C,8
02/02/1985,08:00,1,153,1,1,13,0,1,9,1,1,13,0,1,13,0,1,9,0,1,13,0,1,21,10,A,7,10,A,7,-16.7,A,7,-20.0,A,7,76,A,7,992,A,7,330,A,7,1.5,A,7,16100,B,7,1520,A,7,0.4,E,8,0.000,F,8,0.00,?,0,0,1,D,9,00,C,8
02/02/1985,09:00,138,1408,41,1,13,6,1,9,40,1,13,45,1,13,0,1,9,45,1,13,123,1,21,10,A,7,10,A,7,-16.1,A,7,-21.1,A,7,66,A,7,992,A,7,50,A,7,1.5,A,7,16100,B,7,1520,A,7,0.4,E,8,0.000,F,8,0.00,?,0,0,1,D,9,00,C,8
02/02/1985,10:00,354,1408,138,1,13,11,1,9,135,1,13,149,1,13,7,1,9,147,1,13,397,1,21,10,A,7,10,A,7,-15.6,A,7,-21.1,A,7,63,A,7,992,A,7,20,A,7,1.5,A,7,16100,B,7,1520,A,7,0.4,E,8,0.000,F,8,0.00,?,0,0,1,D,9,00,C,8
02/02/1985,11:00,529,1408,209,1,9,4,1,9,208,1,13,229,1,9,3,1,9,228,1,13,662,1,18,10,A,7,10,A,7,-13.9,A,7,-19.4,A,7,63,A,7,992,A,7,360,A,7,2.6,A,7,4800,B,7,1220,A,7,0.4,E,8,0.000,F,8,0.00,?,0,0,1,D,9,00,C,8
02/02/1985,12:00,651,1408,292,1,9,4,1,9,290,1,13,319,1,9,4,1,9,317,1,13,908,1,18,10,A,7,10,A,7,-13.9,A,7,-19.4,A,7,63,A,7,992,A,7,360,A,7,3.1,A,7,4800,B,7,1070,A,7,0.4,E,8,0.000,F,8,0.00,?,0,0,1,D,9,05,C,8
02/02/1985,13:00,709,1408,294,1,9,3,1,9,292,1,13,324,1,9,3,1,9,322,1,13,988,1,18,10,A,7,10,A,7,-13.9,A,7,-19.4,A,7,63,A,7,992,A,7,10,A,7,3.1,A,7,4800,B,7,1070,A,7,0.4,E,8,0.000,F,8,0.00,?,0,0,1,D,9,05,C,8
02/02/1985,14:00,700,1408,322,1,9,102,1,9,271,1,13,353,1,9,103,1,9,301,1,13,760,1,18,10,A,7,8,A,7,-13.3,A,7,-18.9,A,7,63,A,7,992,A,7,10,A,7,2.1,A,7,11300,B,7,7620,A,7,0.4,E,8,0.000,F,8,0.00,?,0,0,1,D,9,05,C,8
02/02/1985,15:00,625,1408,443,1,13,404,1,13,265,1,13,460,1,13,407,1,13,279,1,13,633,1,23,10,A,7,6,A,7,-13.3,A,7,-19.4,A,7,60,A,7,992,A,7,340,A,7,3.6,A,7,11300,B,7,7620,A,7,0.4,E,8,0.000,F,8,0.00,?,0,0,1,D,9,00,C,8
02/02/1985,16:00,489,1408,380,1,13,606,1,13,173,1,13,386,1,13,556,1,13,192,1,13,349,1,23,10,A,7,4,A,7,-12.8,A,7,-18.9,A,7,61,A,7,992,A,7,320,A,7,2.1,A,7,12900,B,7,77777,A,7,0.4,E,8,0.000,F,8,0.00,?,0,0,1,D,9,00,C,8
02/02/1985,17:00,302,1408,145,1,13,245,1,13,94,1,13,153,1,13,190,1,13,112,1,13,188,1,23,8,A,7,3,A,7,-13.3,A,7,-17.8,A,7,70,A,7,992,A,7,260,A,7,2.6,A,7,12900,B,7,77777,A,7,0.4,E,8,0.000,F,8,0.00,?,0,0,1,D,9,00,C,8
02/02/1985,18:00,82,1209,43,1,13,259,1,9,20,1,13,40,1,13,126,1,9,31,1,13,36,1,21,2,A,7,0,A,7,-15.0,A,7,-20.0,A,7,66,A,7,993,A,7,250,A,7,3.1,A,7,12900,B,7,77777,A,7,0.4,E,8,0.000,F,8,0.00,?,0,0,1,D,9,00,C,8
02/02/1985,19:00,0,0,0,1,0,0,1,0,0,1,0,0,1,0,0,1,0,0,1,0,0,1,0,0,A,7,0,A,7,-15.0,A,7,-18.9,A,7,73,A,7,994,A,7,230,A,7,3.6,A,7,12900,B,7,77777,A,7,0.4,E,8,0.000,?,0,0.00,?,0,0,1,D,9,00,C,8
02/02/1985,20:00,0,0,0,1,0,0,1,0,0,1,0,0,1,0,0,1,0,0,1,0,0,1,0,0,A,7,0,A,7,-18.3,A,7,-23.3,A,7,65,A,7,994,A,7,250,A,7,3.1,A,7,12900,B,7,77777,A,7,0.3,E,8,0.000,?,0,0.00,?,0,0,1,D,9,00,C,8
02/02/1985,21:00,0,0,0,1,0,0,1,0,0,1,0,0,1,0,0,1,0,0,1,0,0,1,0,0,A,7,0,A,7,-23.3,A,7,-28.9,A,7,61,A,7,994,A,7,250,A,7,2.6,A,7,12900,B,7,77777,A,7,0.3,E,8,0.000,?,0,0.00,?,0,0,1,D,9,00,C,8
02/02/1985,22:00,0,0,0,1,0,0,1,0,0,1,0,0,1,0,0,1,0,0,1,0,0,1,0,4,A,7,4,A,7,-21.7,A,7,-26.1,A,7,68,A,7,994,A,7,310,A,7,1.5,A,7,12900,B,7,77777,A,7,0.3,E,8,0.000,?,0,0.00,?,0,0,1,D,9,00,C,8
02/02/1985,23:00,0,0,0,1,0,0,1,0,0,1,0,0,1,0,0,1,0,0,1,0,0,1,0,1,A,7,1,A,7,-23.9,A,7,-27.2,A,7,74,A,7,994,A,7,260,A,7,2.6,A,7,16100,B,7,77777,A,7,0.3,E,8,0.000,?,0,0.00,?,0,0,1,D,9,85,C,8
02/02/1985,24:00,0,0,0,1,0,0,1,0,0,1,0,0,1,0,0,1,0,0,1,0,0,1,0,2,A,7,2,A,7,-22.8,A,7,-26.1,A,7,74,A,7,995,A,7,230,A,7,3.6,A,7,16100,B,7,77777,A,7,0.3,E,8,0.000,?,0,0.00,?,0,0,1,D,9,76,C,8
02/03/1985,01:00,0,0,0,1,0,0,1,0,0,1,0,0,1,0,0,1,0,0,1,0,0,1,0,0,A,7,0,A,7,-23.3,A,7,-26.1,A,7,78,A,7,995,A,7,260,A,7,1.5,A,7,16100,B,7,77777,A,7,0.3,E,8,0.000,?,0,0.00,?,0,0,1,D,9,76,C,8
02/03/1985,02:00,0,0,0,1,0,0,1,0,0,1,0,0,1,0,0,1,0,0,1,0,0,1,0,0,A,7,0,A,7,-25.6,A,7,-28.3,A,7,78,A,7,995,A,7,210,A,7,1.5,A,7,16100,B,7,77777,A,7,0.3,E,8,0.000,?,0,0.00,?,0,0,1,D,9,00,C,8
02/03/1985,03:00,0,0,0,1,0,0,1,0,0,1,0,0,1,0,0,1,0,0,1,0,0,1,0,0,A,7,0,A,7,-25.6,A,7,-28.9,A,7,74,A,7,996,A,7,220,A,7,1.5,A,7,11300,B,7,77777,A,7,0.3,E,8,0.000,?,0,0.00,?,0,0,1,D,9,00,C,8
02/03/1985,04:00,0,0,0,1,0,0,1,0,0,1,0,0,1,0,0,1,0,0,1,0,0,1,0,0,A,7,0,A,7,-21.1,A,7,-23.3,A,7,82,A,7,996,A,7,220,A,7,3.1,A,7,11300,B,7,77777,A,7,0.3,E,8,0.000,?,0,0.00,?,0,0,1,D,9,00,C,8
02/03/1985,05:00,0,0,0,1,0,0,1,0,0,1,0,0,1,0,0,1,0,0,1,0,0,1,0,0,A,7,0,A,7,-19.4,A,7,-21.7,A,7,83,A,7,996,A,7,230,A,7,3.1,A,7,11300,B,7,77777,A,7,0.4,E,8,0.000,?,0,0.00,?,0,0,1,D,9,00,C,8
02/03/1985,06:00,0,0,0,1,0,0,1,0,0,1,0,0,1,0,0,1,0,0,1,0,0,1,0,0,A,7,0,A,7,-19.4,A,7,-21.7,A,7,83,A,7,997,A,7,210,A,7,4.1,A,7,11300,B,7,77777,A,7,0.4,E,8,0.000,?,0,0.00,?,0,0,1,D,9,00,C,8
02/03/1985,07:00,0,0,0,1,0,0,1,0,0,1,0,0,1,0,0,1,0,0,1,0,0,1,0,1,A,7,1,A,7,-18.3,A,7,-20.6,A,7,83,A,7,997,A,7,220,A,7,5.2,A,7,11300,B,7,77777,A,7,0.4,E,8,0.000,?,0,0.00,?,0,0,1,D,9,00,C,8
02/03/1985,08:00,2,176,3,1,13,5,1,9,2,1,13,0,1,13,0,1,9,0,1,13,0,1,21,3,A,7,2,A,7,-18.9,A,7,-21.1,A,7,83,A,7,998,A,7,230,A,7,4.1,A,7,11300,B,7,77777,A,7,0.4,E,8,0.000,F,8,0.00,?,0,0,1,D,9,00,C,8
02/03/1985,09:00,143,1408,61,1,13,109,1,9,50,1,13,63,1,13,53,1,9,57,1,13,99,1,21,6,A,7,2,A,7,-17.2,A,7,-20.6,A,7,76,A,7,998,A,7,210,A,7,3.6,A,7,11300,B,7,77777,A,7,0.4,E,8,0.000,F,8,0.00,?,0,0,1,D,9,00,C,8
02/03/1985,10:00,359,1408,208,1,13,380,1,9,112,1,13,212,1,13,315,1,9,131,1,13,215,1,21,6,A,7,2,A,7,-15.6,A,7,-18.3,A,7,80,A,7,998,A,7,200,A,7,6.2,A,7,11300,B,7,77777,A,7,0.4,E,8,0.000,F,8,0.00,?,0,0,1,D,9,00,C,8
02/03/1985,11:00,535,1408,382,1,9,835,1,9,67,1,13,401,1,9,785,1,9,101,1,13,136,1,18,0,A,7,0,A,7,-13.3,A,7,-17.2,A,7,73,A,7,998,A,7,210,A,7,7.2,A,7,11300,B,7,77777,A,7,0.4,E,8,0.000,F,8,0.00,?,0,0,1,D,9,00,C,8
02/03/1985,12:00,656,1408,490,1,9,887,1,9,79,1,13,518,1,9,863,1,9,114,1,13,168,1,18,0,A,7,0,A,7,-11.1,A,7,-20.0,A,7,48,A,7,998,A,7,220,A,7,6.2,A,7,16100,B,7,77777,A,7,0.4,E,8,0.000,F,8,0.00,?,0,0,1,D,9,00,C,8
02/03/1985,13:00,715,1408,550,1,9,921,1,9,85,1,13,583,1,9,906,1,9,121,1,13,185,1,18,0,A,7,0,A,7,-10.6,A,7,-19.4,A,7,48,A,7,997,A,7,230,A,7,5.2,A,7,16100,B,7,77777,A,7,0.4,E,8,0.000,F,8,0.00,?,0,0,1,D,9,00,C,8
02/03/1985,14:00,706,1408,538,1,9,896,1,9,93,1,13,566,1,9,876,1,9,124,1,13,194,1,18,1,A,7,0,A,7,-8.9,A,7,-17.2,A,7,51,A,7,997,A,7,210,A,7,7.7,A,7,16100,B,7,77777,A,7,0.4,E,8,0.000,F,8,0.00,?,0,0,1,D,9,00,C,8
02/03/1985,15:00,631,1408,467,1,9,878,1,9,77,1,13,494,1,9,849,1,9,111,1,13,161,1,18,0,A,7,0,A,7,-8.3,A,7,-12.8,A,7,71,A,7,997,A,7,230,A,7,8.2,A,7,16100,B,7,77777,A,7,0.5,E,8,0.000,F,8,0.00,?,0,0,1,D,9,00,C,8
02/03/1985,16:00,495,1408,348,1,9,787,1,9,75,1,13,359,1,9,722,1,9,104,1,13,137,1,18,2,A,7,0,A,7,-7.8,A,7,-15.0,A,7,57,A,7,997,A,7,220,A,7,9.3,A,7,16100,B,7,77777,A,7,0.5,E,8,0.000,F,8,0.00,?,0,0,1,D,9,00,C,8
02/03/1985,17:00,308,1408,183,1,13,654,1,9,44,1,13,191,1,13,533,1,9,74,1,13,83,1,21,0,A,7,0,A,7,-8.9,A,7,-15.0,A,7,62,A,7,998,A,7,230,A,7,8.2,A,7,16100,B,7,77777,A,7,0.5,E,8,0.000,F,8,0.00,?,0,0,1,D,9,00,C,8
02/03/1985,18:00,87,1232,45,1,13,257,1,9,21,1,13,41,1,13,126,1,9,32,1,13,37,1,21,0,A,7,0,A,7,-10.0,A,7,-15.0,A,7,67,A,7,998,A,7,220,A,7,6.7,A,7,16100,B,7,77777,A,7,0.5,E,8,0.000,F,8,0.00,?,0,0,1,D,9,00,C,8
02/03/1985,19:00,0,0,0,1,0,0,1,0,0,1,0,0,1,0,0,1,0,0,1,0,0,1,0,0,A,7,0,A,7,-10.6,A,7,-14.4,A,7,73,A,7,998,A,7,230,A,7,6.2,A,7,16100,B,7,77777,A,7,0.5,E,8,0.000,?,0,0.00,?,0,0,1,D,9,00,C,8
02/03/1985,20:00,0,0,0,1,0,0,1,0,0,1,0,0,1,0,0,1,0,0,1,0,0,1,0,0,A,7,0,A,7,-11.7,A,7,-16.1,A,7,70,A,7,998,A,7,230,A,7,4.6,A,7,16100,B,7,77777,A,7,0.5,E,8,0.000,?,0,0.00,?,0,0,1,D,9,00,C,8
02/03/1985,21:00,0,0,0,1,0,0,1,0,0,1,0,0,1,0,0,1,0,0,1,0,0,1,0,0,A,7,0,A,7,-12.2,A,7,-15.6,A,7,77,A,7,998,A,7,230,A,7,5.7,A,7,16100,B,7,77777,A,7,0.5,E,8,0.000,?,0,0.00,?,0,0,1,D,9,00,C,8
02/03/1985,22:00,0,0,0,1,0,0,1,0,0,1,0,0,1,0,0,1,0,0,1,0,0,1,0,0,A,7,0,A,7,-13.3,A,7,-18.3,A,7,66,A,7,999,A,7,220,A,7,5.2,A,7,16100,B,7,77777,A,7,0.4,E,8,0.000,?,0,0.00,?,0,0,1,D,9,00,C,8
02/03/1985,23:00,0,0,0,1,0,0,1,0,0,1,0,0,1,0,0,1,0,0,1,0,0,1,0,5,A,7,5,A,7,-13.9,A,7,-20.0,A,7,60,A,7,999,A,7,220,A,7,4.6,A,7,16100,B,7,77777,A,7,0.4,E,8,0.000,?,0,0.00,?,0,0,1,D,9,00,C,8
02/03/1985,24:00,0,0,0,1,0,0,1,0,0,1,0,0,1,0,0,1,0,0,1,0,0,1,0,2,A,7,2,A,7,-14.4,A,7,-20.0,A,7,63,A,7,999,A,7,230,A,7,5.2,A,7,16100,B,7,77777,A,7,0.4,E,8,0.000,?,0,0.00,?,0,0,1,D,9,85,C,8
02/04/1985,01:00,0,0,0,1,0,0,1,0,0,1,0,0,1,0,0,1,0,0,1,0,0,1,0,0,A,7,0,A,7,-14.4,A,7,-20.0,A,7,63,A,7,1000,A,7,240,A,7,4.6,A,7,12900,B,7,77777,A,7,0.4,E,8,0.000,?,0,0.00,?,0,0,1,D,9,85,C,8
02/04/1985,02:00,0,0,0,1,0,0,1,0,0,1,0,0,1,0,0,1,0,0,1,0,0,1,0,0,A,7,0,A,7,-15.6,A,7,-20.0,A,7,69,A,7,1000,A,7,230,A,7,3.1,A,7,12900,B,7,77777,A,7,0.4,E,8,0.000,?,0,0.00,?,0,0,1,D,9,00,C,8
02/04/1985,03:00,0,0,0,1,0,0,1,0,0,1,0,0,1,0,0,1,0,0,1,0,0,1,0,0,A,7,0,A,7,-16.1,A,7,-20.6,A,7,69,A,7,1000,A,7,240,A,7,3.6,A,7,12900,B,7,77777,A,7,0.4,E,8,0.000,?,0,0.00,?,0,0,1,D,9,00,C,8
02/04/1985,04:00,0,0,0,1,0,0,1,0,0,1,0,0,1,0,0,1,0,0,1,0,0,1,0,0,A,7,0,A,7,-16.7,A,7,-21.1,A,7,69,A,7,1001,A,7,230,A,7,2.6,A,7,12900,B,7,77777,A,7,0.4,E,8,0.000,?,0,0.00,?,0,0,1,D,9,00,C,8
02/04/1985,05:00,0,0,0,1,0,0,1,0,0,1,0,0,1,0,0,1,0,0,1,0,0,1,0,0,A,7,0,A,7,-18.9,A,7,-22.2,A,7,75,A,7,1000,A,7,240,A,7,1.5,A,7,11300,B,7,77777,A,7,0.3,E,8,0.000,?,0,0.00,?,0,0,1,D,9,00,C,8
02/04/1985,06:00,0,0,0,1,0,0,1,0,0,1,0,0,1,0,0,1,0,0,1,0,0,1,0,2,A,7,1,A,7,-20.6,A,7,-23.3,A,7,79,A,7,1001,A,7,240,A,7,1.5,A,7,11300,B,7,77777,A,7,0.3,E,8,0.000,?,0,0.00,?,0,0,1,D,9,00,C,8
02/04/1985,07:00,0,0,0,1,0,0,1,0,0,1,0,0,1,0,0,1,0,0,1,0,0,1,0,2,A,7,1,A,7,-21.1,A,7,-25.0,A,7,71,A,7,1001,A,7,300,A,7,1.5,A,7,11300,B,7,77777,A,7,0.3,E,8,0.000,?,0,0.00,?,0,0,1,D,9,00,C,8
02/04/1985,08:00,2,199,2,1,13,1,1,9,1,1,13,0,1,13,0,1,9,0,1,13,0,1,21,0,A,7,0,A,7,-22.2,A,7,-25.6,A,7,75,A,7,1001,A,7,260,A,7,1.5,A,7,11300,B,7,77777,A,7,0.3,E,8,0.000,F,8,0.00,?,0,0,1,D,9,00,C,8
02/04/1985,09:00,147,1408,59,1,13,154,1,9,43,1,13,62,1,13,77,1,9,54,1,13,82,1,21,3,A,7,0,A,7,-22.2,A,7,-26.7,A,7,67,A,7,1001,A,7,310,A,7,1.5,A,7,11300,B,7,77777,A,7,0.3,E,8,0.000,F,8,0.00,?,0,0,1,D,9,00,C,8
02/04/1985,10:00,364,1408,187,1,13,232,1,9,127,1,13,194,1,13,197,1,9,143,1,13,265,1,21,8,A,7,2,A,7,-17.8,A,7,-22.8,A,7,65,A,7,1001,A,7,290,A,7,1.5,A,7,11300,B,7,77777,A,7,0.3,E,8,0.000,F,8,0.00,?,0,0,1,D,9,00,C,8
02/04/1985,11:00,541,1408,288,1,13,63,1,13,263,1,13,313,1,13,62,1,13,289,1,13,617,1,23,10,A,7,6,A,7,-12.2,A,7,-17.2,A,7,67,A,7,1001,A,7,250,A,7,1.5,A,7,11300,B,7,7620,A,7,0.4,E,8,0.000,F,8,0.00,?,0,0,1,D,9,00,C,8
02/04/1985,12:00,662,1408,410,1,13,202,1,13,316,1,13,435,1,13,202,1,13,340,1,13,774,1,23,10,A,7,7,A,7,-10.6,A,7,-19.4,A,7,48,A,7,1002,A,7,170,A,7,1.5,A,7,11300,B,7,7620,A,7,0.4,E,8,0.000,F,8,0.00,?,0,0,1,D,9,00,C,8
02/04/1985,13:00,721,1408,391,1,13,156,1,13,311,1,13,417,1,13,159,1,13,336,1,13,783,1,23,10,A,7,6,A,7,-10.0,A,7,-18.3,A,7,51,A,7,1001,A,7,300,A,7,2.6,A,7,11300,B,7,7620,A,7,0.4,E,8,0.000,F,8,0.00,?,0,0,1,D,9,00,C,8
02/04/1985,14:00,712,1408,495,1,13,408,1,13,291,1,13,519,1,13,422,1,13,305,1,13,716,1,23,10,A,7,5,A,7,-10.0,A,7,-16.7,A,7,59,A,7,1000,A,7,260,A,7,2.6,A,7,12900,B,7,77777,A,7,0.4,E,8,0.000,F,8,0.00,?,0,0,1,D,9,00,C,8
02/04/1985,15:00,638,1408,440,1,13,506,1,13,214,1,13,452,1,13,495,1,13,226,1,13,454,1,23,4,A,7,3,A,7,-8.9,A,7,-15.0,A,7,62,A,7,999,A,7,300,A,7,1.5,A,7,16100,B,7,77777,A,7,0.5,E,8,0.000,F,8,0.00,?,0,0,1,D,9,00,C,8
02/04/1985,16:00,501,1408,333,1,13,385,1,13,198,1,13,347,1,13,366,1,13,216,1,13,443,1,23,10,A,7,5,A,7,-8.3,A,7,-13.3,A,7,68,A,7,999,A,7,320,A,7,1.5,A,7,16100,B,7,77777,A,7,0.5,E,8,0.000,F,8,0.00,?,0,0,1,D,9,00,C,8
02/04/1985,17:00,314,1408,119,1,13,56,1,13,106,1,13,129,1,13,48,1,13,119,1,13,251,1,23,10,A,7,7,A,7,-8.9,A,7,-14.4,A,7,65,A,7,998,A,7,10,A,7,2.1,A,7,16100,B,7,4570,A,7,0.5,E,8,0.000,F,8,0.00,?,0,0,1,D,9,00,C,8
02/04/1985,18:00,92,1279,33,1,13,39,1,13,29,1,13,35,1,13,19,1,13,33,1,13,60,1,23,8,A,7,3,A,7,-11.7,A,7,-17.2,A,7,64,A,7,997,A,7,50,A,7,2.1,A,7,16100,B,7,77777,A,7,0.4,E,8,0.000,F,8,0.00,?,0,0,1,D,9,00,C,8
02/04/1985,19:00,0,0,0,1,0,0,1,0,0,1,0,0,1,0,0,1,0,0,1,0,0,1,0,8,A,7,3,A,7,-13.3,A,7,-17.2,A,7,73,A,7,997,A,7,110,A,7,2.1,A,7,16100,B,7,77777,A,7,0.4,E,8,0.000,?,0,0.00,?,0,0,1,D,9,00,C,8
02/04/1985,20:00,0,0,0,1,0,0,1,0,0,1,0,0,1,0,0,1,0,0,1,0,0,1,0,8,A,7,6,A,7,-15.6,A,7,-19.4,A,7,72,A,7,998,A,7,360,A,7,2.1,A,7,16100,B,7,7620,A,7,0.4,E,8,0.000,?,0,0.00,?,0,0,1,D,9,00,C,8
02/04/1985,21:00,0,0,0,1,0,0,1,0,0,1,0,0,1,0,0,1,0,0,1,0,0,1,0,10,A,7,7,A,7,-13.3,A,7,-16.1,A,7,80,A,7,998,A,7,350,A,7,2.1,A,7,16100,B,7,2440,A,7,0.5,E,8,0.000,?,0,0.00,?,0,0,1,D,9,00,C,8
02/04/1985,22:00,0,0,0,1,0,0,1,0,0,1,0,0,1,0,0,1,0,0,1,0,0,1,0,6,A,7,2,A,7,-14.4,A,7,-17.8,A,7,76,A,7,996,A,7,60,A,7,3.6,A,7,16100,B,7,77777,A,7,0.4,E,8,0.000,?,0,0.00,?,0,0,1,D,9,00,C,8
02/04/1985,23:00,0,0,0,1,0,0,1,0,0,1,0,0,1,0,0,1,0,0,1,0,0,1,0,10,A,7,4,A,7,-15.6,A,7,-17.8,A,7,83,A,7,995,A,7,50,A,7,1.5,A,7,16100,B,7,77777,A,7,0.4,E,8,0.000,?,0,0.00,?,0,0,1,D,9,00,C,8
02/04/1985,24:00,0,0,0,1,0,0,1,0,0,1,0,0,1,0,0,1,0,0,1,0,0,1,0,10,A,7,6,A,7,-12.2,A,7,-15.0,A,7,80,A,7,995,A,7,60,A,7,2.6,A,7,16100,B,7,2440,A,7,0.5,E,8,0.000,?,0,0.00,?,0,0,1,D,9,00,C,8
02/05/1985,01:00,0,0,0,1,0,0,1,0,0,1,0,0,1,0,0,1,0,0,1,0,0,1,0,10,A,7,10,A,7,-12.2,A,7,-15.0,A,7,80,A,7,995,A,7,70,A,7,2.6,A,7,11300,B,7,910,A,7,0.5,E,8,0.000,?,0,0.00,?,0,0,1,D,9,00,C,8
02/05/1985,02:00,0,0,0,1,0,0,1,0,0,1,0,0,1,0,0,1,0,0,1,0,0,1,0,10,A,7,10,A,7,-11.7,A,7,-15.6,A,7,73,A,7,994,A,7,70,A,7,3.1,A,7,11300,B,7,910,A,7,0.5,E,8,0.000,?,0,0.00,?,0,0,1,D,9,00,C,8
02/05/1985,03:00,0,0,0,1,0,0,1,0,0,1,0,0,1,0,0,1,0,0,1,0,0,1,0,10,A,7,10,A,7,-11.7,A,7,-13.9,A,7,84,A,7,993,A,7,90,A,7,3.1,A,7,2400,B,7,210,A,7,0.5,E,8,0.000,?,0,0.00,?,0,0,1,D,9,00,C,8
02/05/1985,04:00,0,0,0,1,0,0,1,0,0,1,0,0,1,0,0,1,0,0,1,0,0,1,0,10,A,7,10,A,7,-11.1,A,7,-12.8,A,7,88,A,7,992,A,7,100,A,7,3.1,A,7,2400,B,7,180,A,7,0.5,E,8,0.000,?,0,0.00,?,0,0,1,D,9,71,C,8
02/05/1985,05:00,0,0,0,1,0,0,1,0,0,1,0,0,1,0,0,1,0,0,1,0,0,1,0,10,A,7,10,A,7,-10.6,A,7,-11.7,A,7,92,A,7,991,A,7,90,A,7,3.6,A,7,2400,B,7,180,A,7,0.6,E,8,0.000,?,0,0.00,?,0,0,1,D,9,71,C,8
02/05/1985,06:00,0,0,0,1,0,0,1,0,0,1,0,0,1,0,0,1,0,0,1,0,0,1,0,10,A,7,10,A,7,-10.6,A,7,-11.7,A,7,92,A,7,990,A,7,70,A,7,3.6,A,7,2400,B,7,210,A,7,0.6,E,8,0.000,?,0,0.00,?,0,0,1,D,9,71,C,8
02/05/1985,07:00,0,0,0,1,0,0,1,0,0,1,0,0,1,0,0,1,0,0,1,0,0,1,0,10,A,7,10,A,7,-10.6,A,7,-11.7,A,7,92,A,7,989,A,7,80,A,7,5.2,A,7,2400,B,7,180,A,7,0.6,E,8,0.000,?,0,0.00,?,0,0,1,D,9,71,C,8
02/05/1985,08:00,3,246,1,1,13,0,1,9,1,1,13,0,1,13,0,1,9,0,1,13,0,1,21,10,A,7,10,A,7,-10.6,A,7,-11.7,A,7,92,A,7,988,A,7,60,A,7,4.1,A,7,2400,B,7,610,A,7,0.6,E,8,0.000,F,8,0.00,?,0,0,1,D,9,71,C,8
02/05/1985,09:00,152,1407,42,1,13,14,1,9,40,1,13,45,1,13,9,1,9,44,1,13,94,1,21,10,A,7,10,A,7,-10.6,A,7,-12.2,A,7,88,A,7,987,A,7,270,A,7,4.1,A,7,2400,B,7,460,A,7,0.5,E,8,0.000,F,8,0.00,?,0,0,1,D,9,71,C,8
02/05/1985,10:00,370,1407,120,1,9,7,1,9,119,1,13,133,1,9,4,1,9,132,1,13,386,1,18,10,A,7,10,A,7,-10.0,A,7,-11.7,A,7,88,A,7,986,A,7,70,A,7,3.6,A,7,2400,B,7,460,A,7,0.6,E,8,0.000,F,8,0.00,?,0,0,1,D,9,71,C,8
02/05/1985,11:00,546,1407,167,1,9,4,1,9,165,1,13,186,1,9,3,1,9,185,1,13,600,1,18,10,A,7,10,A,7,-9.4,A,7,-11.1,A,7,88,A,7,986,A,7,80,A,7,5.2,A,7,2400,B,7,460,A,7,0.6,E,8,0.000,F,8,0.00,?,0,0,1,D,9,71,C,8
02/05/1985,12:00,668,1407,247,1,9,4,1,9,245,1,13,274,1,9,4,1,9,273,1,13,865,1,18,10,A,7,10,A,7,-8.9,A,7,-10.6,A,7,88,A,7,984,A,7,40,A,7,3.6,A,7,2400,B,7,460,A,7,0.6,E,8,0.000,F,8,0.00,?,0,0,1,D,9,71,C,8
02/05/1985,13:00,727,1407,284,1,9,4,1,9,282,1,13,315,1,9,4,1,9,313,1,13,994,1,18,10,A,7,10,A,7,-7.8,A,7,-9.4,A,7,88,A,7,983,A,7,60,A,7,3.1,A,7,2400,B,7,760,A,7,0.6,E,8,0.000,F,8,0.00,?,0,0,1,D,9,45,C,8
02/05/1985,14:00,719,1407,286,1,9,4,1,9,284,1,13,317,1,9,4,1,9,315,1,13,988,1,18,10,A,7,10,A,7,-6.7,A,7,-8.9,A,7,84,A,7,982,A,7,50,A,7,3.6,A,7,4000,B,7,550,A,7,0.6,E,8,0.000,F,8,0.00,?,0,0,1,D,9,45,C,8
02/05/1985,15:00,644,1407,293,1,9,4,1,9,291,1,13,319,1,9,4,1,9,317,1,13,900,1,18,10,A,7,10,A,7,-6.7,A,7,-9.4,A,7,81,A,7,981,A,7,40,A,7,3.6,A,7,4000,B,7,430,A,7,0.6,E,8,0.000,F,8,0.00,?,0,0,1,D,9,45,C,8
02/05/1985,16:00,508,1407,199,1,9,2,1,9,198,1,13,217,1,9,2,1,9,216,1,13,626,1,18,10,A,7,10,A,7,-7.2,A,7,-10.6,A,7,77,A,7,981,A,7,60,A,7,4.1,A,7,4800,B,7,460,A,7,0.6,E,8,0.000,F,8,0.00,?,0,0,1,D,9,45,C,8
02/05/1985,17:00,320,1407,116,1,13,0,1,9,116,1,13,126,1,13,0,1,9,126,1,13,345,1,21,10,A,7,10,A,7,-7.8,A,7,-10.0,A,7,84,A,7,980,A,7,60,A,7,4.1,A,7,4800,B,7,1370,A,7,0.6,E,8,0.000,F,8,0.00,?,0,0,1,D,9,45,C,8
02/05/1985,18:00,97,1302,32,1,13,0,1,9,32,1,13,35,1,13,0,1,9,35,1,13,98,1,21,10,A,7,10,A,7,-8.9,A,7,-10.6,A,7,88,A,7,979,A,7,50,A,7,3.1,A,7,6400,B,7,370,A,7,0.6,E,8,0.000,F,8,0.00,?,0,0,1,D,9,45,C,8
02/05/1985,19:00,0,0,0,1,0,0,1,0,0,1,0,0,1,0,0,1,0,0,1,0,0,1,0,10,A,7,10,A,7,-8.9,A,7,-10.6,A,7,88,A,7,979,A,7,50,A,7,3.6,A,7,6400,B,7,370,A,7,0.6,E,8,0.000,?,0,0.00,?,0,0,1,D,9,45,C,8
02/05/1985,20:00,0,0,0,1,0,0,1,0,0,1,0,0,1,0,0,1,0,0,1,0,0,1,0,10,A,7,10,A,7,-8.9,A,7,-10.6,A,7,88,A,7,979,A,7,30,A,7,2.6,A,7,6400,B,7,850,A,7,0.6,E,8,0.000,?,0,0.00,?,0,0,1,D,9,45,C,8
02/05/1985,21:00,0,0,0,1,0,0,1,0,0,1,0,0,1,0,0,1,0,0,1,0,0,1,0,10,A,7,10,A,7,-8.9,A,7,-10.6,A,7,88,A,7,978,A,7,20,A,7,2.6,A,7,6400,B,7,850,A,7,0.6,E,8,0.000,?,0,0.00,?,0,0,1,D,9,45,C,8
02/05/1985,22:00,0,0,0,1,0,0,1,0,0,1,0,0,1,0,0,1,0,0,1,0,0,1,0,10,A,7,10,A,7,-8.9,A,7,-10.6,A,7,88,A,7,978,A,7,350,A,7,2.1,A,7,2400,B,7,240,A,7,0.6,E,8,0.000,?,0,0.00,?,0,0,1,D,9,71,C,8
02/05/1985,23:00,0,0,0,1,0,0,1,0,0,1,0,0,1,0,0,1,0,0,1,0,0,1,0,10,A,7,10,A,7,-8.3,A,7,-10.0,A,7,88,A,7,978,A,7,310,A,7,3.1,A,7,2400,B,7,240,A,7,0.6,E,8,0.000,?,0,0.00,?,0,0,1,D,9,71,C,8
02/05/1985,24:00,0,0,0,1,0,0,1,0,0,1,0,0,1,0,0,1,0,0,1,0,0,1,0,9,A,7,9,A,7,-9.4,A,7,-10.6,A,7,92,A,7,978,A,7,330,A,7,2.6,A,7,6400,B,7,1520,A,7,0.6,E,8,0.000,?,0,0.00,?,0,0,1,D,9,71,C,8
02/06/1985,01:00,0,0,0,1,0,0,1,0,0,1,0,0,1,0,0,1,0,0,1,0,0,1,0,6,A,7,6,A,7,-12.2,A,7,-13.9,A,7,88,A,7,978,A,7,320,A,7,2.6,A,7,4000,B,7,760,A,7,0.5,E,8,0.000,?,0,0.00,?,0,0,1,D,9,71,C,8
02/06/1985,02:00,0,0,0,1,0,0,1,0,0,1,0,0,1,0,0,1,0,0,1,0,0,1,0,10,A,7,10,A,7,-16.1,A,7,-16.7,A,7,96,A,7,978,A,7,320,A,7,2.1,A,7,2000,B,7,150,A,7,0.4,E,8,0.000,?,0,0.00,?,0,0,1,D,9,71,C,8
02/06/1985,03:00,0,0,0,1,0,0,1,0,0,1,0,0,1,0,0,1,0,0,1,0,0,1,0,10,A,7,10,A,7,-11.7,A,7,-13.9,A,7,84,A,7,978,A,7,260,A,7,2.1,A,7,2000,B,7,150,A,7,0.5,E,8,0.000,?,0,0.00,?,0,0,1,D,9,45,C,8
02/06/1985,04:00,0,0,0,1,0,0,1,0,0,1,0,0,1,0,0,1,0,0,1,0,0,1,0,10,A,7,10,A,7,-10.0,A,7,-11.1,A,7,92,A,7,979,A,7,290,A,7,3.1,A,7,2000,B,7,120,A,7,0.6,E,8,0.000,?,0,0.00,?,0,0,1,D,9,45,C,8
02/06/1985,05:00,0,0,0,1,0,0,1,0,0,1,0,0,1,0,0,1,0,0,1,0,0,1,0,10,A,7,10,A,7,-10.0,A,7,-11.1,A,7,92,A,7,979,A,7,290,A,7,2.6,A,7,2000,B,7,120,A,7,0.6,E,8,0.000,?,0,0.00,?,0,0,1,D,9,45,C,8
02/06/1985,06:00,0,0,0,1,0,0,1,0,0,1,0,0,1,0,0,1,0,0,1,0,0,1,0,10,A,7,10,A,7,-9.4,A,7,-10.6,A,7,92,A,7,980,A,7,300,A,7,3.1,A,7,4000,B,7,150,A,7,0.6,E,8,0.000,?,0,0.00,?,0,0,1,D,9,45,C,8
02/06/1985,07:00,0,0,0,1,0,0,1,0,0,1,0,0,1,0,0,1,0,0,1,0,0,1,0,10,A,7,10,A,7,-9.4,A,7,-10.6,A,7,92,A,7,980,A,7,300,A,7,3.1,A,7,4000,B,7,150,A,7,0.6,E,8,0.000,?,0,0.00,?,0,0,1,D,9,45,C,8
02/06/1985,08:00,4,270,2,1,13,0,1,9,2,1,13,0,1,13,0,1,9,0,1,13,0,1,21,10,A,7,10,A,7,-9.4,A,7,-10.6,A,7,92,A,7,980,A,7,300,A,7,3.1,A,7,4000,B,7,150,A,7,0.6,E,8,0.000,F,8,0.00,?,0,0,1,D,9,45,C,8
02/06/1985,09:00,158,1407,56,1,13,0,1,9,56,1,13,60,1,13,0,1,9,60,1,13,156,1,21,10,A,7,10,A,7,-9.4,A,7,-10.6,A,7,92,A,7,981,A,7,300,A,7,2.6,A,7,4000,B,7,150,A,7,0.6,E,8,0.000,F,8,0.00,?,0,0,1,D,9,45,C,8
02/06/1985,10:00,375,1407,129,1,9,1,1,9,129,1,13,141,1,9,1,1,9,141,1,13,407,1,18,10,A,7,10,A,7,-8.9,A,7,-10.0,A,7,92,A,7,981,A,7,340,A,7,2.1,A,7,4000,B,7,150,A,7,0.6,E,8,0.000,F,8,0.00,?,0,0,1,D,9,45,C,8
02/06/1985,11:00,552,1407,214,1,9,1,1,9,214,1,13,235,1,9,1,1,9,235,1,13,694,1,18,10,A,7,10,A,7,-8.3,A,7,-9.4,A,7,92,A,7,981,A,7,340,A,7,2.6,A,7,3200,B,7,270,A,7,0.6,E,8,0.000,F,8,0.00,?,0,0,1,D,9,45,C,8
02/06/1985,12:00,674,1407,309,1,9,178,1,9,224,1,13,336,1,9,181,1,9,249,1,13,551,1,18,8,A,7,8,A,7,-6.1,A,7,-8.3,A,7,85,A,7,981,A,7,0,A,7,0.0,A,7,8000,B,7,370,A,7,0.7,E,8,0.000,F,8,0.00,?,0,0,1,D,9,45,C,8
02/06/1985,13:00,733,1407,269,1,9,2,1,9,268,1,13,300,1,9,2,1,9,299,1,13,975,1,18,10,A,7,10,A,7,-6.7,A,7,-8.9,A,7,84,A,7,982,A,7,290,A,7,1.5,A,7,9700,B,7,340,A,7,0.6,E,8,0.000,F,8,0.00,?,0,0,1,D,9,05,C,8
02/06/1985,14:00,725,1407,215,1,9,22,1,9,204,1,13,246,1,9,18,1,9,236,1,13,820,1,18,10,A,7,10,A,7,-6.7,A,7,-8.9,A,7,84,A,7,982,A,7,300,A,7,1.5,A,7,9700,B,7,430,A,7,0.6,E,8,0.000,F,8,0.00,?,0,0,1,D,9,71,C,8
02/06/1985,15:00,650,1407,315,1,9,84,1,9,277,1,13,346,1,9,84,1,9,306,1,13,731,1,18,9,A,7,9,A,7,-6.7,A,7,-8.9,A,7,84,A,7,982,A,7,20,A,7,1.5,A,7,11300,B,7,460,A,7,0.6,E,8,0.000,F,8,0.00,?,0,0,1,D,9,71,C,8
02/06/1985,16:00,514,1407,137,1,9,8,1,9,134,1,13,155,1,9,6,1,9,153,1,13,505,1,18,10,A,7,10,A,7,-6.7,A,7,-8.9,A,7,84,A,7,982,A,7,240,A,7,3.1,A,7,11300,B,7,460,A,7,0.6,E,8,0.000,F,8,0.00,?,0,0,1,D,9,71,C,8
02/06/1985,17:00,326,1407,83,1,13,5,1,9,82,1,13,93,1,13,2,1,9,93,1,13,287,1,21,10,A,7,10,A,7,-6.7,A,7,-8.9,A,7,84,A,7,983,A,7,300,A,7,3.1,A,7,11300,B,7,850,A,7,0.6,E,8,0.000,F,8,0.00,?,0,0,1,D,9,00,C,8
02/06/1985,18:00,102,1325,31,1,13,0,1,9,31,1,13,34,1,13,0,1,9,34,1,13,97,1,21,10,A,7,10,A,7,-9.4,A,7,-11.1,A,7,88,A,7,983,A,7,250,A,7,2.6,A,7,11300,B,7,2440,A,7,0.6,E,8,0.000,F,8,0.00,?,0,0,1,D,9,71,C,8
02/06/1985,19:00,0,0,0,1,0,0,1,0,0,1,0,0,1,0,0,1,0,0,1,0,0,1,0,10,A,7,10,A,7,-8.3,A,7,-10.6,A,7,84,A,7,984,A,7,250,A,7,3.1,A,7,9700,B,7,760,A,7,0.6,E,8,0.000,?,0,0.00,?,0,0,1,D,9,00,C,8
02/06/1985,20:00,0,0,0,1,0,0,1,0,0,1,0,0,1,0,0,1,0,0,1,0,0,1,0,10,A,7,10,A,7,-11.7,A,7,-13.3,A,7,88,A,7,984,A,7,10,A,7,2.1,A,7,11300,B,7,1520,A,7,0.5,E,8,0.000,?,0,0.00,?,0,0,1,D,9,71,C,8
02/06/1985,21:00,0,0,0,1,0,0,1,0,0,1,0,0,1,0,0,1,0,0,1,0,0,1,0,10,A,7,10,A,7,-12.2,A,7,-13.9,A,7,88,A,7,984,A,7,190,A,7,2.1,A,7,8000,B,7,1070,A,7,0.5,E,8,0.000,?,0,0.00,?,0,0,1,D,9,00,C,8
02/06/1985,22:00,0,0,0,1,0,0,1,0,0,1,0,0,1,0,0,1,0,0,1,0,0,1,0,10,A,7,10,A,7,-7.8,A,7,-9.4,A,7,88,A,7,984,A,7,200,A,7,3.6,A,7,2400,B,7,270,A,7,0.6,E,8,0.000,?,0,0.00,?,0,0,1,D,9,45,C,8
02/06/1985,23:00,0,0,0,1,0,0,1,0,0,1,0,0,1,0,0,1,0,0,1,0,0,1,0,7,A,7,7,A,7,-7.8,A,7,-9.4,A,7,88,A,7,984,A,7,200,A,7,3.1,A,7,4000,B,7,490,A,7,0.6,E,8,0.000,?,0,0.00,?,0,0,1,D,9,45,C,8
02/06/1985,24:00,0,0,0,1,0,0,1,0,0,1,0,0,1,0,0,1,0,0,1,0,0,1,0,10,A,7,10,A,7,-8.9,A,7,-10.6,A,7,88,A,7,984,A,7,210,A,7,5.2,A,7,4800,B,7,700,A,7,0.6,E,8,0.000,?,0,0.00,?,0,0,1,D,9,45,C,8
02/07/1985,01:00,0,0,0,1,0,0,1,0,0,1,0,0,1,0,0,1,0,0,1,0,0,1,0,10,A,7,10,A,7,-9.4,A,7,-10.6,A,7,92,A,7,984,A,7,220,A,7,4.1,A,7,4000,B,7,700,A,7,0.6,E,8,0.000,?,0,0.00,?,0,0,1,D,9,45,C,8
02/07/1985,02:00,0,0,0,1,0,0,1,0,0,1,0,0,1,0,0,1,0,0,1,0,0,1,0,10,A,7,10,A,7,-10.6,A,7,-12.2,A,7,88,A,7,984,A,7,220,A,7,4.1,A,7,4000,B,7,610,A,7,0.5,E,8,0.000,?,0,0.00,?,0,0,1,D,9,45,C,8
02/07/1985,03:00,0,0,0,1,0,0,1,0,0,1,0,0,1,0,0,1,0,0,1,0,0,1,0,10,A,7,10,A,7,-10.6,A,7,-12.2,A,7,88,A,7,984,A,7,220,A,7,5.2,A,7,3200,B,7,370,A,7,0.5,E,8,0.000,?,0,0.00,?,0,0,1,D,9,45,C,8
02/07/1985,04:00,0,0,0,1,0,0,1,0,0,1,0,0,1,0,0,1,0,0,1,0,0,1,0,6,A,7,6,A,7,-12.2,A,7,-13.9,A,7,88,A,7,984,A,7,220,A,7,5.7,A,7,4800,B,7,850,A,7,0.5,E,8,0.000,?,0,0.00,?,0,0,1,D,9,45,C,8
02/07/1985,05:00,0,0,0,1,0,0,1,0,0,1,0,0,1,0,0,1,0,0,1,0,0,1,0,10,A,7,10,A,7,-12.8,A,7,-14.4,A,7,88,A,7,984,A,7,220,A,7,5.2,A,7,4800,B,7,760,A,7,0.5,E,8,0.000,?,0,0.00,?,0,0,1,D,9,45,C,8
02/07/1985,06:00,0,0,0,1,0,0,1,0,0,1,0,0,1,0,0,1,0,0,1,0,0,1,0,10,A,7,10,A,7,-12.2,A,7,-13.9,A,7,88,A,7,984,A,7,220,A,7,6.7,A,7,2400,B,7,310,A,7,0.5,E,8,0.000,?,0,0.00,?,0,0,1,D,9,45,C,8
02/07/1985,07:00,0,0,0,1,0,0,1,0,0,1,0,0,1,0,0,1,0,0,1,0,0,1,0,10,A,7,10,A,7,-12.2,A,7,-13.9,A,7,88,A,7,985,A,7,240,A,7,6.7,A,7,2400,B,7,310,A,7,0.5,E,8,0.000,?,0,0.00,?,0,0,1,D,9,45,C,8
02/07/1985,08:00,5,293,4,1,13,0,1,9,4,1,13,0,1,13,0,1,9,0,1,13,0,1,21,10,A,7,10,A,7,-11.7,A,7,-13.3,A,7,88,A,7,985,A,7,240,A,7,6.2,A,7,1600,B,7,210,A,7,0.5,E,8,0.000,F,8,0.00,?,0,0,1,D,9,45,C,8
02/07/1985,09:00,163,1406,47,1,13,1,1,9,46,1,13,51,1,13,0,1,9,51,1,13,143,1,21,10,A,7,10,A,7,-11.1,A,7,-12.8,A,7,88,A,7,986,A,7,260,A,7,4.6,A,7,2400,B,7,370,A,7,0.5,E,8,0.000,F,8,0.00,?,0,0,1,D,9,45,C,8
02/07/1985,10:00,381,1406,103,1,9,1,1,9,103,1,13,115,1,9,1,1,9,115,1,13,361,1,18,10,A,7,10,A,7,-9.4,A,7,-11.1,A,7,88,A,7,988,A,7,300,A,7,6.7,A,7,3200,B,7,400,A,7,0.6,E,8,0.000,F,8,0.00,?,0,0,1,D,9,45,C,8
02/07/1985,11:00,558,1406,242,1,9,2,1,9,242,1,13,264,1,9,2,1,9,263,1,13,736,1,18,10,A,7,10,A,7,-10.0,A,7,-11.1,A,7,92,A,7,989,A,7,320,A,7,5.7,A,7,4800,B,7,370,A,7,0.6,E,8,0.000,F,8,0.00,?,0,0,1,D,9,45,C,8
02/07/1985,12:00,680,1406,287,1,9,3,1,9,285,1,13,315,1,9,3,1,9,314,1,13,943,1,18,10,A,7,10,A,7,-10.0,A,7,-11.1,A,7,92,A,7,990,A,7,330,A,7,4.1,A,7,4800,B,7,370,A,7,0.6,E,8,0.000,F,8,0.00,?,0,0,1,D,9,45,C,8
02/07/1985,13:00,739,1406,337,1,9,0,1,9,337,1,13,370,1,9,0,1,9,370,1,13,1088,1,18,10,A,7,10,A,7,-8.3,A,7,-10.0,A,7,88,A,7,991,A,7,360,A,7,5.2,A,7,6400,B,7,400,A,7,0.6,E,8,0.000,F,8,0.00,?,0,0,1,D,9,45,C,8
02/07/1985,14:00,731,1406,336,1,9,0,1,9,336,1,13,368,1,9,0,1,9,368,1,13,1075,1,18,10,A,7,10,A,7,-8.3,A,7,-10.6,A,7,84,A,7,991,A,7,350,A,7,4.1,A,7,8000,B,7,460,A,7,0.6,E,8,0.000,F,8,0.00,?,0,0,1,D,9,45,C,8
02/07/1985,15:00,656,1406,453,1,13,577,1,13,186,1,13,473,1,13,570,1,13,206,1,13,389,1,23,3,A,7,3,A,7,-8.3,A,7,-10.6,A,7,84,A,7,992,A,7,330,A,7,4.1,A,7,11300,B,7,77777,A,7,0.6,E,8,0.000,F,8,0.00,?,0,0,1,D,9,71,C,8
02/07/1985,16:00,520,1406,344,1,9,552,1,9,143,1,13,359,1,9,518,1,9,167,1,13,281,1,18,2,A,7,2,A,7,-8.3,A,7,-10.6,A,7,84,A,7,993,A,7,330,A,7,3.6,A,7,16100,B,7,77777,A,7,0.6,E,8,0.000,F,8,0.00,?,0,0,1,D,9,00,C,8
02/07/1985,17:00,331,1406,144,1,13,279,1,9,80,1,13,152,1,13,225,1,9,98,1,13,147,1,21,2,A,7,2,A,7,-8.3,A,7,-12.2,A,7,74,A,7,994,A,7,350,A,7,4.6,A,7,16100,B,7,77777,A,7,0.5,E,8,0.000,F,8,0.00,?,0,0,1,D,9,00,C,8
02/07/1985,18:00,107,1371,42,1,13,56,1,13,36,1,13,44,1,13,28,1,13,42,1,13,75,1,23,3,A,7,3,A,7,-11.1,A,7,-14.4,A,7,77,A,7,994,A,7,310,A,7,3.1,A,7,16100,B,7,77777,A,7,0.5,E,8,0.000,F,8,0.00,?,0,0,1,D,9,00,C,8
02/07/1985,19:00,0,0,0,1,0,0,1,0,0,1,0,0,1,0,0,1,0,0,1,0,0,1,0,1,A,7,1,A,7,-11.7,A,7,-18.3,A,7,58,A,7,995,A,7,330,A,7,3.6,A,7,16100,B,7,77777,A,7,0.4,E,8,0.000,?,0,0.00,?,0,0,1,D,9,00,C,8
02/07/1985,20:00,0,0,0,1,0,0,1,0,0,1,0,0,1,0,0,1,0,0,1,0,0,1,0,0,A,7,0,A,7,-13.3,A,7,-20.6,A,7,55,A,7,995,A,7,350,A,7,3.1,A,7,16100,B,7,77777,A,7,0.4,E,8,0.000,?,0,0.00,?,0,0,1,D,9,00,C,8
02/07/1985,21:00,0,0,0,1,0,0,1,0,0,1,0,0,1,0,0,1,0,0,1,0,0,1,0,0,A,7,0,A,7,-14.4,A,7,-20.6,A,7,60,A,7,996,A,7,340,A,7,3.6,A,7,16100,B,7,77777,A,7,0.4,E,8,0.000,?,0,0.00,?,0,0,1,D,9,00,C,8
02/07/1985,22:00,0,0,0,1,0,0,1,0,0,1,0,0,1,0,0,1,0,0,1,0,0,1,0,0,A,7,0,A,7,-17.8,A,7,-23.9,A,7,59,A,7,996,A,7,290,A,7,3.1,A,7,16100,B,7,77777,A,7,0.3,E,8,0.000,?,0,0.00,?,0,0,1,D,9,00,C,8
02/07/1985,23:00,0,0,0,1,0,0,1,0,0,1,0,0,1,0,0,1,0,0,1,0,0,1,0,0,A,7,0,A,7,-18.3,A,7,-24.4,A,7,59,A,7,996,A,7,320,A,7,3.6,A,7,24100,B,7,77777,A,7,0.3,E,8,0.000,?,0,0.00,?,0,0,1,D,9,00,C,8
02/07/1985,24:00,0,0,0,1,0,0,1,0,0,1,0,0,1,0,0,1,0,0,1,0,0,1,0,0,A,7,0,A,7,-21.1,A,7,-26.1,A,7,64,A,7,996,A,7,260,A,7,3.6,A,7,24100,B,7,77777,A,7,0.3,E,8,0.000,?,0,0.00,?,0,0,1,D,9,00,C,8
02/08/1985,01:00,0,0,0,1,0,0,1,0,0,1,0,0,1,0,0,1,0,0,1,0,0,1,0,0,A,7,0,A,7,-24.4,A,7,-30.0,A,7,60,A,7,996,A,7,320,A,7,2.1,A,7,24100,B,7,77777,A,7,0.3,E,8,0.000,?,0,0.00,?,0,0,1,D,9,00,C,8
02/08/1985,02:00,0,0,0,1,0,0,1,0,0,1,0,0,1,0,0,1,0,0,1,0,0,1,0,0,A,7,0,A,7,-25.6,A,7,-31.7,A,7,57,A,7,996,A,7,300,A,7,2.1,A,7,24100,B,7,77777,A,7,0.3,E,8,0.000,?,0,0.00,?,0,0,1,D,9,00,C,8
02/08/1985,03:00,0,0,0,1,0,0,1,0,0,1,0,0,1,0,0,1,0,0,1,0,0,1,0,0,A,7,0,A,7,-26.1,A,7,-31.1,A,7,63,A,7,997,A,7,290,A,7,2.1,A,7,24100,B,7,77777,A,7,0.3,E,8,0.000,?,0,0.00,?,0,0,1,D,9,00,C,8
02/08/1985,04:00,0,0,0,1,0,0,1,0,0,1,0,0,1,0,0,1,0,0,1,0,0,1,0,0,A,7,0,A,7,-26.1,A,7,-30.0,A,7,70,A,7,997,A,7,250,A,7,2.6,A,7,24100,B,7,77777,A,7,0.3,E,8,0.000,?,0,0.00,?,0,0,1,D,9,00,C,8
02/08/1985,05:00,0,0,0,1,0,0,1,0,0,1,0,0,1,0,0,1,0,0,1,0,0,1,0,0,A,7,0,A,7,-26.7,A,7,-30.0,A,7,74,A,7,997,A,7,260,A,7,2.6,A,7,24100,B,7,77777,A,7,0.3,E,8,0.000,?,0,0.00,?,0,0,1,D,9,00,C,8
02/08/1985,06:00,0,0,0,1,0,0,1,0,0,1,0,0,1,0,0,1,0,0,1,0,0,1,0,0,A,7,0,A,7,-27.2,A,7,-31.1,A,7,70,A,7,997,A,7,280,A,7,2.1,A,7,24100,B,7,77777,A,7,0.3,E,8,0.000,?,0,0.00,?,0,0,1,D,9,00,C,8
02/08/1985,07:00,0,0,0,1,0,0,1,0,0,1,0,0,1,0,0,1,0,0,1,0,0,1,0,5,A,7,3,A,7,-24.4,A,7,-28.3,A,7,70,A,7,998,A,7,240,A,7,2.6,A,7,24100,B,7,77777,A,7,0.3,E,8,0.000,?,0,0.00,?,0,0,1,D,9,00,C,8
02/08/1985,08:00,6,316,3,1,13,13,1,13,2,1,13,0,1,13,0,1,13,0,1,13,0,1,23,4,A,7,4,A,7,-21.1,A,7,-25.0,A,7,71,A,7,998,A,7,260,A,7,2.6,A,7,6400,B,7,77777,A,7,0.3,E,8,0.000,F,8,0.00,?,0,0,1,D,9,00,C,8
02/08/1985,09:00,168,1406,80,1,13,233,1,13,53,1,13,81,1,13,132,1,13,66,1,13,99,1,23,3,A,7,3,A,7,-20.0,A,7,-25.6,A,7,62,A,7,998,A,7,260,A,7,3.6,A,7,6400,B,7,77777,A,7,0.3,E,8,0.000,F,8,0.00,?,0,0,1,D,9,45,C,8
02/08/1985,10:00,387,1406,167,1,13,217,1,13,108,1,13,177,1,13,189,1,13,125,1,13,215,1,23,6,A,7,6,A,7,-16.1,A,7,-19.4,A,7,76,A,7,999,A,7,270,A,7,4.1,A,7,6400,B,7,760,A,7,0.4,E,8,0.000,F,8,0.00,?,0,0,1,D,9,05,C,8
02/08/1985,11:00,564,1406,387,1,9,748,1,9,89,1,13,409,1,9,712,1,9,122,1,13,177,1,18,1,A,7,1,A,7,-13.3,A,7,-17.8,A,7,70,A,7,999,A,7,290,A,7,6.2,A,7,12900,B,7,77777,A,7,0.4,E,8,0.000,F,8,0.00,?,0,0,1,D,9,05,C,8
02/08/1985,12:00,686,1406,506,1,9,869,1,9,85,1,13,534,1,9,849,1,9,118,1,13,180,1,18,0,A,7,0,A,7,-11.7,A,7,-15.0,A,7,77,A,7,999,A,7,290,A,7,6.7,A,7,16100,B,7,77777,A,7,0.5,E,8,0.000,F,8,0.00,?,0,0,1,D,9,00,C,8
02/08/1985,13:00,746,1406,570,1,9,908,1,9,92,1,13,603,1,9,896,1,9,126,1,13,201,1,18,0,A,7,0,A,7,-10.6,A,7,-15.6,A,7,67,A,7,998,A,7,290,A,7,8.2,A,7,16100,B,7,77777,A,7,0.5,E,8,0.000,F,8,0.00,?,0,0,1,D,9,00,C,8
02/08/1985,14:00,737,1406,554,1,9,892,1,9,91,1,13,587,1,9,879,1,9,125,1,13,198,1,18,0,A,7,0,A,7,-9.4,A,7,-15.6,A,7,62,A,7,998,A,7,280,A,7,5.2,A,7,16100,B,7,77777,A,7,0.5,E,8,0.000,F,8,0.00,?,0,0,1,D,9,00,C,8
02/08/1985,15:00,662,1406,498,1,9,887,1,9,84,1,13,525,1,9,862,1,9,117,1,13,175,1,18,0,A,7,0,A,7,-8.9,A,7,-17.2,A,7,51,A,7,998,A,7,300,A,7,5.7,A,7,16100,B,7,77777,A,7,0.4,E,8,0.000,F,8,0.00,?,0,0,1,D,9,00,C,8
02/08/1985,16:00,526,1406,370,1,9,816,1,9,69,1,13,388,1,9,764,1,9,101,1,13,137,1,18,0,A,7,0,A,7,-8.9,A,7,-17.2,A,7,51,A,7,998,A,7,290,A,7,7.2,A,7,16100,B,7,77777,A,7,0.4,E,8,0.000,F,8,0.00,?,0,0,1,D,9,00,C,8
02/08/1985,17:00,337,1406,206,1,13,667,1,9,49,1,13,213,1,13,558,1,9,79,1,13,92,1,21,0,A,7,0,A,7,-8.9,A,7,-15.0,A,7,62,A,7,998,A,7,280,A,7,5.7,A,7,16100,B,7,77777,A,7,0.5,E,8,0.000,F,8,0.00,?,0,0,1,D,9,00,C,8
02/08/1985,18:00,113,1394,51,1,13,301,1,9,24,1,13,51,1,13,157,1,9,37,1,13,43,1,21,0,A,7,0,A,7,-9.4,A,7,-16.1,A,7,59,A,7,998,A,7,290,A,7,4.1,A,7,16100,B,7,77777,A,7,0.5,E,8,0.000,F,8,0.00,?,0,0,1,D,9,00,C,8
02/08/1985,19:00,0,0,0,1,0,0,1,0,0,1,0,0,1,0,0,1,0,0,1,0,0,1,0,1,A,7,1,A,7,-13.3,A,7,-18.9,A,7,63,A,7,998,A,7,270,A,7,5.2,A,7,16100,B,7,77777,A,7,0.4,E,8,0.000,?,0,0.00,?,0,0,1,D,9,00,C,8
02/08/1985,20:00,0,0,0,1,0,0,1,0,0,1,0,0,1,0,0,1,0,0,1,0,0,1,0,1,A,7,1,A,7,-13.9,A,7,-20.0,A,7,60,A,7,999,A,7,270,A,7,4.6,A,7,16100,B,7,77777,A,7,0.4,E,8,0.000,?,0,0.00,?,0,0,1,D,9,00,C,8
02/08/1985,21:00,0,0,0,1,0,0,1,0,0,1,0,0,1,0,0,1,0,0,1,0,0,1,0,0,A,7,0,A,7,-12.8,A,7,-18.3,A,7,64,A,7,999,A,7,280,A,7,5.2,A,7,16100,B,7,77777,A,7,0.4,E,8,0.000,?,0,0.00,?,0,0,1,D,9,00,C,8
02/08/1985,22:00,0,0,0,1,0,0,1,0,0,1,0,0,1,0,0,1,0,0,1,0,0,1,0,0,A,7,0,A,7,-13.9,A,7,-18.9,A,7,66,A,7,999,A,7,290,A,7,5.2,A,7,16100,B,7,77777,A,7,0.4,E,8,0.000,?,0,0.00,?,0,0,1,D,9,00,C,8
02/08/1985,23:00,0,0,0,1,0,0,1,0,0,1,0,0,1,0,0,1,0,0,1,0,0,1,0,0,A,7,0,A,7,-17.2,A,7,-21.1,A,7,72,A,7,998,A,7,270,A,7,4.1,A,7,16100,B,7,77777,A,7,0.4,E,8,0.000,?,0,0.00,?,0,0,1,D,9,00,C,8
02/08/1985,24:00,0,0,0,1,0,0,1,0,0,1,0,0,1,0,0,1,0,0,1,0,0,1,0,0,A,7,0,A,7,-17.8,A,7,-22.2,A,7,69,A,7,998,A,7,260,A,7,4.1,A,7,16100,B,7,77777,A,7,0.3,E,8,0.000,?,0,0.00,?,0,0,1,D,9,00,C,8
02/09/1985,01:00,0,0,0,1,0,0,1,0,0,1,0,0,1,0,0,1,0,0,1,0,0,1,0,0,A,7,0,A,7,-20.0,A,7,-25.0,A,7,65,A,7,998,A,7,270,A,7,4.1,A,7,16100,B,7,77777,A,7,0.3,E,8,0.000,?,0,0.00,?,0,0,1,D,9,00,C,8
02/09/1985,02:00,0,0,0,1,0,0,1,0,0,1,0,0,1,0,0,1,0,0,1,0,0,1,0,0,A,7,0,A,7,-20.0,A,7,-24.4,A,7,68,A,7,999,A,7,290,A,7,3.6,A,7,16100,B,7,77777,A,7,0.3,E,8,0.000,?,0,0.00,?,0,0,1,D,9,00,C,8
02/09/1985,03:00,0,0,0,1,0,0,1,0,0,1,0,0,1,0,0,1,0,0,1,0,0,1,0,0,A,7,0,A,7,-20.6,A,7,-24.4,A,7,71,A,7,1000,A,7,270,A,7,3.6,A,7,16100,B,7,77777,A,7,0.3,E,8,0.000,?,0,0.00,?,0,0,1,D,9,00,C,8
02/09/1985,04:00,0,0,0,1,0,0,1,0,0,1,0,0,1,0,0,1,0,0,1,0,0,1,0,0,A,7,0,A,7,-21.7,A,7,-25.0,A,7,75,A,7,999,A,7,270,A,7,2.1,A,7,16100,B,7,77777,A,7,0.3,E,8,0.000,?,0,0.00,?,0,0,1,D,9,00,C,8
02/09/1985,05:00,0,0,0,1,0,0,1,0,0,1,0,0,1,0,0,1,0,0,1,0,0,1,0,0,A,7,0,A,7,-22.8,A,7,-27.8,A,7,64,A,7,1000,A,7,40,A,7,1.5,A,7,16100,B,7,77777,A,7,0.3,E,8,0.000,?,0,0.00,?,0,0,1,D,9,00,C,8
02/09/1985,06:00,0,0,0,1,0,0,1,0,0,1,0,0,1,0,0,1,0,0,1,0,0,1,0,0,A,7,0,A,7,-25.6,A,7,-29.4,A,7,70,A,7,1000,A,7,270,A,7,2.1,A,7,16100,B,7,77777,A,7,0.3,E,8,0.000,?,0,0.00,?,0,0,1,D,9,00,C,8
02/09/1985,07:00,0,0,0,1,0,0,1,0,0,1,0,0,1,0,0,1,0,0,1,0,0,1,0,0,A,7,0,A,7,-25.6,A,7,-30.0,A,7,66,A,7,1000,A,7,240,A,7,2.6,A,7,16100,B,7,77777,A,7,0.3,E,8,0.000,?,0,0.00,?,0,0,1,D,9,00,C,8
02/09/1985,08:00,7,340,6,1,13,19,1,9,4,1,13,0,1,13,0,1,9,0,1,13,0,1,21,0,A,7,0,A,7,-23.3,A,7,-27.2,A,7,71,A,7,1000,A,7,0,A,7,0.0,A,7,16100,B,7,77777,A,7,0.3,E,8,0.000,F,8,0.00,?,0,0,1,D,9,00,C,8
02/09/1985,09:00,174,1405,83,1,13,401,1,9,35,1,13,86,1,13,247,1,9,55,1,13,61,1,21,0,A,7,0,A,7,-22.2,A,7,-26.1,A,7,71,A,7,1000,A,7,0,A,7,0.0,A,7,16100,B,7,77777,A,7,0.3,E,8,0.000,F,8,0.00,?,0,0,1,D,9,00,C,8
02/09/1985,10:00,392,1405,252,1,9,691,1,9,61,1,13,258,1,9,600,1,9,89,1,13,110,1,18,0,A,7,0,A,7,-15.6,A,7,-20.0,A,7,69,A,7,1000,A,7,270,A,7,3.1,A,7,16100,B,7,77777,A,7,0.4,E,8,0.000,F,8,0.00,?,0,0,1,D,9,00,C,8
02/09/1985,11:00,570,1405,410,1,9,815,1,9,82,1,13,424,1,9,770,1,9,111,1,13,156,1,18,0,A,7,0,A,7,-12.8,A,7,-17.8,A,7,67,A,7,1000,A,7,270,A,7,3.1,A,7,16100,B,7,77777,A,7,0.4,E,8,0.000,F,8,0.00,?,0,0,1,D,9,00,C,8
02/09/1985,12:00,693,1405,520,1,9,868,1,9,96,1,13,543,1,9,845,1,9,125,1,13,194,1,18,0,A,7,0,A,7,-9.4,A,7,-15.6,A,7,62,A,7,1000,A,7,290,A,7,3.6,A,7,16100,B,7,77777,A,7,0.5,E,8,0.000,F,8,0.00,?,0,0,1,D,9,00,C,8
02/09/1985,13:00,752,1405,575,1,9,891,1,9,102,1,13,602,1,9,876,1,9,132,1,13,215,1,18,0,A,7,0,A,7,-7.8,A,7,-12.8,A,7,68,A,7,999,A,7,350,A,7,3.6,A,7,16100,B,7,77777,A,7,0.5,E,8,0.000,F,8,0.00,?,0,0,1,D,9,00,C,8
02/09/1985,14:00,744,1405,533,1,9,773,1,9,127,1,13,564,1,9,767,1,9,156,1,13,277,1,18,2,A,7,1,A,7,-7.2,A,7,-12.2,A,7,68,A,7,999,A,7,340,A,7,3.1,A,7,16100,B,7,77777,A,7,0.5,E,8,0.000,F,8,0.00,?,0,0,1,D,9,00,C,8
02/09/1985,15:00,669,1405,448,1,9,659,1,9,137,1,13,466,1,9,638,1,9,161,1,13,275,1,18,3,A,7,1,A,7,-6.7,A,7,-12.2,A,7,65,A,7,999,A,7,270,A,7,3.6,A,7,16100,B,7,77777,A,7,0.5,E,8,0.000,F,8,0.00,?,0,0,1,D,9,00,C,8
02/09/1985,16:00,532,1405,315,1,9,488,1,9,132,1,13,332,1,9,462,1,9,156,1,13,257,1,18,5,A,7,2,A,7,-6.7,A,7,-12.8,A,7,62,A,7,999,A,7,270,A,7,1.5,A,7,16100,B,7,77777,A,7,0.5,E,8,0.000,F,8,0.00,?,0,0,1,D,9,00,C,8
02/09/1985,17:00,343,1405,202,1,13,549,1,9,70,1,13,209,1,13,449,1,9,98,1,13,125,1,21,4,A,7,1,A,7,-7.2,A,7,-13.9,A,7,59,A,7,998,A,7,260,A,7,3.6,A,7,16100,B,7,77777,A,7,0.5,E,8,0.000,F,8,0.00,?,0,0,1,D,9,00,C,8
02/09/1985,18:00,118,1405,48,1,13,172,1,9,32,1,13,48,1,13,79,1,9,41,1,13,58,1,21,3,A,7,2,A,7,-7.2,A,7,-13.3,A,7,62,A,7,998,A,7,220,A,7,2.1,A,7,16100,B,7,77777,A,7,0.5,E,8,0.000,F,8,0.00,?,0,0,1,D,9,00,C,8
02/09/1985,19:00,0,12,0,1,0,0,1,0,0,1,0,0,1,1,0,1,2,0,1,2,0,1,1,6,A,7,4,A,7,-12.8,A,7,-23.3,A,7,41,A,7,998,A,7,280,A,7,1.5,A,7,16100,B,7,7620,A,7,0.3,E,8,0.000,?,0,0.00,?,0,0,1,D,9,00,C,8
02/09/1985,20:00,0,0,0,1,0,0,1,0,0,1,0,0,1,0,0,1,0,0,1,0,0,1,0,9,A,7,9,A,7,-12.2,A,7,-18.9,A,7,58,A,7,998,A,7,60,A,7,1.5,A,7,16100,B,7,2740,A,7,0.4,E,8,0.000,?,0,0.00,?,0,0,1,D,9,00,C,8
02/09/1985,21:00,0,0,0,1,0,0,1,0,0,1,0,0,1,0,0,1,0,0,1,0,0,1,0,10,A,7,7,A,7,-10.6,A,7,-16.1,A,7,64,A,7,998,A,7,240,A,7,1.5,A,7,16100,B,7,2740,A,7,0.4,E,8,0.000,?,0,0.00,?,0,0,1,D,9,00,C,8
02/09/1985,22:00,0,0,0,1,0,0,1,0,0,1,0,0,1,0,0,1,0,0,1,0,0,1,0,5,A,7,2,A,7,-12.8,A,7,-18.3,A,7,64,A,7,998,A,7,70,A,7,1.5,A,7,16100,B,7,77777,A,7,0.4,E,8,0.000,?,0,0.00,?,0,0,1,D,9,00,C,8
02/09/1985,23:00,0,0,0,1,0,0,1,0,0,1,0,0,1,0,0,1,0,0,1,0,0,1,0,7,A,7,2,A,7,-15.6,A,7,-20.6,A,7,66,A,7,997,A,7,80,A,7,1.5,A,7,16100,B,7,77777,A,7,0.4,E,8,0.000,?,0,0.00,?,0,0,1,D,9,00,C,8
02/09/1985,24:00,0,0,0,1,0,0,1,0,0,1,0,0,1,0,0,1,0,0,1,0,0,1,0,5,A,7,2,A,7,-17.2,A,7,-21.1,A,7,72,A,7,997,A,7,60,A,7,2.6,A,7,16100,B,7,77777,A,7,0.4,E,8,0.000,?,0,0.00,?,0,0,1,D,9,00,C,8
02/10/1985,01:00,0,0,0,1,0,0,1,0,0,1,0,0,1,0,0,1,0,0,1,0,0,1,0,7,A,7,3,A,7,-17.8,A,7,-22.2,A,7,69,A,7,997,A,7,240,A,7,1.5,A,7,16100,B,7,77777,A,7,0.3,E,8,0.000,?,0,0.00,?,0,0,1,D,9,00,C,8
02/10/1985,02:00,0,0,0,1,0,0,1,0,0,1,0,0,1,0,0,1,0,0,1,0,0,1,0,8,A,7,8,A,7,-16.1,A,7,-22.2,A,7,60,A,7,997,A,7,140,A,7,1.5,A,7,16100,B,7,3050,A,7,0.3,E,8,0.000,?,0,0.00,?,0,0,1,D,9,00,C,8
02/10/1985,03:00,0,0,0,1,0,0,1,0,0,1,0,0,1,0,0,1,0,0,1,0,0,1,0,10,A,7,10,A,7,-11.7,A,7,-16.1,A,7,70,A,7,997,A,7,90,A,7,2.1,A,7,16100,B,7,3050,A,7,0.4,E,8,0.000,?,0,0.00,?,0,0,1,D,9,00,C,8
02/10/1985,04:00,0,0,0,1,0,0,1,0,0,1,0,0,1,0,0,1,0,0,1,0,0,1,0,10,A,7,10,A,7,-10.6,A,7,-16.1,A,7,64,A,7,997,A,7,20,A,7,2.1,A,7,16100,B,7,3050,A,7,0.4,E,8,0.000,?,0,0.00,?,0,0,1,D,9,00,C,8
02/10/1985,05:00,0,0,0,1,0,0,1,0,0,1,0,0,1,0,0,1,0,0,1,0,0,1,0,10,A,7,10,A,7,-8.3,A,7,-15.0,A,7,59,A,7,996,A,7,180,A,7,1.5,A,7,16100,B,7,2130,A,7,0.5,E,8,0.000,?,0,0.00,?,0,0,1,D,9,00,C,8
02/10/1985,06:00,0,0,0,1,0,0,1,0,0,1,0,0,1,0,0,1,0,0,1,0,0,1,0,10,A,7,10,A,7,-8.3,A,7,-15.6,A,7,56,A,7,996,A,7,90,A,7,2.6,A,7,16100,B,7,2130,A,7,0.5,E,8,0.000,?,0,0.00,?,0,0,1,D,9,00,C,8
02/10/1985,07:00,0,0,0,1,0,0,1,0,0,1,0,0,1,0,0,1,0,0,1,0,0,1,0,10,A,7,10,A,7,-7.8,A,7,-15.0,A,7,57,A,7,996,A,7,150,A,7,2.1,A,7,16100,B,7,2130,A,7,0.5,E,8,0.000,?,0,0.00,?,0,0,1,D,9,00,C,8
02/10/1985,08:00,8,386,2,1,13,0,1,9,2,1,13,0,1,13,0,1,9,0,1,13,0,1,21,10,A,7,10,A,7,-7.8,A,7,-15.6,A,7,54,A,7,995,A,7,150,A,7,4.1,A,7,16100,B,7,2130,A,7,0.5,E,8,0.000,F,8,0.00,?,0,0,1,D,9,00,C,8
02/10/1985,09:00,179,1405,42,1,13,2,1,9,41,1,13,46,1,13,0,1,9,46,1,13,138,1,21,10,A,7,10,A,7,-7.8,A,7,-15.0,A,7,57,A,7,995,A,7,150,A,7,4.1,A,7,16100,B,7,760,A,7,0.5,E,8,0.000,F,8,0.00,?,0,0,1,D,9,00,C,8
02/10/1985,10:00,398,1405,84,1,9,1,1,9,84,1,13,96,1,9,1,1,9,96,1,13,320,1,18,10,A,7,10,A,7,-6.7,A,7,-13.9,A,7,57,A,7,995,A,7,140,A,7,5.2,A,7,16100,B,7,760,A,7,0.5,E,8,0.000,F,8,0.00,?,0,0,1,D,9,00,C,8
02/10/1985,11:00,576,1405,155,1,9,8,1,9,152,1,13,176,1,9,6,1,9,174,1,13,588,1,18,10,A,7,10,A,7,-6.1,A,7,-17.8,A,7,40,A,7,994,A,7,130,A,7,5.2,A,7,16100,B,7,3660,A,7,0.4,E,8,0.000,F,8,0.00,?,0,0,1,D,9,00,C,8
02/10/1985,12:00,699,1405,259,1,9,6,1,9,256,1,13,288,1,9,6,1,9,286,1,13,918,1,18,10,A,7,10,A,7,-6.1,A,7,-16.1,A,7,46,A,7,994,A,7,160,A,7,5.7,A,7,16100,B,7,3660,A,7,0.5,E,8,0.000,F,8,0.00,?,0,0,1,D,9,00,C,8
02/10/1985,13:00,758,1405,243,1,9,1,1,9,243,1,13,275,1,9,1,1,9,275,1,13,946,1,18,10,A,7,10,A,7,-6.1,A,7,-11.1,A,7,68,A,7,994,A,7,140,A,7,4.6,A,7,3200,B,7,910,A,7,0.6,E,8,0.000,F,8,0.00,?,0,0,1,D,9,00,C,8
02/10/1985,14:00,750,1405,265,1,9,3,1,9,264,1,13,298,1,9,3,1,9,296,1,13,986,1,18,10,A,7,10,A,7,-6.1,A,7,-8.3,A,7,85,A,7,993,A,7,120,A,7,4.1,A,7,3200,B,7,460,A,7,0.7,E,8,0.000,F,8,0.00,?,0,0,1,D,9,71,C,8
02/10/1985,15:00,675,1405,241,1,9,3,1,9,240,1,13,269,1,9,3,1,9,268,1,13,864,1,18,10,A,7,10,A,7,-6.1,A,7,-8.3,A,7,85,A,7,993,A,7,150,A,7,6.7,A,7,4800,B,7,760,A,7,0.7,E,8,0.000,F,8,0.00,?,0,0,1,D,9,71,C,8
02/10/1985,16:00,538,1405,207,1,9,0,1,9,206,1,13,226,1,9,0,1,9,226,1,13,669,1,18,10,A,7,10,A,7,-6.1,A,7,-8.3,A,7,85,A,7,993,A,7,90,A,7,5.2,A,7,4000,B,7,760,A,7,0.7,E,8,0.000,F,8,0.00,?,0,0,1,D,9,71,C,8
02/10/1985,17:00,349,1405,120,1,13,1,1,9,120,1,13,131,1,13,1,1,9,131,1,13,374,1,21,10,A,7,10,A,7,-6.7,A,7,-8.3,A,7,88,A,7,992,A,7,130,A,7,5.7,A,7,4000,B,7,760,A,7,0.7,E,8,0.000,F,8,0.00,?,0,0,1,D,9,71,C,8
02/10/1985,18:00,124,1405,34,1,13,0,1,9,34,1,13,37,1,13,0,1,9,37,1,13,106,1,21,10,A,7,10,A,7,-6.7,A,7,-8.3,A,7,88,A,7,992,A,7,110,A,7,5.2,A,7,2400,B,7,760,A,7,0.7,E,8,0.000,F,8,0.00,?,0,0,1,D,9,45,C,8
02/10/1985,19:00,0,35,0,1,0,0,1,0,0,1,0,0,1,1,0,1,2,0,1,2,0,1,1,10,A,7,10,A,7,-6.7,A,7,-8.3,A,7,88,A,7,992,A,7,90,A,7,5.2,A,7,1600,B,7,760,A,7,0.7,E,8,0.000,?,0,0.00,?,0,0,1,D,9,45,C,8
02/10/1985,20:00,0,0,0,1,0,0,1,0,0,1,0,0,1,0,0,1,0,0,1,0,0,1,0,10,A,7,10,A,7,-6.1,A,7,-8.3,A,7,85,A,7,991,A,7,100,A,7,6.2,A,7,4800,B,7,850,A,7,0.7,E,8,0.000,?,0,0.00,?,0,0,1,D,9,45,C,8
02/10/1985,21:00,0,0,0,1,0,0,1,0,0,1,0,0,1,0,0,1,0,0,1,0,0,1,0,10,A,7,10,A,7,-6.1,A,7,-7.8,A,7,88,A,7,991,A,7,110,A,7,5.7,A,7,6400,B,7,760,A,7,0.7,E,8,0.000,?,0,0.00,?,0,0,1,D,9,45,C,8
02/10/1985,22:00,0,0,0,1,0,0,1,0,0,1,0,0,1,0,0,1,0,0,1,0,0,1,0,10,A,7,10,A,7,-6.1,A,7,-7.2,A,7,92,A,7,990,A,7,100,A,7,5.2,A,7,4800,B,7,640,A,7,0.7,E,8,0.000,?,0,0.00,?,0,0,1,D,9,45,C,8
02/10/1985,23:00,0,0,0,1,0,0,1,0,0,1,0,0,1,0,0,1,0,0,1,0,0,1,0,10,A,7,10,A,7,-6.1,A,7,-7.2,A,7,92,A,7,989,A,7,120,A,7,5.2,A,7,4800,B,7,640,A,7,0.7,E,8,0.000,?,0,0.00,?,0,0,1,D,9,45,C,8
02/10/1985,24:00,0,0,0,1,0,0,1,0,0,1,0,0,1,0,0,1,0,0,1,0,0,1,0,10,A,7,10,A,7,-6.1,A,7,-7.2,A,7,92,A,7,989,A,7,110,A,7,5.2,A,7,8000,B,7,580,A,7,0.7,E,8,0.000,?,0,0.00,?,0,0,1,D,9,45,C,8
02/11/1985,01:00,0,0,0,1,0,0,1,0,0,1,0,0,1,0,0,1,0,0,1,0,0,1,0,10,A,7,10,A,7,-6.1,A,7,-8.3,A,7,85,A,7,988,A,7,70,A,7,5.2,A,7,4000,B,7,340,A,7,0.7,E,8,0.000,?,0,0.00,?,0,0,1,D,9,45,C,8
02/11/1985,02:00,0,0,0,1,0,0,1,0,0,1,0,0,1,0,0,1,0,0,1,0,0,1,0,10,A,7,10,A,7,-6.1,A,7,-8.3,A,7,85,A,7,987,A,7,90,A,7,4.6,A,7,4000,B,7,340,A,7,0.7,E,8,0.000,?,0,0.00,?,0,0,1,D,9,45,C,8
02/11/1985,03:00,0,0,0,1,0,0,1,0,0,1,0,0,1,0,0,1,0,0,1,0,0,1,0,10,A,7,10,A,7,-6.1,A,7,-7.2,A,7,92,A,7,986,A,7,70,A,7,5.2,A,7,1000,B,7,90,A,7,0.7,E,8,0.000,?,0,0.00,?,0,0,1,D,9,45,C,8
02/11/1985,04:00,0,0,0,1,0,0,1,0,0,1,0,0,1,0,0,1,0,0,1,0,0,1,0,10,A,7,10,A,7,-5.6,A,7,-6.7,A,7,92,A,7,985,A,7,80,A,7,5.7,A,7,1000,B,7,90,A,7,0.7,E,8,0.000,?,0,0.00,?,0,0,1,D,9,71,C,8
02/11/1985,05:00,0,0,0,1,0,0,1,0,0,1,0,0,1,0,0,1,0,0,1,0,0,1,0,10,A,7,10,A,7,-5.6,A,7,-6.7,A,7,92,A,7,984,A,7,70,A,7,4.1,A,7,1200,B,7,120,A,7,0.7,E,8,0.000,?,0,0.00,?,0,0,1,D,9,71,C,8
02/11/1985,06:00,0,0,0,1,0,0,1,0,0,1,0,0,1,0,0,1,0,0,1,0,0,1,0,10,A,7,10,A,7,-5.0,A,7,-6.1,A,7,92,A,7,983,A,7,80,A,7,4.6,A,7,1200,B,7,460,A,7,0.7,E,8,0.000,?,0,0.00,?,0,0,1,D,9,71,C,8
02/11/1985,07:00,0,0,0,1,0,0,1,0,0,1,0,0,1,0,0,1,0,0,1,0,0,1,0,10,A,7,10,A,7,-5.0,A,7,-6.1,A,7,92,A,7,983,A,7,60,A,7,3.1,A,7,1200,B,7,460,A,7,0.7,E,8,0.000,?,0,0.00,?,0,0,1,D,9,71,C,8
02/11/1985,08:00,10,410,6,1,13,0,1,9,6,1,13,0,1,13,0,1,9,0,1,13,0,1,21,10,A,7,10,A,7,-5.0,A,7,-6.1,A,7,92,A,7,982,A,7,80,A,7,4.1,A,7,2400,B,7,340,A,7,0.7,E,8,0.000,F,8,0.00,?,0,0,1,D,9,71,C,8
02/11/1985,09:00,185,1404,70,1,13,1,1,9,70,1,13,75,1,13,0,1,9,75,1,13,190,1,21,10,A,7,10,A,7,-4.4,A,7,-6.1,A,7,88,A,7,982,A,7,70,A,7,4.1,A,7,1600,B,7,90,A,7,0.7,E,8,0.000,F,8,0.00,?,0,0,1,D,9,71,C,8
02/11/1985,10:00,404,1404,99,1,9,0,1,9,99,1,13,112,1,9,0,1,9,112,1,13,363,1,18,10,A,7,10,A,7,-3.9,A,7,-5.6,A,7,88,A,7,981,A,7,70,A,7,3.6,A,7,1600,B,7,90,A,7,0.8,E,8,0.000,F,8,0.00,?,0,0,1,D,9,71,C,8
02/11/1985,11:00,582,1404,257,1,9,1,1,9,256,1,13,279,1,9,1,1,9,279,1,13,783,1,18,10,A,7,10,A,7,-2.8,A,7,-4.4,A,7,89,A,7,980,A,7,50,A,7,3.6,A,7,800,B,7,180,A,7,0.8,E,8,0.000,F,8,0.00,?,0,0,1,D,9,45,C,8
02/11/1985,12:00,705,1404,323,1,9,0,1,9,323,1,13,353,1,9,0,1,9,353,1,13,1024,1,18,10,A,7,10,A,7,-1.7,A,7,-3.3,A,7,89,A,7,979,A,7,50,A,7,3.6,A,7,800,B,7,180,A,7,0.9,E,8,0.000,F,8,0.00,?,0,0,1,D,9,73,C,8
02/11/1985,13:00,765,1404,339,1,9,1,1,9,338,1,13,373,1,9,1,1,9,373,1,13,1128,1,18,10,A,7,10,A,7,-1.1,A,7,-2.8,A,7,89,A,7,978,A,7,50,A,7,3.1,A,7,800,B,7,150,A,7,0.9,E,8,0.000,F,8,0.00,?,0,0,1,D,9,73,C,8
02/11/1985,14:00,757,1404,380,1,9,0,1,9,380,1,13,414,1,9,0,1,9,414,1,13,1156,1,18,10,A,7,10,A,7,0.6,A,7,-0.6,A,7,92,A,7,977,A,7,60,A,7,2.6,A,7,800,B,7,90,A,7,1.0,E,8,0.000,F,8,0.00,?,0,0,1,D,9,73,C,8
02/11/1985,15:00,681,1404,303,1,9,2,1,9,302,1,13,332,1,9,2,1,9,331,1,13,967,1,18,10,A,7,10,A,7,0.6,A,7,-0.6,A,7,92,A,7,976,A,7,150,A,7,4.1,A,7,1200,B,7,90,A,7,1.0,E,8,0.000,F,8,0.00,?,0,0,1,D,9,73,C,8
02/11/1985,16:00,545,1404,141,1,9,1,1,9,141,1,13,160,1,9,1,1,9,160,1,13,541,1,18,10,A,7,10,A,7,0.6,A,7,-0.6,A,7,92,A,7,976,A,7,140,A,7,4.6,A,7,1200,B,7,90,A,7,1.0,E,8,0.000,F,8,0.00,?,0,0,1,D,9,71,C,8
02/11/1985,17:00,355,1404,87,1,13,1,1,9,86,1,13,97,1,13,0,1,9,97,1,13,309,1,21,10,A,7,10,A,7,0.6,A,7,-0.6,A,7,92,A,7,976,A,7,130,A,7,5.2,A,7,1200,B,7,120,A,7,1.0,E,8,0.000,F,8,0.00,?,0,0,1,D,9,61,C,8
02/11/1985,18:00,129,1404,25,1,13,0,1,9,25,1,13,28,1,13,0,1,9,28,1,13,87,1,21,10,A,7,10,A,7,1.1,A,7,0.6,A,7,96,A,7,976,A,7,130,A,7,4.6,A,7,1200,B,7,150,A,7,1.1,E,8,0.000,F,8,0.00,?,0,0,1,D,9,61,C,8
02/11/1985,19:00,0,82,0,1,0,0,1,0,0,1,0,0,1,1,0,1,2,0,1,2,0,1,1,10,A,7,10,A,7,1.1,A,7,0.6,A,7,96,A,7,976,A,7,140,A,7,6.2,A,7,1200,B,7,150,A,7,1.1,E,8,0.000,?,0,0.00,?,0,3,1,D,9,45,C,8
02/11/1985,20:00,0,0,0,1,0,0,1,0,0,1,0,0,1,0,0,1,0,0,1,0,0,1,0,10,A,7,10,A,7,0.6,A,7,0.0,A,7,96,A,7,976,A,7,140,A,7,5.2,A,7,1600,B,7,90,A,7,1.1,E,8,0.000,?,0,0.00,?,0,0,1,D,9,45,C,8
02/11/1985,21:00,0,0,0,1,0,0,1,0,0,1,0,0,1,0,0,1,0,0,1,0,0,1,0,10,A,7,10,A,7,0.6,A,7,0.0,A,7,96,A,7,975,A,7,110,A,7,3.6,A,7,1600,B,7,90,A,7,1.1,E,8,0.000,?,0,0.00,?,0,3,1,D,9,45,C,8
02/11/1985,22:00,0,0,0,1,0,0,1,0,0,1,0,0,1,0,0,1,0,0,1,0,0,1,0,10,A,7,10,A,7,0.0,A,7,-0.6,A,7,96,A,7,975,A,7,110,A,7,3.6,A,7,1600,B,7,90,A,7,1.0,E,8,0.000,?,0,0.00,?,0,3,1,D,9,45,C,8
02/11/1985,23:00,0,0,0,1,0,0,1,0,0,1,0,0,1,0,0,1,0,0,1,0,0,1,0,10,A,7,10,A,7,0.0,A,7,-0.6,A,7,96,A,7,974,A,7,60,A,7,3.1,A,7,1600,B,7,90,A,7,1.0,E,8,0.000,?,0,0.00,?,0,0,1,D,9,45,C,8
02/11/1985,24:00,0,0,0,1,0,0,1,0,0,1,0,0,1,0,0,1,0,0,1,0,0,1,0,10,A,7,10,A,7,0.0,A,7,-0.6,A,7,96,A,7,974,A,7,50,A,7,3.6,A,7,1600,B,7,90,A,7,1.0,E,8,0.000,?,0,0.00,?,0,0,1,D,9,45,C,8
02/12/1985,01:00,0,0,0,1,0,0,1,0,0,1,0,0,1,0,0,1,0,0,1,0,0,1,0,10,A,7,10,A,7,0.6,A,7,0.0,A,7,96,A,7,973,A,7,30,A,7,3.1,A,7,1600,B,7,90,A,7,1.1,E,8,0.000,?,0,0.00,?,0,0,1,D,9,45,C,8
02/12/1985,02:00,0,0,0,1,0,0,1,0,0,1,0,0,1,0,0,1,0,0,1,0,0,1,0,10,A,7,10,A,7,0.6,A,7,0.0,A,7,96,A,7,972,A,7,30,A,7,3.1,A,7,1200,B,7,60,A,7,1.1,E,8,0.000,?,0,0.00,?,0,0,1,D,9,45,C,8
02/12/1985,03:00,0,0,0,1,0,0,1,0,0,1,0,0,1,0,0,1,0,0,1,0,0,1,0,10,A,7,10,A,7,0.0,A,7,-0.6,A,7,96,A,7,972,A,7,50,A,7,5.2,A,7,3200,B,7,60,A,7,1.0,E,8,0.000,?,0,0.00,?,0,3,1,D,9,45,C,8
02/12/1985,04:00,0,0,0,1,0,0,1,0,0,1,0,0,1,0,0,1,0,0,1,0,0,1,0,10,A,7,10,A,7,0.0,A,7,-0.6,A,7,96,A,7,972,A,7,20,A,7,4.1,A,7,4800,B,7,90,A,7,1.0,E,8,0.000,?,0,0.00,?,0,0,1,D,9,45,C,8
02/12/1985,05:00,0,0,0,1,0,0,1,0,0,1,0,0,1,0,0,1,0,0,1,0,0,1,0,10,A,7,10,A,7,0.0,A,7,-0.6,A,7,96,A,7,971,A,7,20,A,7,4.1,A,7,3200,B,7,60,A,7,1.0,E,8,0.000,?,0,0.00,?,0,0,1,D,9,45,C,8
02/12/1985,06:00,0,0,0,1,0,0,1,0,0,1,0,0,1,0,0,1,0,0,1,0,0,1,0,10,A,7,10,A,7,0.0,A,7,-0.6,A,7,96,A,7,971,A,7,20,A,7,4.6,A,7,3200,B,7,60,A,7,1.0,E,8,0.000,?,0,0.00,?,0,0,1,D,9,45,C,8
02/12/1985,07:00,0,0,0,1,0,0,1,0,0,1,0,0,1,0,0,1,0,0,1,0,0,1,0,10,A,7,10,A,7,0.0,A,7,-0.6,A,7,96,A,7,971,A,7,10,A,7,6.2,A,7,4800,B,7,90,A,7,1.0,E,8,0.000,?,0,0.00,?,0,0,1,D,9,45,C,8
02/12/1985,08:00,11,433,8,1,13,0,1,9,8,1,13,0,1,13,0,1,9,0,1,13,0,1,21,10,A,7,10,A,7,-0.6,A,7,-1.1,A,7,96,A,7,972,A,7,10,A,7,6.7,A,7,2400,B,7,90,A,7,1.0,E,8,0.000,F,8,0.00,?,0,0,1,D,9,45,C,8
02/12/1985,09:00,191,1404,59,1,13,1,1,9,59,1,13,65,1,13,0,1,9,65,1,13,179,1,21,10,A,7,10,A,7,-0.6,A,7,-1.1,A,7,96,A,7,972,A,7,10,A,7,6.7,A,7,2400,B,7,90,A,7,1.0,E,8,0.000,F,8,0.00,?,0,0,1,D,9,45,C,8
02/12/1985,10:00,411,1404,154,1,9,0,1,9,154,1,13,168,1,9,0,1,9,168,1,13,473,1,18,10,A,7,10,A,7,-1.7,A,7,-2.2,A,7,96,A,7,971,A,7,360,A,7,5.2,A,7,1200,B,7,90,A,7,0.9,E,8,0.000,F,8,0.00,?,0,0,1,D,9,45,C,8
02/12/1985,11:00,589,1404,249,1,9,0,1,9,249,1,13,272,1,9,0,1,9,272,1,13,784,1,18,10,A,7,10,A,7,-2.2,A,7,-3.3,A,7,92,A,7,971,A,7,360,A,7,6.7,A,7,2400,B,7,90,A,7,0.9,E,8,0.000,F,8,0.00,?,0,0,1,D,9,45,C,8
02/12/1985,12:00,712,1404,318,1,9,1,1,9,317,1,13,348,1,9,1,1,9,348,1,13,1027,1,18,10,A,7,10,A,7,-2.2,A,7,-3.3,A,7,92,A,7,971,A,7,360,A,7,7.2,A,7,2400,B,7,90,A,7,0.9,E,8,0.000,F,8,0.00,?,0,0,1,D,9,45,C,8
02/12/1985,13:00,771,1404,377,1,9,1,1,9,377,1,13,413,1,9,1,1,9,412,1,13,1179,1,18,10,A,7,10,A,7,-2.2,A,7,-3.3,A,7,92,A,7,970,A,7,360,A,7,7.7,A,7,2400,B,7,90,A,7,0.9,E,8,0.000,F,8,0.00,?,0,0,1,D,9,45,C,8
02/12/1985,14:00,763,1404,345,1,9,1,1,9,345,1,13,380,1,9,1,1,9,379,1,13,1134,1,18,10,A,7,10,A,7,-2.8,A,7,-4.4,A,7,89,A,7,969,A,7,340,A,7,9.8,A,7,4000,B,7,120,A,7,0.8,E,8,0.000,F,8,0.00,?,0,0,1,D,9,45,C,8
02/12/1985,15:00,688,1404,304,1,9,0,1,9,304,1,13,333,1,9,0,1,9,333,1,13,978,1,18,10,A,7,10,A,7,-2.8,A,7,-4.4,A,7,89,A,7,969,A,7,340,A,7,11.8,A,7,4000,B,7,150,A,7,0.8,E,8,0.000,F,8,0.00,?,0,0,1,D,9,45,C,8
02/12/1985,16:00,551,1404,247,1,9,1,1,9,247,1,13,268,1,9,1,1,9,268,1,13,733,1,18,10,A,7,10,A,7,-3.3,A,7,-5.0,A,7,88,A,7,968,A,7,350,A,7,9.3,A,7,3200,B,7,210,A,7,0.8,E,8,0.000,F,8,0.00,?,0,0,1,D,9,45,C,8
02/12/1985,17:00,361,1404,128,1,13,0,1,9,128,1,13,140,1,13,0,1,9,140,1,13,395,1,21,10,A,7,10,A,7,-3.9,A,7,-4.4,A,7,96,A,7,969,A,7,340,A,7,10.3,A,7,1600,B,7,150,A,7,0.8,E,8,0.000,F,8,0.00,?,0,0,1,D,9,38,C,8
02/12/1985,18:00,135,1404,41,1,13,0,1,9,41,1,13,45,1,13,0,1,9,45,1,13,123,1,21,10,A,7,10,A,7,-4.4,A,7,-5.0,A,7,96,A,7,969,A,7,350,A,7,9.8,A,7,1600,B,7,150,A,7,0.8,E,8,0.000,F,8,0.00,?,0,0,1,D,9,38,C,8
02/12/1985,19:00,1,105,0,1,0,0,1,0,0,1,0,0,1,1,0,1,2,0,1,2,0,1,1,10,A,7,10,A,7,-5.0,A,7,-5.6,A,7,96,A,7,969,A,7,350,A,7,9.3,A,7,1600,B,7,150,A,7,0.8,E,8,0.000,?,0,0.00,?,0,0,1,D,9,38,C,8
02/12/1985,20:00,0,0,0,1,0,0,1,0,0,1,0,0,1,0,0,1,0,0,1,0,0,1,0,10,A,7,10,A,7,-5.6,A,7,-6.7,A,7,92,A,7,969,A,7,360,A,7,7.7,A,7,11300,B,7,240,A,7,0.7,E,8,0.000,?,0,0.00,?,0,0,1,D,9,38,C,8
02/12/1985,21:00,0,0,0,1,0,0,1,0,0,1,0,0,1,0,0,1,0,0,1,0,0,1,0,10,A,7,10,A,7,-5.6,A,7,-6.7,A,7,92,A,7,969,A,7,330,A,7,8.8,A,7,8000,B,7,240,A,7,0.7,E,8,0.000,?,0,0.00,?,0,0,1,D,9,38,C,8
02/12/1985,22:00,0,0,0,1,0,0,1,0,0,1,0,0,1,0,0,1,0,0,1,0,0,1,0,10,A,7,10,A,7,-5.6,A,7,-6.7,A,7,92,A,7,969,A,7,340,A,7,8.2,A,7,6400,B,7,240,A,7,0.7,E,8,0.000,?,0,0.00,?,0,0,1,D,9,71,C,8
02/12/1985,23:00,0,0,0,1,0,0,1,0,0,1,0,0,1,0,0,1,0,0,1,0,0,1,0,10,A,7,10,A,7,-5.6,A,7,-6.7,A,7,92,A,7,968,A,7,330,A,7,8.8,A,7,2400,B,7,180,A,7,0.7,E,8,0.000,?,0,0.00,?,0,0,1,D,9,71,C,8
02/12/1985,24:00,0,0,0,1,0,0,1,0,0,1,0,0,1,0,0,1,0,0,1,0,0,1,0,10,A,7,10,A,7,-6.1,A,7,-6.7,A,7,96,A,7,968,A,7,340,A,7,8.8,A,7,2400,B,7,210,A,7,0.7,E,8,0.000,?,0,0.00,?,0,0,1,D,9,45,C,8
02/13/1985,01:00,0,0,0,1,0,0,1,0,0,1,0,0,1,0,0,1,0,0,1,0,0,1,0,10,A,7,10,A,7,-6.1,A,7,-7.2,A,7,92,A,7,968,A,7,310,A,7,8.2,A,7,2400,B,7,210,A,7,0.7,E,8,0.000,?,0,0.00,?,0,0,1,D,9,45,C,8
02/13/1985,02:00,0,0,0,1,0,0,1,0,0,1,0,0,1,0,0,1,0,0,1,0,0,1,0,10,A,7,10,A,7,-6.1,A,7,-7.2,A,7,92,A,7,968,A,7,320,A,7,7.2,A,7,2400,B,7,210,A,7,0.7,E,8,0.000,?,0,0.00,?,0,0,1,D,9,45,C,8
02/13/1985,03:00,0,0,0,1,0,0,1,0,0,1,0,0,1,0,0,1,0,0,1,0,0,1,0,10,A,7,10,A,7,-6.1,A,7,-7.8,A,7,88,A,7,968,A,7,320,A,7,9.3,A,7,9700,B,7,340,A,7,0.7,E,8,0.000,?,0,0.00,?,0,0,1,D,9,45,C,8
02/13/1985,04:00,0,0,0,1,0,0,1,0,0,1,0,0,1,0,0,1,0,0,1,0,0,1,0,10,A,7,10,A,7,-6.1,A,7,-8.3,A,7,85,A,7,968,A,7,330,A,7,8.8,A,7,12900,B,7,340,A,7,0.7,E,8,0.000,?,0,0.00,?,0,0,1,D,9,71,C,8
02/13/1985,05:00,0,0,0,1,0,0,1,0,0,1,0,0,1,0,0,1,0,0,1,0,0,1,0,10,A,7,10,A,7,-6.7,A,7,-8.3,A,7,88,A,7,969,A,7,310,A,7,6.2,A,7,11300,B,7,460,A,7,0.7,E,8,0.000,?,0,0.00,?,0,0,1,D,9,71,C,8
02/13/1985,06:00,0,0,0,1,0,0,1,0,0,1,0,0,1,0,0,1,0,0,1,0,0,1,0,10,A,7,10,A,7,-6.7,A,7,-8.9,A,7,84,A,7,969,A,7,320,A,7,8.2,A,7,14500,B,7,460,A,7,0.6,E,8,0.000,?,0,0.00,?,0,0,1,D,9,71,C,8
02/13/1985,07:00,0,0,0,1,0,0,1,0,0,1,0,0,1,0,0,1,0,0,1,0,0,1,0,10,A,7,10,A,7,-6.7,A,7,-8.3,A,7,88,A,7,970,A,7,340,A,7,6.7,A,7,16100,B,7,520,A,7,0.7,E,8,0.000,?,0,0.00,?,0,0,1,D,9,71,C,8
02/13/1985,08:00,13,479,7,1,13,0,1,9,7,1,13,0,1,13,0,1,9,0,1,13,0,1,21,10,A,7,10,A,7,-6.7,A,7,-8.9,A,7,84,A,7,970,A,7,320,A,7,6.2,A,7,16100,B,7,520,A,7,0.6,E,8,0.000,F,8,0.00,?,0,0,1,D,9,71,C,8
02/13/1985,09:00,197,1403,64,1,13,0,1,9,64,1,13,70,1,13,0,1,9,70,1,13,190,1,21,10,A,7,10,A,7,-6.7,A,7,-8.9,A,7,84,A,7,970,A,7,320,A,7,7.2,A,7,16100,B,7,520,A,7,0.6,E,8,0.000,F,8,0.00,?,0,0,1,D,9,00,C,8
02/13/1985,10:00,417,1403,158,1,9,0,1,9,158,1,13,172,1,9,0,1,9,172,1,13,484,1,18,10,A,7,10,A,7,-6.7,A,7,-8.9,A,7,84,A,7,971,A,7,320,A,7,5.7,A,7,9700,B,7,520,A,7,0.6,E,8,0.000,F,8,0.00,?,0,0,1,D,9,00,C,8
02/13/1985,11:00,595,1403,235,1,9,1,1,9,235,1,13,259,1,9,1,1,9,258,1,13,773,1,18,10,A,7,10,A,7,-6.7,A,7,-8.9,A,7,84,A,7,971,A,7,320,A,7,6.7,A,7,1600,B,7,520,A,7,0.6,E,8,0.000,F,8,0.00,?,0,0,1,D,9,71,C,8
02/13/1985,12:00,718,1403,327,1,9,0,1,9,327,1,13,358,1,9,0,1,9,358,1,13,1048,1,18,10,A,7,10,A,7,-5.0,A,7,-7.8,A,7,81,A,7,972,A,7,320,A,7,5.2,A,7,9700,B,7,580,A,7,0.7,E,8,0.000,F,8,0.00,?,0,0,1,D,9,71,C,8
02/13/1985,13:00,778,1403,357,1,9,1,1,9,357,1,13,393,1,9,1,1,9,393,1,13,1170,1,18,10,A,7,10,A,7,-5.0,A,7,-7.8,A,7,81,A,7,971,A,7,290,A,7,7.2,A,7,9700,B,7,490,A,7,0.7,E,8,0.000,F,8,0.00,?,0,0,1,D,9,71,C,8
02/13/1985,14:00,770,1403,355,1,9,1,1,9,354,1,13,390,1,9,1,1,9,389,1,13,1155,1,18,10,A,7,10,A,7,-4.4,A,7,-7.2,A,7,81,A,7,971,A,7,290,A,7,8.2,A,7,4800,B,7,370,A,7,0.7,E,8,0.000,F,8,0.00,?,0,0,1,D,9,71,C,8
02/13/1985,15:00,694,1403,285,1,9,1,1,9,284,1,13,314,1,9,1,1,9,313,1,13,961,1,18,10,A,7,10,A,7,-4.4,A,7,-6.7,A,7,85,A,7,971,A,7,310,A,7,7.7,A,7,3200,B,7,370,A,7,0.7,E,8,0.000,F,8,0.00,?,0,0,1,D,9,71,C,8
02/13/1985,16:00,557,1403,230,1,9,0,1,9,230,1,13,251,1,9,0,1,9,251,1,13,723,1,18,10,A,7,10,A,7,-4.4,A,7,-6.7,A,7,85,A,7,971,A,7,290,A,7,7.7,A,7,1200,B,7,150,A,7,0.7,E,8,0.000,F,8,0.00,?,0,0,1,D,9,71,C,8
02/13/1985,17:00,367,1403,130,1,13,1,1,9,130,1,13,142,1,13,1,1,9,142,1,13,403,1,21,10,A,7,10,A,7,-5.0,A,7,-7.2,A,7,85,A,7,972,A,7,280,A,7,8.8,A,7,3200,B,7,310,A,7,0.7,E,8,0.000,F,8,0.00,?,0,0,1,D,9,71,C,8
02/13/1985,18:00,140,1403,46,1,13,0,1,9,46,1,13,50,1,13,0,1,9,50,1,13,134,1,21,10,A,7,10,A,7,-5.6,A,7,-7.2,A,7,88,A,7,972,A,7,280,A,7,7.2,A,7,3200,B,7,310,A,7,0.7,E,8,0.000,F,8,0.00,?,0,0,1,D,9,38,C,8
02/13/1985,19:00,1,129,2,1,13,0,1,9,2,1,13,0,1,13,0,1,9,0,1,13,0,1,21,10,A,7,10,A,7,-6.1,A,7,-7.2,A,7,92,A,7,973,A,7,270,A,7,10.3,A,7,3200,B,7,210,A,7,0.7,E,8,0.000,F,8,0.00,?,0,0,1,D,9,38,C,8
02/13/1985,20:00,0,0,0,1,0,0,1,0,0,1,0,0,1,0,0,1,0,0,1,0,0,1,0,10,A,7,10,A,7,-6.7,A,7,-7.8,A,7,92,A,7,973,A,7,280,A,7,8.8,A,7,3200,B,7,210,A,7,0.7,E,8,0.000,?,0,0.00,?,0,0,1,D,9,38,C,8
02/13/1985,21:00,0,0,0,1,0,0,1,0,0,1,0,0,1,0,0,1,0,0,1,0,0,1,0,10,A,7,10,A,7,-7.2,A,7,-8.9,A,7,88,A,7,974,A,7,280,A,7,8.8,A,7,3200,B,7,270,A,7,0.6,E,8,0.000,?,0,0.00,?,0,0,1,D,9,38,C,8
02/13/1985,22:00,0,0,0,1,0,0,1,0,0,1,0,0,1,0,0,1,0,0,1,0,0,1,0,10,A,7,10,A,7,-7.2,A,7,-8.9,A,7,88,A,7,974,A,7,260,A,7,7.2,A,7,6400,B,7,760,A,7,0.6,E,8,0.000,?,0,0.00,?,0,0,1,D,9,38,C,8
02/13/1985,23:00,0,0,0,1,0,0,1,0,0,1,0,0,1,0,0,1,0,0,1,0,0,1,0,10,A,7,10,A,7,-7.2,A,7,-8.3,A,7,92,A,7,974,A,7,270,A,7,6.2,A,7,4000,B,7,340,A,7,0.7,E,8,0.000,?,0,0.00,?,0,0,1,D,9,71,C,8
02/13/1985,24:00,0,0,0,1,0,0,1,0,0,1,0,0,1,0,0,1,0,0,1,0,0,1,0,10,A,7,10,A,7,-6.7,A,7,-8.3,A,7,88,A,7,973,A,7,270,A,7,5.7,A,7,4000,B,7,340,A,7,0.7,E,8,0.000,?,0,0.00,?,0,0,1,D,9,71,C,8
02/14/1985,01:00,0,0,0,1,0,0,1,0,0,1,0,0,1,0,0,1,0,0,1,0,0,1,0,10,A,7,10,A,7,-6.7,A,7,-8.3,A,7,88,A,7,973,A,7,280,A,7,4.1,A,7,4000,B,7,370,A,7,0.7,E,8,0.000,?,0,0.00,?,0,0,1,D,9,71,C,8
02/14/1985,02:00,0,0,0,1,0,0,1,0,0,1,0,0,1,0,0,1,0,0,1,0,0,1,0,10,A,7,10,A,7,-6.7,A,7,-8.9,A,7,84,A,7,973,A,7,280,A,7,5.7,A,7,6400,B,7,370,A,7,0.6,E,8,0.000,?,0,0.00,?,0,0,1,D,9,71,C,8
02/14/1985,03:00,0,0,0,1,0,0,1,0,0,1,0,0,1,0,0,1,0,0,1,0,0,1,0,10,A,7,10,A,7,-7.2,A,7,-9.4,A,7,84,A,7,973,A,7,290,A,7,5.2,A,7,9700,B,7,640,A,7,0.6,E,8,0.000,?,0,0.00,?,0,0,1,D,9,71,C,8
02/14/1985,04:00,0,0,0,1,0,0,1,0,0,1,0,0,1,0,0,1,0,0,1,0,0,1,0,10,A,7,10,A,7,-7.8,A,7,-9.4,A,7,88,A,7,973,A,7,290,A,7,5.2,A,7,2400,B,7,340,A,7,0.6,E,8,0.000,?,0,0.00,?,0,0,1,D,9,71,C,8
02/14/1985,05:00,0,0,0,1,0,0,1,0,0,1,0,0,1,0,0,1,0,0,1,0,0,1,0,10,A,7,10,A,7,-7.8,A,7,-9.4,A,7,88,A,7,973,A,7,270,A,7,6.2,A,7,4800,B,7,340,A,7,0.6,E,8,0.000,?,0,0.00,?,0,0,1,D,9,71,C,8
02/14/1985,06:00,0,0,0,1,0,0,1,0,0,1,0,0,1,0,0,1,0,0,1,0,0,1,0,10,A,7,10,A,7,-8.3,A,7,-10.0,A,7,88,A,7,973,A,7,270,A,7,6.2,A,7,4800,B,7,340,A,7,0.6,E,8,0.000,?,0,0.00,?,0,0,1,D,9,71,C,8
02/14/1985,07:00,0,0,0,1,0,0,1,0,0,1,0,0,1,0,0,1,0,0,1,0,0,1,0,10,A,7,10,A,7,-8.3,A,7,-9.4,A,7,92,A,7,973,A,7,280,A,7,7.2,A,7,4000,B,7,310,A,7,0.6,E,8,0.000,?,0,0.00,?,0,0,1,D,9,71,C,8
02/14/1985,08:00,15,503,8,1,13,0,1,9,8,1,13,0,1,13,0,1,9,0,1,13,0,1,21,10,A,7,10,A,7,-7.8,A,7,-9.4,A,7,88,A,7,974,A,7,270,A,7,5.2,A,7,4000,B,7,340,A,7,0.6,E,8,0.000,F,8,0.00,?,0,0,1,D,9,71,C,8
02/14/1985,09:00,203,1403,71,1,13,1,1,9,71,1,13,77,1,13,0,1,9,77,1,13,203,1,21,10,A,7,10,A,7,-7.8,A,7,-9.4,A,7,88,A,7,974,A,7,300,A,7,5.7,A,7,4000,B,7,3050,A,7,0.6,E,8,0.000,F,8,0.00,?,0,0,1,D,9,71,C,8
02/14/1985,10:00,423,1403,164,1,9,0,1,9,164,1,13,178,1,9,0,1,9,178,1,13,498,1,18,10,A,7,10,A,7,-7.8,A,7,-9.4,A,7,88,A,7,974,A,7,280,A,7,5.2,A,7,4000,B,7,2740,A,7,0.6,E,8,0.000,F,8,0.00,?,0,0,1,D,9,71,C,8
02/14/1985,11:00,601,1403,214,1,9,30,1,9,201,1,13,238,1,9,25,1,9,228,1,13,720,1,18,10,A,7,8,A,7,-7.2,A,7,-8.9,A,7,88,A,7,974,A,7,290,A,7,6.2,A,7,9700,B,7,460,A,7,0.6,E,8,0.000,F,8,0.00,?,0,0,1,D,9,71,C,8
02/14/1985,12:00,725,1403,498,1,9,297,1,9,346,1,13,530,1,9,301,1,9,374,1,13,874,1,18,10,A,7,9,A,7,-7.2,A,7,-8.9,A,7,88,A,7,975,A,7,270,A,7,7.2,A,7,4000,B,7,2740,A,7,0.6,E,8,0.000,F,8,0.00,?,0,0,1,D,9,71,C,8
02/14/1985,13:00,784,1403,241,1,9,8,1,9,236,1,13,274,1,9,7,1,9,270,1,13,950,1,18,10,A,7,10,A,7,-6.7,A,7,-8.3,A,7,88,A,7,975,A,7,280,A,7,6.2,A,7,2400,B,7,370,A,7,0.7,E,8,0.000,F,8,0.00,?,0,0,1,D,9,71,C,8
02/14/1985,14:00,776,1403,253,1,9,15,1,9,245,1,13,287,1,9,13,1,9,280,1,13,967,1,18,10,A,7,10,A,7,-7.2,A,7,-8.9,A,7,88,A,7,975,A,7,280,A,7,6.7,A,7,2400,B,7,370,A,7,0.6,E,8,0.000,F,8,0.00,?,0,0,1,D,9,71,C,8
02/14/1985,15:00,701,1403,229,1,9,4,1,9,227,1,13,258,1,9,4,1,9,256,1,13,861,1,18,10,A,7,10,A,7,-7.2,A,7,-8.9,A,7,88,A,7,975,A,7,290,A,7,7.7,A,7,2400,B,7,370,A,7,0.6,E,8,0.000,F,8,0.00,?,0,0,1,D,9,71,C,8
02/14/1985,16:00,563,1403,161,1,9,0,1,9,161,1,13,181,1,9,0,1,9,181,1,13,603,1,18,10,A,7,10,A,7,-7.2,A,7,-8.9,A,7,88,A,7,976,A,7,300,A,7,6.2,A,7,4800,B,7,460,A,7,0.6,E,8,0.000,F,8,0.00,?,0,0,1,D,9,71,C,8
02/14/1985,17:00,373,1403,146,1,9,4,1,9,145,1,13,158,1,9,3,1,9,157,1,13,428,1,18,10,A,7,10,A,7,-7.2,A,7,-8.3,A,7,92,A,7,977,A,7,290,A,7,4.6,A,7,2400,B,7,310,A,7,0.7,E,8,0.000,F,8,0.00,?,0,0,1,D,9,71,C,8
02/14/1985,18:00,146,1403,37,1,13,1,1,9,37,1,13,41,1,13,0,1,9,41,1,13,120,1,21,10,A,7,10,A,7,-7.8,A,7,-9.4,A,7,88,A,7,978,A,7,290,A,7,7.2,A,7,4800,B,7,760,A,7,0.6,E,8,0.000,F,8,0.00,?,0,0,1,D,9,71,C,8
02/14/1985,19:00,2,175,1,1,13,0,1,9,1,1,13,0,1,13,0,1,9,0,1,13,0,1,21,10,A,7,10,A,7,-7.8,A,7,-9.4,A,7,88,A,7,979,A,7,290,A,7,6.2,A,7,3200,B,7,610,A,7,0.6,E,8,0.000,F,8,0.00,?,0,0,1,D,9,71,C,8
02/14/1985,20:00,0,0,0,1,0,0,1,0,0,1,0,0,1,0,0,1,0,0,1,0,0,1,0,10,A,7,10,A,7,-8.3,A,7,-10.0,A,7,88,A,7,979,A,7,290,A,7,6.2,A,7,8000,B,7,700,A,7,0.6,E,8,0.000,?,0,0.00,?,0,0,1,D,9,71,C,8
02/14/1985,21:00,0,0,0,1,0,0,1,0,0,1,0,0,1,0,0,1,0,0,1,0,0,1,0,10,A,7,10,A,7,-8.3,A,7,-10.0,A,7,88,A,7,980,A,7,290,A,7,5.7,A,7,3200,B,7,310,A,7,0.6,E,8,0.000,?,0,0.00,?,0,0,1,D,9,71,C,8
02/14/1985,22:00,0,0,0,1,0,0,1,0,0,1,0,0,1,0,0,1,0,0,1,0,0,1,0,10,A,7,10,A,7,-8.3,A,7,-10.0,A,7,88,A,7,980,A,7,270,A,7,6.2,A,7,3200,B,7,310,A,7,0.6,E,8,0.000,?,0,0.00,?,0,0,1,D,9,71,C,8
02/14/1985,23:00,0,0,0,1,0,0,1,0,0,1,0,0,1,0,0,1,0,0,1,0,0,1,0,10,A,7,10,A,7,-8.3,A,7,-10.0,A,7,88,A,7,980,A,7,260,A,7,5.7,A,7,9700,B,7,850,A,7,0.6,E,8,0.000,?,0,0.00,?,0,0,1,D,9,71,C,8
02/14/1985,24:00,0,0,0,1,0,0,1,0,0,1,0,0,1,0,0,1,0,0,1,0,0,1,0,10,A,7,10,A,7,-8.3,A,7,-10.0,A,7,88,A,7,980,A,7,260,A,7,5.2,A,7,8000,B,7,850,A,7,0.6,E,8,0.000,?,0,0.00,?,0,0,1,D,9,71,C,8
02/15/1985,01:00,0,0,0,1,0,0,1,0,0,1,0,0,1,0,0,1,0,0,1,0,0,1,0,10,A,7,10,A,7,-8.3,A,7,-10.0,A,7,88,A,7,980,A,7,290,A,7,5.7,A,7,8000,B,7,850,A,7,0.6,E,8,0.000,?,0,0.00,?,0,0,1,D,9,71,C,8
02/15/1985,02:00,0,0,0,1,0,0,1,0,0,1,0,0,1,0,0,1,0,0,1,0,0,1,0,8,A,7,8,A,7,-9.4,A,7,-11.1,A,7,88,A,7,981,A,7,300,A,7,4.6,A,7,16100,B,7,850,A,7,0.6,E,8,0.000,?,0,0.00,?,0,0,1,D,9,71,C,8
02/15/1985,03:00,0,0,0,1,0,0,1,0,0,1,0,0,1,0,0,1,0,0,1,0,0,1,0,7,A,7,7,A,7,-12.2,A,7,-15.0,A,7,80,A,7,981,A,7,300,A,7,3.6,A,7,16100,B,7,2740,A,7,0.5,E,8,0.000,?,0,0.00,?,0,0,1,D,9,00,C,8
02/15/1985,04:00,0,0,0,1,0,0,1,0,0,1,0,0,1,0,0,1,0,0,1,0,0,1,0,10,A,7,10,A,7,-12.2,A,7,-15.0,A,7,80,A,7,981,A,7,300,A,7,4.1,A,7,16100,B,7,2440,A,7,0.5,E,8,0.000,?,0,0.00,?,0,0,1,D,9,00,C,8
02/15/1985,05:00,0,0,0,1,0,0,1,0,0,1,0,0,1,0,0,1,0,0,1,0,0,1,0,10,A,7,10,A,7,-12.2,A,7,-15.0,A,7,80,A,7,981,A,7,300,A,7,4.1,A,7,16100,B,7,2440,A,7,0.5,E,8,0.000,?,0,0.00,?,0,0,1,D,9,00,C,8
02/15/1985,06:00,0,0,0,1,0,0,1,0,0,1,0,0,1,0,0,1,0,0,1,0,0,1,0,10,A,7,10,A,7,-11.1,A,7,-13.3,A,7,84,A,7,982,A,7,280,A,7,4.1,A,7,8000,B,7,1220,A,7,0.5,E,8,0.000,?,0,0.00,?,0,0,1,D,9,00,C,8
02/15/1985,07:00,0,0,0,1,0,0,1,0,0,1,0,0,1,0,0,1,0,0,1,0,0,1,0,10,A,7,10,A,7,-10.6,A,7,-12.2,A,7,88,A,7,982,A,7,280,A,7,4.1,A,7,12900,B,7,1070,A,7,0.5,E,8,0.000,?,0,0.00,?,0,0,1,D,9,71,C,8
02/15/1985,08:00,17,549,9,1,13,0,1,9,9,1,13,0,1,13,0,1,9,0,1,13,0,1,21,10,A,7,10,A,7,-10.6,A,7,-12.2,A,7,88,A,7,982,A,7,280,A,7,3.1,A,7,12900,B,7,1370,A,7,0.5,E,8,0.000,F,8,0.00,?,0,0,1,D,9,71,C,8
02/15/1985,09:00,209,1402,68,1,13,2,1,9,68,1,13,74,1,13,1,1,9,74,1,13,203,1,21,10,A,7,10,A,7,-9.4,A,7,-12.2,A,7,81,A,7,982,A,7,270,A,7,3.6,A,7,11300,B,7,1220,A,7,0.5,E,8,0.000,F,8,0.00,?,0,0,1,D,9,71,C,8
02/15/1985,10:00,429,1402,199,1,9,1,1,9,199,1,13,213,1,9,1,1,9,213,1,13,537,1,18,10,A,7,10,A,7,-8.9,A,7,-11.7,A,7,81,A,7,982,A,7,270,A,7,4.6,A,7,9700,B,7,850,A,7,0.6,E,8,0.000,F,8,0.00,?,0,0,1,D,9,71,C,8
02/15/1985,11:00,608,1402,276,1,9,1,1,9,276,1,13,301,1,9,1,1,9,300,1,13,838,1,18,10,A,7,10,A,7,-8.3,A,7,-10.6,A,7,84,A,7,983,A,7,270,A,7,5.2,A,7,6400,B,7,850,A,7,0.6,E,8,0.000,F,8,0.00,?,0,0,1,D,9,71,C,8
02/15/1985,12:00,731,1402,443,1,9,299,1,9,289,1,13,478,1,9,306,1,9,318,1,13,732,1,18,8,A,7,8,A,7,-7.2,A,7,-10.0,A,7,81,A,7,982,A,7,260,A,7,6.2,A,7,11300,B,7,2740,A,7,0.6,E,8,0.000,F,8,0.00,?,0,0,1,D,9,71,C,8
02/15/1985,13:00,791,1402,558,1,13,444,1,13,309,1,13,589,1,13,467,1,13,325,1,13,788,1,23,7,A,7,7,A,7,-6.7,A,7,-9.4,A,7,81,A,7,982,A,7,260,A,7,6.2,A,7,11300,B,7,640,A,7,0.6,E,8,0.000,F,8,0.00,?,0,0,1,D,9,71,C,8
02/15/1985,14:00,783,1402,450,1,9,283,1,9,293,1,13,487,1,9,293,1,9,323,1,13,764,1,18,8,A,7,8,A,7,-6.7,A,7,-8.9,A,7,84,A,7,981,A,7,260,A,7,6.2,A,7,11300,B,7,760,A,7,0.6,E,8,0.000,F,8,0.00,?,0,0,1,D,9,71,C,8
02/15/1985,15:00,707,1402,299,1,9,5,1,9,297,1,13,330,1,9,5,1,9,328,1,13,996,1,18,10,A,7,10,A,7,-6.1,A,7,-8.3,A,7,85,A,7,981,A,7,260,A,7,6.7,A,7,11300,B,7,850,A,7,0.7,E,8,0.000,F,8,0.00,?,0,0,1,D,9,71,C,8
02/15/1985,16:00,569,1402,330,1,9,200,1,9,250,1,13,352,1,9,195,1,9,272,1,13,589,1,18,8,A,7,8,A,7,-6.1,A,7,-8.3,A,7,85,A,7,981,A,7,270,A,7,7.2,A,7,16100,B,7,850,A,7,0.7,E,8,0.000,F,8,0.00,?,0,0,1,D,9,71,C,8
02/15/1985,17:00,379,1402,136,1,9,126,1,9,103,1,13,149,1,9,111,1,9,119,1,13,228,1,18,9,A,7,9,A,7,-7.8,A,7,-10.0,A,7,84,A,7,981,A,7,260,A,7,6.2,A,7,16100,B,7,2440,A,7,0.6,E,8,0.000,F,8,0.00,?,0,0,1,D,9,00,C,8
02/15/1985,18:00,151,1402,34,1,13,45,1,9,29,1,13,38,1,13,26,1,9,35,1,13,61,1,21,10,A,7,10,A,7,-8.3,A,7,-11.7,A,7,77,A,7,981,A,7,250,A,7,6.7,A,7,8000,B,7,700,A,7,0.6,E,8,0.000,F,8,0.00,?,0,0,1,D,9,85,C,8
02/15/1985,19:00,2,199,1,1,13,0,1,9,1,1,13,0,1,13,0,1,9,0,1,13,0,1,21,10,A,7,10,A,7,-9.4,A,7,-12.2,A,7,81,A,7,982,A,7,250,A,7,6.2,A,7,6400,B,7,700,A,7,0.5,E,8,0.000,F,8,0.00,?,0,0,1,D,9,85,C,8
02/15/1985,20:00,0,0,0,1,0,0,1,0,0,1,0,0,1,0,0,1,0,0,1,0,0,1,0,10,A,7,10,A,7,-8.9,A,7,-11.7,A,7,81,A,7,982,A,7,250,A,7,6.2,A,7,9700,B,7,700,A,7,0.6,E,8,0.000,?,0,0.00,?,0,0,1,D,9,85,C,8
02/15/1985,21:00,0,0,0,1,0,0,1,0,0,1,0,0,1,0,0,1,0,0,1,0,0,1,0,10,A,7,10,A,7,-10.6,A,7,-13.9,A,7,77,A,7,982,A,7,250,A,7,6.7,A,7,16100,B,7,700,A,7,0.5,E,8,0.000,?,0,0.00,?,0,0,1,D,9,85,C,8
02/15/1985,22:00,0,0,0,1,0,0,1,0,0,1,0,0,1,0,0,1,0,0,1,0,0,1,0,10,A,7,10,A,7,-10.6,A,7,-14.4,A,7,73,A,7,982,A,7,240,A,7,5.2,A,7,16100,B,7,640,A,7,0.5,E,8,0.000,?,0,0.00,?,0,0,1,D,9,00,C,8
02/15/1985,23:00,0,0,0,1,0,0,1,0,0,1,0,0,1,0,0,1,0,0,1,0,0,1,0,10,A,7,10,A,7,-10.6,A,7,-13.9,A,7,77,A,7,981,A,7,230,A,7,4.6,A,7,16100,B,7,640,A,7,0.5,E,8,0.000,?,0,0.00,?,0,0,1,D,9,85,C,8
02/15/1985,24:00,0,0,0,1,0,0,1,0,0,1,0,0,1,0,0,1,0,0,1,0,0,1,0,10,A,7,10,A,7,-12.2,A,7,-14.4,A,7,84,A,7,981,A,7,220,A,7,6.2,A,7,16100,B,7,700,A,7,0.5,E,8,0.000,?,0,0.00,?,0,0,1,D,9,85,C,8
02/16/1985,01:00,0,0,0,1,0,0,1,0,0,1,0,0,1,0,0,1,0,0,1,0,0,1,0,10,A,7,10,A,7,-12.8,A,7,-15.0,A,7,84,A,7,981,A,7,200,A,7,4.6,A,7,16100,B,7,700,A,7,0.5,E,8,0.000,?,0,0.00,?,0,0,1,D,9,00,C,8
02/16/1985,02:00,0,0,0,1,0,0,1,0,0,1,0,0,1,0,0,1,0,0,1,0,0,1,0,10,A,7,10,A,7,-12.8,A,7,-15.0,A,7,84,A,7,981,A,7,200,A,7,4.6,A,7,16100,B,7,700,A,7,0.5,E,8,0.000,?,0,0.00,?,0,0,1,D,9,71,C,8
02/16/1985,03:00,0,0,0,1,0,0,1,0,0,1,0,0,1,0,0,1,0,0,1,0,0,1,0,10,A,7,10,A,7,-14.4,A,7,-21.1,A,7,57,A,7,980,A,7,190,A,7,5.2,A,7,16100,B,7,700,A,7,0.4,E,8,0.000,?,0,0.00,?,0,0,1,D,9,71,C,8
02/16/1985,04:00,0,0,0,1,0,0,1,0,0,1,0,0,1,0,0,1,0,0,1,0,0,1,0,10,A,7,10,A,7,-14.4,A,7,-20.0,A,7,63,A,7,979,A,7,210,A,7,5.7,A,7,16100,B,7,640,A,7,0.4,E,8,0.000,?,0,0.00,?,0,0,1,D,9,71,C,8
02/16/1985,05:00,0,0,0,1,0,0,1,0,0,1,0,0,1,0,0,1,0,0,1,0,0,1,0,10,A,7,10,A,7,-14.4,A,7,-18.3,A,7,73,A,7,980,A,7,210,A,7,5.2,A,7,16100,B,7,580,A,7,0.4,E,8,0.000,?,0,0.00,?,0,0,1,D,9,71,C,8
02/16/1985,06:00,0,0,0,1,0,0,1,0,0,1,0,0,1,0,0,1,0,0,1,0,0,1,0,10,A,7,10,A,7,-14.4,A,7,-17.8,A,7,76,A,7,980,A,7,210,A,7,6.2,A,7,16100,B,7,520,A,7,0.4,E,8,0.000,?,0,0.00,?,0,0,1,D,9,71,C,8
02/16/1985,07:00,0,0,0,1,0,0,1,0,0,1,0,0,1,0,0,1,0,0,1,0,0,1,0,10,A,7,10,A,7,-13.9,A,7,-16.7,A,7,80,A,7,979,A,7,190,A,7,5.7,A,7,12900,B,7,700,A,7,0.4,E,8,0.000,?,0,0.00,?,0,0,1,D,9,71,C,8
02/16/1985,08:00,19,572,7,1,13,0,1,9,7,1,13,0,1,13,0,1,9,0,1,13,0,1,21,10,A,7,10,A,7,-13.3,A,7,-16.7,A,7,76,A,7,979,A,7,190,A,7,6.7,A,7,12900,B,7,2130,A,7,0.4,E,8,0.000,F,8,0.00,?,0,0,1,D,9,71,C,8
02/16/1985,09:00,215,1401,46,1,13,4,1,9,45,1,13,51,1,13,1,1,9,51,1,13,158,1,21,10,A,7,10,A,7,-12.8,A,7,-15.0,A,7,84,A,7,978,A,7,200,A,7,6.2,A,7,12900,B,7,2130,A,7,0.5,E,8,0.000,F,8,0.00,?,0,0,1,D,9,00,C,8
02/16/1985,10:00,436,1401,172,1,9,2,1,9,171,1,13,187,1,9,2,1,9,186,1,13,520,1,18,10,A,7,10,A,7,-11.1,A,7,-16.1,A,7,67,A,7,978,A,7,200,A,7,6.2,A,7,11300,B,7,760,A,7,0.4,E,8,0.000,F,8,0.00,?,0,0,1,D,9,00,C,8
02/16/1985,11:00,615,1401,226,1,9,1,1,9,225,1,13,250,1,9,1,1,9,249,1,13,778,1,18,10,A,7,10,A,7,-9.4,A,7,-15.0,A,7,64,A,7,977,A,7,190,A,7,5.7,A,7,12900,B,7,980,A,7,0.5,E,8,0.000,F,8,0.00,?,0,0,1,D,9,71,C,8
02/16/1985,12:00,738,1401,278,1,9,3,1,9,276,1,13,310,1,9,3,1,9,308,1,13,999,1,18,10,A,7,10,A,7,-7.8,A,7,-12.2,A,7,71,A,7,976,A,7,190,A,7,6.7,A,7,12900,B,7,910,A,7,0.5,E,8,0.000,F,8,0.00,?,0,0,1,D,9,00,C,8
02/16/1985,13:00,798,1401,359,1,9,1,1,9,359,1,13,397,1,9,1,1,9,396,1,13,1204,1,18,10,A,7,10,A,7,-6.7,A,7,-9.4,A,7,81,A,7,974,A,7,190,A,7,6.2,A,7,12900,B,7,910,A,7,0.6,E,8,0.000,F,8,0.00,?,0,0,1,D,9,00,C,8
02/16/1985,14:00,789,1401,318,1,9,3,1,9,316,1,13,354,1,9,3,1,9,352,1,13,1129,1,18,10,A,7,10,A,7,-5.6,A,7,-8.9,A,7,78,A,7,974,A,7,200,A,7,7.2,A,7,12900,B,7,910,A,7,0.6,E,8,0.000,F,8,0.00,?,0,0,1,D,9,00,C,8
02/16/1985,15:00,713,1401,376,1,9,119,1,9,316,1,13,412,1,9,121,1,9,350,1,13,858,1,18,8,A,7,8,A,7,-3.9,A,7,-6.7,A,7,81,A,7,972,A,7,190,A,7,7.2,A,7,16100,B,7,1220,A,7,0.7,E,8,0.000,F,8,0.00,?,0,0,1,D,9,00,C,8
02/16/1985,16:00,576,1401,245,1,9,3,1,9,244,1,13,268,1,9,3,1,9,266,1,13,763,1,18,10,A,7,10,A,7,-3.9,A,7,-6.7,A,7,81,A,7,973,A,7,200,A,7,7.2,A,7,16100,B,7,700,A,7,0.7,E,8,0.000,F,8,0.00,?,0,0,1,D,9,00,C,8
02/16/1985,17:00,385,1401,162,1,9,9,1,9,160,1,13,175,1,9,7,1,9,173,1,13,456,1,18,10,A,7,10,A,7,-3.3,A,7,-7.2,A,7,75,A,7,973,A,7,210,A,7,6.7,A,7,16100,B,7,700,A,7,0.7,E,8,0.000,F,8,0.00,?,0,0,1,D,9,71,C,8
02/16/1985,18:00,157,1401,41,1,13,0,1,9,41,1,13,45,1,13,0,1,9,45,1,13,132,1,21,10,A,7,10,A,7,-2.8,A,7,-6.1,A,7,78,A,7,973,A,7,210,A,7,6.2,A,7,11300,B,7,550,A,7,0.7,E,8,0.000,F,8,0.00,?,0,0,1,D,9,00,C,8
02/16/1985,19:00,3,222,2,1,13,0,1,9,2,1,13,0,1,13,0,1,9,0,1,13,0,1,21,10,A,7,10,A,7,-3.3,A,7,-5.6,A,7,85,A,7,973,A,7,230,A,7,5.2,A,7,9700,B,7,490,A,7,0.8,E,8,0.000,F,8,0.00,?,0,0,1,D,9,00,C,8
02/16/1985,20:00,0,0,0,1,0,0,1,0,0,1,0,0,1,0,0,1,0,0,1,0,0,1,0,10,A,7,10,A,7,-2.8,A,7,-5.0,A,7,85,A,7,974,A,7,260,A,7,10.3,A,7,8000,B,7,340,A,7,0.8,E,8,0.000,?,0,0.00,?,0,0,1,D,9,71,C,8
02/16/1985,21:00,0,0,0,1,0,0,1,0,0,1,0,0,1,0,0,1,0,0,1,0,0,1,0,10,A,7,10,A,7,-3.9,A,7,-5.6,A,7,88,A,7,975,A,7,270,A,7,8.8,A,7,8000,B,7,340,A,7,0.8,E,8,0.000,?,0,0.00,?,0,0,1,D,9,71,C,8
02/16/1985,22:00,0,0,0,1,0,0,1,0,0,1,0,0,1,0,0,1,0,0,1,0,0,1,0,10,A,7,10,A,7,-4.4,A,7,-6.1,A,7,88,A,7,976,A,7,280,A,7,8.8,A,7,8000,B,7,490,A,7,0.7,E,8,0.000,?,0,0.00,?,0,0,1,D,9,38,C,8
02/16/1985,23:00,0,0,0,1,0,0,1,0,0,1,0,0,1,0,0,1,0,0,1,0,0,1,0,10,A,7,10,A,7,-4.4,A,7,-6.7,A,7,85,A,7,977,A,7,280,A,7,7.7,A,7,11300,B,7,640,A,7,0.7,E,8,0.000,?,0,0.00,?,0,0,1,D,9,38,C,8
02/16/1985,24:00,0,0,0,1,0,0,1,0,0,1,0,0,1,0,0,1,0,0,1,0,0,1,0,10,A,7,10,A,7,-4.4,A,7,-6.7,A,7,85,A,7,978,A,7,260,A,7,7.7,A,7,12900,B,7,700,A,7,0.7,E,8,0.000,?,0,0.00,?,0,0,1,D,9,71,C,8
02/17/1985,01:00,0,0,0,1,0,0,1,0,0,1,0,0,1,0,0,1,0,0,1,0,0,1,0,10,A,7,10,A,7,-4.4,A,7,-6.7,A,7,85,A,7,978,A,7,260,A,7,7.7,A,7,12900,B,7,700,A,7,0.7,E,8,0.000,?,0,0.00,?,0,0,1,D,9,00,C,8
02/17/1985,02:00,0,0,0,1,0,0,1,0,0,1,0,0,1,0,0,1,0,0,1,0,0,1,0,8,A,7,8,A,7,-5.0,A,7,-7.2,A,7,85,A,7,978,A,7,240,A,7,5.2,A,7,12900,B,7,700,A,7,0.7,E,8,0.000,?,0,0.00,?,0,0,1,D,9,00,C,8
02/17/1985,03:00,0,0,0,1,0,0,1,0,0,1,0,0,1,0,0,1,0,0,1,0,0,1,0,8,A,7,8,A,7,-3.9,A,7,-6.7,A,7,81,A,7,978,A,7,220,A,7,6.7,A,7,12900,B,7,1070,A,7,0.7,E,8,0.000,?,0,0.00,?,0,0,1,D,9,00,C,8
02/17/1985,04:00,0,0,0,1,0,0,1,0,0,1,0,0,1,0,0,1,0,0,1,0,0,1,0,10,A,7,10,A,7,-3.3,A,7,-6.7,A,7,78,A,7,979,A,7,220,A,7,8.2,A,7,9700,B,7,1220,A,7,0.7,E,8,0.000,?,0,0.00,?,0,0,1,D,9,71,C,8
02/17/1985,05:00,0,0,0,1,0,0,1,0,0,1,0,0,1,0,0,1,0,0,1,0,0,1,0,10,A,7,10,A,7,-3.3,A,7,-6.7,A,7,78,A,7,979,A,7,240,A,7,9.3,A,7,12900,B,7,1070,A,7,0.7,E,8,0.000,?,0,0.00,?,0,0,1,D,9,71,C,8
02/17/1985,06:00,0,0,0,1,0,0,1,0,0,1,0,0,1,0,0,1,0,0,1,0,0,1,0,10,A,7,10,A,7,-3.9,A,7,-6.7,A,7,81,A,7,981,A,7,280,A,7,9.8,A,7,12900,B,7,910,A,7,0.7,E,8,0.000,?,0,0.00,?,0,0,1,D,9,71,C,8
02/17/1985,07:00,0,0,0,1,0,0,1,0,0,1,0,0,1,0,0,1,0,0,1,0,0,1,0,0,A,7,0,A,7,-5.0,A,7,-7.8,A,7,81,A,7,982,A,7,250,A,7,6.7,A,7,16100,B,7,77777,A,7,0.7,E,8,0.000,?,0,0.00,?,0,0,1,D,9,71,C,8
02/17/1985,08:00,21,595,13,1,13,15,1,13,12,1,13,0,1,13,0,1,13,0,1,13,0,1,23,5,A,7,5,A,7,-5.0,A,7,-7.8,A,7,81,A,7,982,A,7,230,A,7,5.2,A,7,16100,B,7,77777,A,7,0.7,E,8,0.000,F,8,0.00,?,0,0,1,D,9,00,C,8
02/17/1985,09:00,221,1401,90,1,13,50,1,9,83,1,13,99,1,13,39,1,9,93,1,13,182,1,21,8,A,7,8,A,7,-3.9,A,7,-6.1,A,7,85,A,7,983,A,7,220,A,7,6.2,A,7,16100,B,7,760,A,7,0.7,E,8,0.000,F,8,0.00,?,0,0,1,D,9,00,C,8
02/17/1985,10:00,442,1401,247,1,13,328,1,13,145,1,13,260,1,13,301,1,13,165,1,13,304,1,23,6,A,7,6,A,7,-1.7,A,7,-4.4,A,7,82,A,7,983,A,7,230,A,7,8.2,A,7,6400,B,7,760,A,7,0.8,E,8,0.000,F,8,0.00,?,0,0,1,D,9,71,C,8
02/17/1985,11:00,621,1401,312,1,9,108,1,9,264,1,13,341,1,9,108,1,9,293,1,13,688,1,18,8,A,7,8,A,7,-1.1,A,7,-3.3,A,7,85,A,7,984,A,7,230,A,7,8.2,A,7,3200,B,7,760,A,7,0.9,E,8,0.000,F,8,0.00,?,0,0,1,D,9,85,C,8
02/17/1985,12:00,745,1401,460,1,9,259,1,9,323,1,13,492,1,9,265,1,9,351,1,13,825,1,18,8,A,7,8,A,7,0.0,A,7,-1.7,A,7,89,A,7,984,A,7,240,A,7,7.7,A,7,6400,B,7,430,A,7,1.0,E,8,0.000,F,8,0.00,?,0,0,1,D,9,85,C,8
02/17/1985,13:00,804,1401,466,1,9,195,1,9,354,1,13,498,1,9,201,1,9,382,1,13,936,1,18,8,A,7,8,A,7,0.0,A,7,-2.8,A,7,82,A,7,984,A,7,260,A,7,11.8,A,7,11300,B,7,640,A,7,0.9,E,8,0.000,F,8,0.00,?,0,0,1,D,9,85,C,8
02/17/1985,14:00,796,1401,323,1,9,42,1,9,299,1,13,354,1,9,43,1,9,330,1,13,900,1,18,9,A,7,9,A,7,-0.6,A,7,-5.0,A,7,72,A,7,985,A,7,280,A,7,11.8,A,7,11300,B,7,760,A,7,0.8,E,8,0.000,F,8,0.00,?,0,0,1,D,9,85,C,8
02/17/1985,15:00,720,1401,267,1,9,2,1,9,266,1,13,298,1,9,2,1,9,297,1,13,961,1,18,10,A,7,10,A,7,-1.7,A,7,-4.4,A,7,82,A,7,986,A,7,270,A,7,12.4,A,7,3200,B,7,700,A,7,0.8,E,8,0.000,F,8,0.00,?,0,0,1,D,9,85,C,8
02/17/1985,16:00,582,1401,366,1,13,351,1,13,222,1,13,383,1,13,349,1,13,238,1,13,506,1,23,7,A,7,7,A,7,-1.7,A,7,-3.3,A,7,89,A,7,987,A,7,270,A,7,11.3,A,7,16100,B,7,760,A,7,0.9,E,8,0.000,F,8,0.00,?,0,0,1,D,9,85,C,8
02/17/1985,17:00,391,1401,190,1,13,158,1,13,146,1,13,203,1,13,139,1,13,164,1,13,324,1,23,7,A,7,7,A,7,-2.2,A,7,-6.7,A,7,72,A,7,988,A,7,270,A,7,11.3,A,7,16100,B,7,850,A,7,0.7,E,8,0.000,F,8,0.00,?,0,0,1,D,9,85,C,8
02/17/1985,18:00,163,1401,76,1,13,419,1,9,29,1,13,80,1,13,254,1,9,50,1,13,52,1,21,0,A,7,0,A,7,-3.3,A,7,-8.3,A,7,69,A,7,989,A,7,260,A,7,8.8,A,7,24100,B,7,77777,A,7,0.7,E,8,0.000,F,8,0.00,?,0,0,1,D,9,00,C,8
02/17/1985,19:00,4,268,5,1,13,18,1,9,2,1,13,0,1,13,0,1,9,0,1,13,0,1,21,0,A,7,0,A,7,-3.9,A,7,-8.9,A,7,69,A,7,990,A,7,260,A,7,7.2,A,7,24100,B,7,77777,A,7,0.6,E,8,0.000,F,8,0.00,?,0,0,1,D,9,00,C,8
02/17/1985,20:00,0,0,0,1,0,0,1,0,0,1,0,0,1,0,0,1,0,0,1,0,0,1,0,0,A,7,0,A,7,-3.9,A,7,-9.4,A,7,66,A,7,991,A,7,260,A,7,5.7,A,7,24100,B,7,77777,A,7,0.6,E,8,0.000,?,0,0.00,?,0,0,1,D,9,00,C,8
02/17/1985,21:00,0,0,0,1,0,0,1,0,0,1,0,0,1,0,0,1,0,0,1,0,0,1,0,0,A,7,0,A,7,-4.4,A,7,-10.0,A,7,66,A,7,991,A,7,230,A,7,4.1,A,7,24100,B,7,77777,A,7,0.6,E,8,0.000,?,0,0.00,?,0,0,1,D,9,00,C,8
02/17/1985,22:00,0,0,0,1,0,0,1,0,0,1,0,0,1,0,0,1,0,0,1,0,0,1,0,0,A,7,0,A,7,-5.0,A,7,-8.9,A,7,75,A,7,992,A,7,230,A,7,6.7,A,7,24100,B,7,77777,A,7,0.6,E,8,0.000,?,0,0.00,?,0,0,1,D,9,00,C,8
02/17/1985,23:00,0,0,0,1,0,0,1,0,0,1,0,0,1,0,0,1,0,0,1,0,0,1,0,0,A,7,0,A,7,-4.4,A,7,-8.9,A,7,72,A,7,992,A,7,230,A,7,6.2,A,7,24100,B,7,77777,A,7,0.7,E,8,0.000,?,0,0.00,?,0,0,1,D,9,00,C,8
02/17/1985,24:00,0,0,0,1,0,0,1,0,0,1,0,0,1,0,0,1,0,0,1,0,0,1,0,0,A,7,0,A,7,-5.0,A,7,-8.9,A,7,75,A,7,992,A,7,230,A,7,5.7,A,7,24100,B,7,77777,A,7,0.6,E,8,0.000,?,0,0.00,?,0,0,1,D,9,00,C,8
02/18/1985,01:00,0,0,0,1,0,0,1,0,0,1,0,0,1,0,0,1,0,0,1,0,0,1,0,0,A,7,0,A,7,-5.6,A,7,-8.9,A,7,78,A,7,993,A,7,230,A,7,5.2,A,7,24100,B,7,77777,A,7,0.6,E,8,0.000,?,0,0.00,?,0,0,1,D,9,00,C,8
02/18/1985,02:00,0,0,0,1,0,0,1,0,0,1,0,0,1,0,0,1,0,0,1,0,0,1,0,0,A,7,0,A,7,-6.1,A,7,-8.9,A,7,81,A,7,993,A,7,210,A,7,5.2,A,7,24100,B,7,77777,A,7,0.6,E,8,0.000,?,0,0.00,?,0,0,1,D,9,00,C,8
02/18/1985,03:00,0,0,0,1,0,0,1,0,0,1,0,0,1,0,0,1,0,0,1,0,0,1,0,0,A,7,0,A,7,-6.7,A,7,-8.9,A,7,84,A,7,993,A,7,220,A,7,5.2,A,7,24100,B,7,77777,A,7,0.6,E,8,0.000,?,0,0.00,?,0,0,1,D,9,00,C,8
02/18/1985,04:00,0,0,0,1,0,0,1,0,0,1,0,0,1,0,0,1,0,0,1,0,0,1,0,0,A,7,0,A,7,-6.7,A,7,-8.9,A,7,84,A,7,993,A,7,220,A,7,5.2,A,7,24100,B,7,77777,A,7,0.6,E,8,0.000,?,0,0.00,?,0,0,1,D,9,00,C,8
02/18/1985,05:00,0,0,0,1,0,0,1,0,0,1,0,0,1,0,0,1,0,0,1,0,0,1,0,0,A,7,0,A,7,-6.7,A,7,-8.9,A,7,84,A,7,993,A,7,220,A,7,5.2,A,7,24100,B,7,77777,A,7,0.6,E,8,0.000,?,0,0.00,?,0,0,1,D,9,00,C,8
02/18/1985,06:00,0,0,0,1,0,0,1,0,0,1,0,0,1,0,0,1,0,0,1,0,0,1,0,6,A,7,6,A,7,-5.6,A,7,-8.9,A,7,78,A,7,994,A,7,230,A,7,5.7,A,7,24100,B,7,3660,A,7,0.6,E,8,0.000,?,0,0.00,?,0,0,1,D,9,00,C,8
02/18/1985,07:00,0,0,0,1,0,0,1,0,0,1,0,0,1,0,0,1,0,0,1,0,0,1,0,10,A,7,10,A,7,-5.6,A,7,-8.9,A,7,78,A,7,994,A,7,230,A,7,5.7,A,7,24100,B,7,3660,A,7,0.6,E,8,0.000,?,0,0.00,?,0,0,1,D,9,00,C,8
02/18/1985,08:00,24,642,19,1,13,23,1,13,16,1,13,0,1,13,0,1,13,0,1,13,0,1,23,8,A,7,5,A,7,-6.7,A,7,-8.9,A,7,84,A,7,994,A,7,210,A,7,4.6,A,7,24100,B,7,3660,A,7,0.6,E,8,0.000,F,8,0.00,?,0,0,1,D,9,00,C,8
02/18/1985,09:00,228,1400,100,1,13,260,1,9,59,1,13,104,1,13,176,1,9,76,1,13,108,1,21,7,A,7,2,A,7,-5.0,A,7,-6.7,A,7,88,A,7,994,A,7,220,A,7,5.2,A,7,24100,B,7,77777,A,7,0.7,E,8,0.000,F,8,0.00,?,0,0,1,D,9,00,C,8
02/18/1985,10:00,449,1400,278,1,13,457,1,13,133,1,13,286,1,13,411,1,13,154,1,13,258,1,23,5,A,7,4,A,7,-2.2,A,7,-6.1,A,7,75,A,7,994,A,7,220,A,7,6.2,A,7,24100,B,7,77777,A,7,0.8,E,8,0.000,F,8,0.00,?,0,0,1,D,9,00,C,8
02/18/1985,11:00,628,1400,380,1,13,448,1,13,181,1,13,396,1,13,439,1,13,198,1,13,374,1,23,7,A,7,3,A,7,-1.1,A,7,-5.0,A,7,75,A,7,993,A,7,220,A,7,6.7,A,7,24100,B,7,77777,A,7,0.8,E,8,0.000,F,8,0.00,?,0,0,1,D,9,00,C,8
02/18/1985,12:00,751,1400,326,1,9,22,1,9,315,1,13,362,1,9,22,1,9,350,1,13,1081,1,18,10,A,7,10,A,7,0.6,A,7,-2.2,A,7,82,A,7,992,A,7,200,A,7,5.7,A,7,16100,B,7,2130,A,7,0.9,E,8,0.000,F,8,0.00,?,0,0,1,D,9,00,C,8
02/18/1985,13:00,811,1400,459,1,9,89,1,9,408,1,13,503,1,9,92,1,9,449,1,13,1127,1,18,10,A,7,8,A,7,2.2,A,7,-1.1,A,7,79,A,7,991,A,7,210,A,7,8.2,A,7,16100,B,7,6100,A,7,1.0,E,8,0.000,F,8,0.00,?,0,0,1,D,9,00,C,8
02/18/1985,14:00,802,1400,327,1,9,86,1,9,278,1,13,360,1,9,87,1,9,309,1,13,858,1,18,10,A,7,9,A,7,2.8,A,7,-2.8,A,7,67,A,7,989,A,7,220,A,7,7.2,A,7,16100,B,7,3050,A,7,0.9,E,8,0.000,F,8,0.00,?,0,0,1,D,9,00,C,8
02/18/1985,15:00,726,1400,320,1,9,117,1,9,260,1,13,352,1,9,118,1,9,291,1,13,760,1,18,10,A,7,10,A,7,3.3,A,7,-2.2,A,7,67,A,7,988,A,7,240,A,7,8.8,A,7,11300,B,7,700,A,7,0.9,E,8,0.000,F,8,0.00,?,0,0,1,D,9,00,C,8
02/18/1985,16:00,588,1400,226,1,9,10,1,9,222,1,13,249,1,9,9,1,9,246,1,13,747,1,18,10,A,7,10,A,7,1.1,A,7,0.0,A,7,92,A,7,987,A,7,210,A,7,7.7,A,7,2800,B,7,180,A,7,1.1,E,8,0.000,F,8,0.00,?,0,0,1,D,9,85,C,8
02/18/1985,17:00,397,1400,138,1,9,3,1,9,137,1,13,151,1,9,2,1,9,150,1,13,438,1,18,10,A,7,10,A,7,0.6,A,7,-0.6,A,7,92,A,7,986,A,7,220,A,7,8.8,A,7,9700,B,7,240,A,7,1.0,E,8,0.000,F,8,0.00,?,0,3,1,D,9,85,C,8
02/18/1985,18:00,168,1400,58,1,13,3,1,9,58,1,13,63,1,13,0,1,9,63,1,13,166,1,21,10,A,7,10,A,7,0.6,A,7,-0.6,A,7,92,A,7,985,A,7,210,A,7,10.3,A,7,8000,B,7,270,A,7,1.0,E,8,0.000,F,8,0.00,?,0,0,1,D,9,85,C,8
02/18/1985,19:00,5,292,2,1,13,0,1,9,2,1,13,0,1,13,0,1,9,0,1,13,0,1,21,10,A,7,10,A,7,1.1,A,7,-0.6,A,7,89,A,7,984,A,7,220,A,7,8.8,A,7,11300,B,7,340,A,7,1.0,E,8,0.000,F,8,0.00,?,0,0,1,D,9,85,C,8
02/18/1985,20:00,0,0,0,1,0,0,1,0,0,1,0,0,1,0,0,1,0,0,1,0,0,1,0,10,A,7,10,A,7,1.1,A,7,-1.1,A,7,85,A,7,984,A,7,240,A,7,7.7,A,7,11300,B,7,640,A,7,1.0,E,8,0.000,?,0,0.00,?,0,0,1,D,9,00,C,8
02/18/1985,21:00,0,0,0,1,0,0,1,0,0,1,0,0,1,0,0,1,0,0,1,0,0,1,0,8,A,7,8,A,7,1.1,A,7,-1.7,A,7,82,A,7,984,A,7,260,A,7,11.3,A,7,11300,B,7,700,A,7,1.0,E,8,0.000,?,0,0.00,?,0,0,1,D,9,00,C,8
02/18/1985,22:00,0,0,0,1,0,0,1,0,0,1,0,0,1,0,0,1,0,0,1,0,0,1,0,6,A,7,6,A,7,0.0,A,7,-2.8,A,7,82,A,7,985,A,7,280,A,7,15.4,A,7,16100,B,7,700,A,7,0.9,E,8,0.000,?,0,0.00,?,0,0,1,D,9,00,C,8
02/18/1985,23:00,0,0,0,1,0,0,1,0,0,1,0,0,1,0,0,1,0,0,1,0,0,1,0,10,A,7,10,A,7,-1.7,A,7,-5.6,A,7,75,A,7,986,A,7,270,A,7,13.4,A,7,6400,B,7,850,A,7,0.8,E,8,0.000,?,0,0.00,?,0,0,1,D,9,00,C,8
02/18/1985,24:00,0,0,0,1,0,0,1,0,0,1,0,0,1,0,0,1,0,0,1,0,0,1,0,6,A,7,6,A,7,-3.9,A,7,-7.2,A,7,78,A,7,987,A,7,280,A,7,13.9,A,7,16100,B,7,760,A,7,0.7,E,8,0.000,?,0,0.00,?,0,0,1,D,9,38,C,8
02/19/1985,01:00,0,0,0,1,0,0,1,0,0,1,0,0,1,0,0,1,0,0,1,0,0,1,0,6,A,7,6,A,7,-5.6,A,7,-8.9,A,7,78,A,7,988,A,7,270,A,7,11.8,A,7,16100,B,7,700,A,7,0.6,E,8,0.000,?,0,0.00,?,0,0,1,D,9,38,C,8
02/19/1985,02:00,0,0,0,1,0,0,1,0,0,1,0,0,1,0,0,1,0,0,1,0,0,1,0,5,A,7,5,A,7,-6.7,A,7,-10.0,A,7,78,A,7,989,A,7,280,A,7,10.3,A,7,16100,B,7,77777,A,7,0.6,E,8,0.000,?,0,0.00,?,0,0,1,D,9,00,C,8
02/19/1985,03:00,0,0,0,1,0,0,1,0,0,1,0,0,1,0,0,1,0,0,1,0,0,1,0,5,A,7,5,A,7,-7.2,A,7,-10.6,A,7,77,A,7,990,A,7,280,A,7,9.8,A,7,16100,B,7,77777,A,7,0.6,E,8,0.000,?,0,0.00,?,0,0,1,D,9,00,C,8
02/19/1985,04:00,0,0,0,1,0,0,1,0,0,1,0,0,1,0,0,1,0,0,1,0,0,1,0,3,A,7,3,A,7,-7.8,A,7,-10.6,A,7,81,A,7,991,A,7,280,A,7,8.2,A,7,16100,B,7,77777,A,7,0.6,E,8,0.000,?,0,0.00,?,0,0,1,D,9,00,C,8
02/19/1985,05:00,0,0,0,1,0,0,1,0,0,1,0,0,1,0,0,1,0,0,1,0,0,1,0,7,A,7,7,A,7,-7.8,A,7,-10.6,A,7,81,A,7,992,A,7,280,A,7,7.7,A,7,16100,B,7,640,A,7,0.6,E,8,0.000,?,0,0.00,?,0,0,1,D,9,00,C,8
02/19/1985,06:00,0,0,0,1,0,0,1,0,0,1,0,0,1,0,0,1,0,0,1,0,0,1,0,4,A,7,4,A,7,-8.3,A,7,-10.6,A,7,84,A,7,993,A,7,290,A,7,6.2,A,7,16100,B,7,77777,A,7,0.6,E,8,0.000,?,0,0.00,?,0,0,1,D,9,00,C,8
02/19/1985,07:00,0,0,0,1,0,0,1,0,0,1,0,0,1,0,0,1,0,0,1,0,0,1,0,3,A,7,3,A,7,-8.9,A,7,-11.1,A,7,84,A,7,993,A,7,290,A,7,4.1,A,7,16100,B,7,77777,A,7,0.6,E,8,0.000,?,0,0.00,?,0,0,1,D,9,00,C,8
02/19/1985,08:00,27,665,15,1,13,19,1,13,13,1,13,15,1,13,7,1,13,15,1,13,27,1,23,5,A,7,5,A,7,-10.0,A,7,-12.2,A,7,84,A,7,994,A,7,250,A,7,4.6,A,7,16100,B,7,77777,A,7,0.5,E,8,0.000,F,8,0.00,?,0,0,1,D,9,00,C,8
02/19/1985,09:00,234,1400,121,1,13,485,1,9,42,1,13,127,1,13,345,1,9,69,1,13,76,1,21,0,A,7,0,A,7,-8.3,A,7,-10.0,A,7,88,A,7,995,A,7,260,A,7,4.1,A,7,16100,B,7,77777,A,7,0.6,E,8,0.000,F,8,0.00,?,0,0,1,D,9,00,C,8
02/19/1985,10:00,456,1400,286,1,9,638,1,9,82,1,13,300,1,9,575,1,9,112,1,13,154,1,18,2,A,7,1,A,7,-6.7,A,7,-8.9,A,7,84,A,7,994,A,7,290,A,7,3.1,A,7,16100,B,7,77777,A,7,0.6,E,8,0.000,F,8,0.00,?,0,0,1,D,9,00,C,8
02/19/1985,11:00,635,1400,456,1,9,678,1,9,152,1,13,469,1,9,645,1,9,175,1,13,290,1,18,4,A,7,2,A,7,-5.6,A,7,-8.3,A,7,81,A,7,995,A,7,270,A,7,5.2,A,7,16100,B,7,77777,A,7,0.7,E,8,0.000,F,8,0.00,?,0,0,1,D,9,00,C,8
02/19/1985,12:00,758,1400,579,1,9,695,1,9,206,1,13,611,1,9,703,1,9,229,1,13,459,1,18,7,A,7,2,A,7,-4.4,A,7,-7.2,A,7,81,A,7,995,A,7,270,A,7,5.7,A,7,16100,B,7,77777,A,7,0.7,E,8,0.000,F,8,0.00,?,0,0,1,D,9,00,C,8
02/19/1985,13:00,818,1400,644,1,13,601,1,13,295,1,13,659,1,13,610,1,13,302,1,13,716,1,23,8,A,7,6,A,7,-4.4,A,7,-7.2,A,7,81,A,7,995,A,7,230,A,7,4.1,A,7,16100,B,7,7620,A,7,0.7,E,8,0.000,F,8,0.00,?,0,0,1,D,9,00,C,8
02/19/1985,14:00,809,1400,636,1,13,678,1,13,247,1,13,664,1,13,690,1,13,264,1,13,582,1,23,8,A,7,3,A,7,-3.9,A,7,-6.7,A,7,81,A,7,994,A,7,240,A,7,5.2,A,7,16100,B,7,77777,A,7,0.7,E,8,0.000,F,8,0.00,?,0,0,1,D,9,00,C,8
02/19/1985,15:00,733,1400,521,1,9,600,1,9,209,1,13,545,1,9,604,1,9,228,1,13,460,1,18,6,A,7,2,A,7,-2.8,A,7,-6.7,A,7,75,A,7,994,A,7,230,A,7,6.2,A,7,16100,B,7,77777,A,7,0.7,E,8,0.000,F,8,0.00,?,0,0,1,D,9,00,C,8
02/19/1985,16:00,594,1400,382,1,9,562,1,9,146,1,13,405,1,9,546,1,9,172,1,13,291,1,18,4,A,7,2,A,7,-2.2,A,7,-6.7,A,7,72,A,7,993,A,7,220,A,7,5.2,A,7,16100,B,7,77777,A,7,0.7,E,8,0.000,F,8,0.00,?,0,0,1,D,9,00,C,8
02/19/1985,17:00,403,1400,226,1,9,469,1,9,93,1,13,240,1,9,409,1,9,121,1,13,173,1,18,4,A,7,2,A,7,-2.2,A,7,-6.7,A,7,72,A,7,993,A,7,200,A,7,5.2,A,7,16100,B,7,77777,A,7,0.7,E,8,0.000,F,8,0.00,?,0,0,1,D,9,00,C,8
02/19/1985,18:00,174,1400,70,1,13,91,1,13,59,1,13,75,1,13,56,1,13,68,1,13,124,1,23,6,A,7,3,A,7,-2.8,A,7,-7.2,A,7,72,A,7,993,A,7,210,A,7,4.6,A,7,16100,B,7,77777,A,7,0.7,E,8,0.000,F,8,0.00,?,0,0,1,D,9,00,C,8
02/19/1985,19:00,6,315,4,1,13,7,1,13,3,1,13,0,1,13,0,1,13,0,1,13,0,1,23,7,A,7,3,A,7,-3.9,A,7,-7.8,A,7,75,A,7,993,A,7,200,A,7,4.1,A,7,16100,B,7,77777,A,7,0.7,E,8,0.000,F,8,0.00,?,0,0,1,D,9,00,C,8
02/19/1985,20:00,0,0,0,1,0,0,1,0,0,1,0,0,1,0,0,1,0,0,1,0,0,1,0,10,A,7,8,A,7,-3.9,A,7,-7.8,A,7,75,A,7,993,A,7,200,A,7,4.1,A,7,16100,B,7,1220,A,7,0.7,E,8,0.000,?,0,0.00,?,0,0,1,D,9,00,C,8
02/19/1985,21:00,0,0,0,1,0,0,1,0,0,1,0,0,1,0,0,1,0,0,1,0,0,1,0,10,A,7,10,A,7,-3.9,A,7,-7.8,A,7,75,A,7,992,A,7,200,A,7,5.2,A,7,16100,B,7,1220,A,7,0.7,E,8,0.000,?,0,0.00,?,0,0,1,D,9,00,C,8
02/19/1985,22:00,0,0,0,1,0,0,1,0,0,1,0,0,1,0,0,1,0,0,1,0,0,1,0,10,A,7,10,A,7,-3.9,A,7,-7.8,A,7,75,A,7,992,A,7,200,A,7,4.6,A,7,16100,B,7,1160,A,7,0.7,E,8,0.000,?,0,0.00,?,0,0,1,D,9,00,C,8
02/19/1985,23:00,0,0,0,1,0,0,1,0,0,1,0,0,1,0,0,1,0,0,1,0,0,1,0,8,A,7,8,A,7,-4.4,A,7,-7.8,A,7,78,A,7,992,A,7,200,A,7,4.6,A,7,16100,B,7,1220,A,7,0.7,E,8,0.000,?,0,0.00,?,0,0,1,D,9,00,C,8
02/19/1985,24:00,0,0,0,1,0,0,1,0,0,1,0,0,1,0,0,1,0,0,1,0,0,1,0,10,A,7,10,A,7,-5.0,A,7,-7.2,A,7,85,A,7,992,A,7,200,A,7,4.6,A,7,16100,B,7,1220,A,7,0.7,E,8,0.000,?,0,0.00,?,0,0,1,D,9,00,C,8
02/20/1985,01:00,0,0,0,1,0,0,1,0,0,1,0,0,1,0,0,1,0,0,1,0,0,1,0,10,A,7,10,A,7,-5.6,A,7,-7.8,A,7,85,A,7,991,A,7,190,A,7,4.1,A,7,16100,B,7,1520,A,7,0.7,E,8,0.000,?,0,0.00,?,0,0,1,D,9,00,C,8
02/20/1985,02:00,0,0,0,1,0,0,1,0,0,1,0,0,1,0,0,1,0,0,1,0,0,1,0,4,A,7,4,A,7,-6.7,A,7,-8.9,A,7,84,A,7,991,A,7,200,A,7,4.1,A,7,16100,B,7,77777,A,7,0.6,E,8,0.000,?,0,0.00,?,0,0,1,D,9,00,C,8
02/20/1985,03:00,0,0,0,1,0,0,1,0,0,1,0,0,1,0,0,1,0,0,1,0,0,1,0,7,A,7,7,A,7,-7.2,A,7,-9.4,A,7,84,A,7,991,A,7,230,A,7,3.6,A,7,16100,B,7,2130,A,7,0.6,E,8,0.000,?,0,0.00,?,0,0,1,D,9,00,C,8
02/20/1985,04:00,0,0,0,1,0,0,1,0,0,1,0,0,1,0,0,1,0,0,1,0,0,1,0,5,A,7,5,A,7,-7.2,A,7,-9.4,A,7,84,A,7,991,A,7,230,A,7,4.1,A,7,16100,B,7,77777,A,7,0.6,E,8,0.000,?,0,0.00,?,0,0,1,D,9,00,C,8
02/20/1985,05:00,0,0,0,1,0,0,1,0,0,1,0,0,1,0,0,1,0,0,1,0,0,1,0,2,A,7,2,A,7,-7.8,A,7,-10.0,A,7,84,A,7,991,A,7,210,A,7,4.1,A,7,16100,B,7,77777,A,7,0.6,E,8,0.000,?,0,0.00,?,0,0,1,D,9,00,C,8
02/20/1985,06:00,0,0,0,1,0,0,1,0,0,1,0,0,1,0,0,1,0,0,1,0,0,1,0,2,A,7,2,A,7,-8.3,A,7,-10.6,A,7,84,A,7,992,A,7,220,A,7,2.6,A,7,16100,B,7,77777,A,7,0.6,E,8,0.000,?,0,0.00,?,0,0,1,D,9,00,C,8
02/20/1985,07:00,0,0,0,1,0,0,1,0,0,1,0,0,1,0,0,1,0,0,1,0,0,1,0,2,A,7,2,A,7,-8.3,A,7,-10.6,A,7,84,A,7,992,A,7,220,A,7,2.6,A,7,16100,B,7,77777,A,7,0.6,E,8,0.000,?,0,0.00,?,0,0,1,D,9,00,C,8
02/20/1985,08:00,30,711,17,1,13,54,1,9,12,1,13,16,1,13,18,1,9,15,1,13,21,1,21,2,A,7,2,A,7,-8.9,A,7,-11.1,A,7,84,A,7,993,A,7,0,A,7,0.0,A,7,12900,B,7,77777,A,7,0.6,E,8,0.000,F,8,0.00,?,0,0,1,D,9,00,C,8
02/20/1985,09:00,241,1399,126,1,13,383,1,9,62,1,13,132,1,13,267,1,9,86,1,13,114,1,21,5,A,7,1,A,7,-7.2,A,7,-10.6,A,7,77,A,7,993,A,7,190,A,7,2.6,A,7,12900,B,7,77777,A,7,0.6,E,8,0.000,F,8,0.00,?,0,0,1,D,9,00,C,8
02/20/1985,10:00,462,1399,294,1,9,505,1,9,129,1,13,305,1,9,459,1,9,153,1,13,249,1,18,7,A,7,1,A,7,-4.4,A,7,-8.9,A,7,72,A,7,994,A,7,220,A,7,2.6,A,7,12900,B,7,77777,A,7,0.7,E,8,0.000,F,8,0.00,?,0,0,1,D,9,00,C,8
02/20/1985,11:00,641,1399,359,1,9,112,1,9,308,1,13,393,1,9,113,1,9,341,1,13,776,1,18,10,A,7,9,A,7,-1.1,A,7,-7.8,A,7,61,A,7,994,A,7,240,A,7,2.6,A,7,12900,B,7,1220,A,7,0.7,E,8,0.000,F,8,0.00,?,0,0,1,D,9,00,C,8
02/20/1985,12:00,765,1399,281,1,9,9,1,9,276,1,13,315,1,9,8,1,9,310,1,13,1028,1,18,10,A,7,10,A,7,0.0,A,7,-6.7,A,7,61,A,7,994,A,7,200,A,7,3.1,A,7,12900,B,7,760,A,7,0.7,E,8,0.000,F,8,0.00,?,0,0,1,D,9,00,C,8
02/20/1985,13:00,824,1399,306,1,9,11,1,9,299,1,13,344,1,9,11,1,9,338,1,13,1137,1,18,10,A,7,10,A,7,1.1,A,7,-5.6,A,7,62,A,7,994,A,7,230,A,7,3.1,A,7,12900,B,7,850,A,7,0.8,E,8,0.000,F,8,0.00,?,0,0,1,D,9,00,C,8
02/20/1985,14:00,816,1399,527,1,13,398,1,13,297,1,13,561,1,13,420,1,13,315,1,13,758,1,23,7,A,7,6,A,7,2.8,A,7,-5.6,A,7,55,A,7,993,A,7,190,A,7,6.2,A,7,12900,B,7,910,A,7,0.8,E,8,0.000,F,8,0.00,?,0,0,1,D,9,00,C,8
02/20/1985,15:00,739,1399,548,1,9,762,1,9,149,1,13,573,1,9,750,1,9,176,1,13,316,1,18,4,A,7,1,A,7,2.8,A,7,-5.0,A,7,57,A,7,992,A,7,190,A,7,5.2,A,7,12900,B,7,77777,A,7,0.8,E,8,0.000,F,8,0.00,?,0,0,1,D,9,00,C,8
02/20/1985,16:00,601,1399,416,1,9,741,1,9,101,1,13,439,1,9,713,1,9,132,1,13,203,1,18,3,A,7,1,A,7,2.8,A,7,-5.6,A,7,55,A,7,993,A,7,180,A,7,6.2,A,7,12900,B,7,77777,A,7,0.8,E,8,0.000,F,8,0.00,?,0,0,1,D,9,00,C,8
02/20/1985,17:00,409,1399,247,1,9,573,1,9,82,1,13,256,1,9,498,1,9,110,1,13,149,1,18,3,A,7,1,A,7,2.2,A,7,-5.6,A,7,57,A,7,993,A,7,200,A,7,5.7,A,7,12900,B,7,77777,A,7,0.8,E,8,0.000,F,8,0.00,?,0,0,1,D,9,00,C,8
02/20/1985,18:00,180,1399,83,1,13,280,1,9,49,1,13,87,1,13,166,1,9,66,1,13,90,1,21,3,A,7,2,A,7,2.2,A,7,-5.6,A,7,57,A,7,992,A,7,190,A,7,4.1,A,7,12900,B,7,77777,A,7,0.8,E,8,0.000,F,8,0.00,?,0,0,1,D,9,00,C,8
02/20/1985,19:00,7,361,5,1,13,14,1,13,4,1,13,0,1,13,0,1,13,0,1,13,0,1,23,4,A,7,3,A,7,1.1,A,7,-5.6,A,7,62,A,7,993,A,7,180,A,7,4.1,A,7,12900,B,7,77777,A,7,0.8,E,8,0.000,F,8,0.00,?,0,0,1,D,9,00,C,8
02/20/1985,20:00,0,0,0,1,0,0,1,0,0,1,0,0,1,0,0,1,0,0,1,0,0,1,0,3,A,7,3,A,7,0.0,A,7,-6.1,A,7,64,A,7,993,A,7,170,A,7,4.6,A,7,16100,B,7,77777,A,7,0.8,E,8,0.000,?,0,0.00,?,0,0,1,D,9,00,C,8
02/20/1985,21:00,0,0,0,1,0,0,1,0,0,1,0,0,1,0,0,1,0,0,1,0,0,1,0,2,A,7,2,A,7,-0.6,A,7,-6.1,A,7,67,A,7,993,A,7,170,A,7,5.7,A,7,16100,B,7,77777,A,7,0.8,E,8,0.000,?,0,0.00,?,0,0,1,D,9,00,C,8
02/20/1985,22:00,0,0,0,1,0,0,1,0,0,1,0,0,1,0,0,1,0,0,1,0,0,1,0,0,A,7,0,A,7,-1.1,A,7,-6.1,A,7,69,A,7,993,A,7,170,A,7,6.2,A,7,16100,B,7,77777,A,7,0.8,E,8,0.000,?,0,0.00,?,0,0,1,D,9,00,C,8
02/20/1985,23:00,0,0,0,1,0,0,1,0,0,1,0,0,1,0,0,1,0,0,1,0,0,1,0,0,A,7,0,A,7,-1.7,A,7,-5.6,A,7,75,A,7,992,A,7,170,A,7,5.7,A,7,16100,B,7,77777,A,7,0.8,E,8,0.000,?,0,0.00,?,0,0,1,D,9,00,C,8
02/20/1985,24:00,0,0,0,1,0,0,1,0,0,1,0,0,1,0,0,1,0,0,1,0,0,1,0,8,A,7,8,A,7,-1.7,A,7,-5.6,A,7,75,A,7,992,A,7,170,A,7,6.2,A,7,16100,B,7,7620,A,7,0.8,E,8,0.000,?,0,0.00,?,0,0,1,D,9,00,C,8
02/21/1985,01:00,0,0,0,1,0,0,1,0,0,1,0,0,1,0,0,1,0,0,1,0,0,1,0,10,A,7,10,A,7,-1.7,A,7,-5.6,A,7,75,A,7,992,A,7,180,A,7,4.6,A,7,16100,B,7,7620,A,7,0.8,E,8,0.000,?,0,0.00,?,0,0,1,D,9,00,C,8
02/21/1985,02:00,0,0,0,1,0,0,1,0,0,1,0,0,1,0,0,1,0,0,1,0,0,1,0,10,A,7,10,A,7,-2.2,A,7,-5.6,A,7,78,A,7,992,A,7,160,A,7,4.1,A,7,16100,B,7,7620,A,7,0.8,E,8,0.000,?,0,0.00,?,0,0,1,D,9,00,C,8
02/21/1985,03:00,0,0,0,1,0,0,1,0,0,1,0,0,1,0,0,1,0,0,1,0,0,1,0,8,A,7,6,A,7,-2.2,A,7,-5.6,A,7,78,A,7,992,A,7,170,A,7,4.1,A,7,16100,B,7,7620,A,7,0.8,E,8,0.000,?,0,0.00,?,0,0,1,D,9,00,C,8
02/21/1985,04:00,0,0,0,1,0,0,1,0,0,1,0,0,1,0,0,1,0,0,1,0,0,1,0,8,A,7,6,A,7,-2.2,A,7,-5.6,A,7,78,A,7,991,A,7,160,A,7,3.6,A,7,16100,B,7,7620,A,7,0.8,E,8,0.000,?,0,0.00,?,0,0,1,D,9,00,C,8
02/21/1985,05:00,0,0,0,1,0,0,1,0,0,1,0,0,1,0,0,1,0,0,1,0,0,1,0,10,A,7,10,A,7,-2.2,A,7,-5.6,A,7,78,A,7,991,A,7,160,A,7,5.2,A,7,16100,B,7,6100,A,7,0.8,E,8,0.000,?,0,0.00,?,0,0,1,D,9,00,C,8
02/21/1985,06:00,0,0,0,1,0,0,1,0,0,1,0,0,1,0,0,1,0,0,1,0,0,1,0,10,A,7,10,A,7,0.0,A,7,-2.2,A,7,85,A,7,990,A,7,170,A,7,5.7,A,7,16100,B,7,4570,A,7,0.9,E,8,0.000,?,0,0.00,?,0,0,1,D,9,00,C,8
02/21/1985,07:00,0,0,0,1,0,0,1,0,0,1,0,0,1,0,0,1,0,0,1,0,0,1,0,10,A,7,10,A,7,0.0,A,7,-2.2,A,7,85,A,7,990,A,7,170,A,7,5.2,A,7,16100,B,7,3960,A,7,0.9,E,8,0.000,?,0,0.00,?,0,0,1,D,9,00,C,8
02/21/1985,08:00,33,734,7,1,13,1,1,9,7,1,13,8,1,13,0,1,9,8,1,13,27,1,21,10,A,7,10,A,7,2.2,A,7,-1.1,A,7,79,A,7,989,A,7,180,A,7,5.7,A,7,16100,B,7,3050,A,7,1.0,E,8,0.000,F,8,0.00,?,0,0,1,D,9,00,C,8
02/21/1985,09:00,247,1398,84,1,13,4,1,9,84,1,13,92,1,13,2,1,9,92,1,13,250,1,21,10,A,7,10,A,7,3.3,A,7,-1.1,A,7,73,A,7,989,A,7,190,A,7,7.7,A,7,16100,B,7,2740,A,7,1.0,E,8,0.000,F,8,0.00,?,0,0,1,D,9,00,C,8
02/21/1985,10:00,469,1398,133,1,9,2,1,9,132,1,13,149,1,9,1,1,9,148,1,13,477,1,18,10,A,7,10,A,7,3.3,A,7,-0.6,A,7,76,A,7,988,A,7,190,A,7,7.7,A,7,16100,B,7,1520,A,7,1.0,E,8,0.000,F,8,0.00,?,0,0,1,D,9,00,C,8
02/21/1985,11:00,648,1398,320,1,9,8,1,9,317,1,13,348,1,9,8,1,9,344,1,13,935,1,18,10,A,7,10,A,7,3.9,A,7,0.0,A,7,76,A,7,988,A,7,190,A,7,7.2,A,7,16100,B,7,1520,A,7,1.1,E,8,0.000,F,8,0.00,?,0,0,1,D,9,00,C,8
02/21/1985,12:00,772,1398,310,1,9,5,1,9,307,1,13,345,1,9,5,1,9,342,1,13,1094,1,18,10,A,7,10,A,7,5.6,A,7,0.6,A,7,71,A,7,988,A,7,190,A,7,7.2,A,7,16100,B,7,1520,A,7,1.1,E,8,0.000,F,8,0.00,?,0,0,1,D,9,00,C,8
02/21/1985,13:00,831,1398,389,1,9,2,1,9,388,1,13,429,1,9,2,1,9,428,1,13,1292,1,18,10,A,7,10,A,7,6.1,A,7,1.7,A,7,74,A,7,987,A,7,200,A,7,6.7,A,7,16100,B,7,1520,A,7,1.2,E,8,0.000,F,8,0.00,?,0,0,1,D,9,00,C,8
02/21/1985,14:00,822,1398,401,1,9,2,1,9,399,1,13,440,1,9,2,1,9,438,1,13,1290,1,18,10,A,7,10,A,7,6.7,A,7,2.2,A,7,74,A,7,986,A,7,200,A,7,8.2,A,7,16100,B,7,1520,A,7,1.2,E,8,0.000,F,8,0.00,?,0,0,1,D,9,00,C,8
02/21/1985,15:00,746,1398,341,1,9,2,1,9,340,1,13,375,1,9,2,1,9,373,1,13,1107,1,18,10,A,7,10,A,7,6.1,A,7,2.8,A,7,80,A,7,985,A,7,200,A,7,8.2,A,7,16100,B,7,1220,A,7,1.3,E,8,0.000,F,8,0.00,?,0,0,1,D,9,00,C,8
02/21/1985,16:00,607,1398,248,1,9,2,1,9,247,1,13,272,1,9,2,1,9,271,1,13,806,1,18,10,A,7,10,A,7,6.1,A,7,3.9,A,7,86,A,7,984,A,7,200,A,7,9.3,A,7,16100,B,7,370,A,7,1.3,E,8,0.000,F,8,0.00,?,0,0,1,D,9,00,C,8
02/21/1985,17:00,415,1398,177,1,9,1,1,9,177,1,13,191,1,9,1,1,9,191,1,13,505,1,18,10,A,7,10,A,7,5.0,A,7,2.2,A,7,83,A,7,984,A,7,200,A,7,9.3,A,7,11300,B,7,370,A,7,1.2,E,8,0.000,F,8,0.00,?,0,0,1,D,9,00,C,8
02/21/1985,18:00,185,1398,42,1,13,1,1,9,42,1,13,47,1,13,0,1,9,47,1,13,143,1,21,10,A,7,10,A,7,4.4,A,7,2.2,A,7,86,A,7,984,A,7,200,A,7,8.2,A,7,4800,B,7,310,A,7,1.2,E,8,0.000,F,8,0.00,?,0,0,1,D,9,00,C,8
02/21/1985,19:00,8,385,4,1,13,0,1,9,4,1,13,0,1,13,0,1,9,0,1,13,0,1,21,10,A,7,10,A,7,4.4,A,7,2.8,A,7,89,A,7,984,A,7,200,A,7,7.2,A,7,3200,B,7,180,A,7,1.2,E,8,0.000,F,8,0.00,?,0,3,1,D,9,45,C,8
02/21/1985,20:00,0,0,0,1,0,0,1,0,0,1,0,0,1,0,0,1,0,0,1,0,0,1,0,10,A,7,10,A,7,3.9,A,7,2.8,A,7,93,A,7,983,A,7,200,A,7,7.7,A,7,3200,B,7,150,A,7,1.3,E,8,0.000,?,0,0.00,?,0,3,1,D,9,45,C,8
02/21/1985,21:00,0,0,0,1,0,0,1,0,0,1,0,0,1,0,0,1,0,0,1,0,0,1,0,10,A,7,10,A,7,3.3,A,7,2.8,A,7,96,A,7,983,A,7,200,A,7,9.3,A,7,3200,B,7,150,A,7,1.2,E,8,0.000,?,0,0.00,?,0,0,1,D,9,45,C,8
02/21/1985,22:00,0,0,0,1,0,0,1,0,0,1,0,0,1,0,0,1,0,0,1,0,0,1,0,10,A,7,10,A,7,3.9,A,7,2.8,A,7,93,A,7,982,A,7,210,A,7,6.2,A,7,3200,B,7,150,A,7,1.3,E,8,0.000,?,0,0.00,?,0,3,1,D,9,45,C,8
02/21/1985,23:00,0,0,0,1,0,0,1,0,0,1,0,0,1,0,0,1,0,0,1,0,0,1,0,10,A,7,10,A,7,4.4,A,7,2.8,A,7,89,A,7,982,A,7,210,A,7,8.8,A,7,3200,B,7,150,A,7,1.2,E,8,0.000,?,0,0.00,?,0,3,1,D,9,45,C,8
02/21/1985,24:00,0,0,0,1,0,0,1,0,0,1,0,0,1,0,0,1,0,0,1,0,0,1,0,10,A,7,10,A,7,3.9,A,7,2.8,A,7,93,A,7,981,A,7,200,A,7,7.2,A,7,3200,B,7,150,A,7,1.3,E,8,0.000,?,0,0.00,?,0,0,1,D,9,45,C,8
02/22/1985,01:00,0,0,0,1,0,0,1,0,0,1,0,0,1,0,0,1,0,0,1,0,0,1,0,10,A,7,10,A,7,4.4,A,7,3.3,A,7,93,A,7,981,A,7,220,A,7,5.7,A,7,3200,B,7,150,A,7,1.3,E,8,0.000,?,0,0.00,?,0,3,1,D,9,45,C,8
02/22/1985,02:00,0,0,0,1,0,0,1,0,0,1,0,0,1,0,0,1,0,0,1,0,0,1,0,10,A,7,10,A,7,4.4,A,7,4.4,A,7,100,A,7,982,A,7,220,A,7,7.2,A,7,4000,B,7,150,A,7,1.4,E,8,0.000,?,0,0.00,?,0,10,1,D,9,45,C,8
02/22/1985,03:00,0,0,0,1,0,0,1,0,0,1,0,0,1,0,0,1,0,0,1,0,0,1,0,10,A,7,10,A,7,3.9,A,7,3.9,A,7,100,A,7,982,A,7,230,A,7,6.2,A,7,4800,B,7,150,A,7,1.3,E,8,0.000,?,0,0.00,?,0,3,1,D,9,45,C,8
02/22/1985,04:00,0,0,0,1,0,0,1,0,0,1,0,0,1,0,0,1,0,0,1,0,0,1,0,10,A,7,10,A,7,3.9,A,7,3.9,A,7,100,A,7,982,A,7,230,A,7,5.7,A,7,3200,B,7,120,A,7,1.3,E,8,0.000,?,0,0.00,?,0,5,1,D,9,45,C,8
02/22/1985,05:00,0,0,0,1,0,0,1,0,0,1,0,0,1,0,0,1,0,0,1,0,0,1,0,10,A,7,10,A,7,3.9,A,7,3.9,A,7,100,A,7,983,A,7,230,A,7,5.7,A,7,2400,B,7,90,A,7,1.3,E,8,0.000,?,0,0.00,?,0,0,1,D,9,45,C,8
02/22/1985,06:00,0,0,0,1,0,0,1,0,0,1,0,0,1,0,0,1,0,0,1,0,0,1,0,10,A,7,10,A,7,3.9,A,7,3.9,A,7,100,A,7,983,A,7,220,A,7,6.2,A,7,800,B,7,60,A,7,1.3,E,8,0.000,?,0,0.00,?,0,0,1,D,9,45,C,8
02/22/1985,07:00,0,0,0,1,0,0,1,0,0,1,0,0,1,0,0,1,0,0,1,0,0,1,0,10,A,7,10,A,7,4.4,A,7,4.4,A,7,100,A,7,983,A,7,220,A,7,6.2,A,7,600,B,7,30,A,7,1.4,E,8,0.000,?,0,0.00,?,0,0,1,D,9,45,C,8
02/22/1985,08:00,36,780,10,1,13,0,1,9,10,1,13,12,1,13,0,1,9,12,1,13,37,1,21,10,A,7,10,A,7,3.9,A,7,3.9,A,7,100,A,7,984,A,7,220,A,7,5.2,A,7,400,B,7,30,A,7,1.3,E,8,0.000,F,8,0.00,?,0,0,1,D,9,45,C,8
02/22/1985,09:00,254,1398,80,1,13,1,1,9,80,1,13,88,1,13,0,1,9,88,1,13,248,1,21,10,A,7,10,A,7,4.4,A,7,3.9,A,7,96,A,7,984,A,7,220,A,7,6.2,A,7,400,B,7,30,A,7,1.3,E,8,0.000,F,8,0.00,?,0,0,1,D,9,45,C,8
02/22/1985,10:00,476,1398,180,1,9,1,1,9,180,1,13,197,1,9,1,1,9,197,1,13,572,1,18,10,A,7,10,A,7,4.4,A,7,3.9,A,7,96,A,7,985,A,7,230,A,7,3.6,A,7,400,B,7,30,A,7,1.3,E,8,0.000,F,8,0.00,?,0,0,1,D,9,45,C,8
02/22/1985,11:00,655,1398,172,1,9,1,1,9,171,1,13,196,1,9,1,1,9,195,1,13,687,1,18,10,A,7,10,A,7,5.0,A,7,4.4,A,7,96,A,7,986,A,7,210,A,7,5.2,A,7,400,B,7,30,A,7,1.4,E,8,0.000,F,8,0.00,?,0,0,1,D,9,45,C,8
02/22/1985,12:00,779,1398,193,1,9,1,1,9,193,1,13,224,1,9,1,1,9,223,1,13,825,1,18,10,A,7,10,A,7,5.0,A,7,4.4,A,7,96,A,7,986,A,7,210,A,7,4.1,A,7,400,B,7,30,A,7,1.4,E,8,0.000,F,8,0.00,?,0,0,1,D,9,45,C,8
02/22/1985,13:00,838,1398,220,1,9,1,1,9,220,1,13,255,1,9,1,1,9,255,1,13,944,1,18,10,A,7,10,A,7,5.0,A,7,4.4,A,7,96,A,7,986,A,7,220,A,7,4.6,A,7,1000,B,7,60,A,7,1.4,E,8,0.000,F,8,0.00,?,0,0,1,D,9,45,C,8
02/22/1985,14:00,829,1398,202,1,9,0,1,9,202,1,13,235,1,9,0,1,9,235,1,13,882,1,18,10,A,7,10,A,7,5.0,A,7,4.4,A,7,96,A,7,986,A,7,220,A,7,4.6,A,7,1000,B,7,60,A,7,1.4,E,8,0.000,F,8,0.00,?,0,0,1,D,9,45,C,8
02/22/1985,15:00,752,1398,182,1,9,0,1,9,182,1,13,211,1,9,0,1,9,211,1,13,775,1,18,10,A,7,10,A,7,5.0,A,7,5.0,A,7,100,A,7,986,A,7,210,A,7,4.1,A,7,400,B,7,30,A,7,1.4,E,8,0.000,F,8,0.00,?,0,0,1,D,9,45,C,8
02/22/1985,16:00,613,1398,147,1,9,1,1,9,146,1,13,168,1,9,1,1,9,168,1,13,592,1,18,10,A,7,10,A,7,5.0,A,7,5.0,A,7,100,A,7,986,A,7,220,A,7,3.6,A,7,800,B,7,30,A,7,1.4,E,8,0.000,F,8,0.00,?,0,0,1,D,9,45,C,8
02/22/1985,17:00,421,1398,156,1,9,0,1,9,156,1,13,170,1,9,0,1,9,170,1,13,487,1,18,10,A,7,10,A,7,5.0,A,7,5.0,A,7,100,A,7,986,A,7,210,A,7,4.1,A,7,400,B,7,0,A,7,1.4,E,8,0.000,F,8,0.00,?,0,0,1,D,9,45,C,8
02/22/1985,18:00,191,1398,57,1,13,1,1,9,57,1,13,63,1,13,0,1,9,63,1,13,176,1,21,10,A,7,10,A,7,5.0,A,7,5.0,A,7,100,A,7,986,A,7,200,A,7,4.1,A,7,400,B,7,0,A,7,1.4,E,8,0.000,F,8,0.00,?,0,0,1,D,9,45,C,8
02/22/1985,19:00,10,408,4,1,13,0,1,9,4,1,13,0,1,13,0,1,9,0,1,13,0,1,21,10,A,7,10,A,7,5.0,A,7,5.0,A,7,100,A,7,987,A,7,200,A,7,3.1,A,7,400,B,7,0,A,7,1.4,E,8,0.000,F,8,0.00,?,0,0,1,D,9,45,C,8
02/22/1985,20:00,0,0,0,1,0,0,1,0,0,1,0,0,1,0,0,1,0,0,1,0,0,1,0,10,A,7,10,A,7,4.4,A,7,4.4,A,7,100,A,7,987,A,7,210,A,7,4.1,A,7,400,B,7,0,A,7,1.4,E,8,0.000,?,0,0.00,?,0,0,1,D,9,45,C,8
02/22/1985,21:00,0,0,0,1,0,0,1,0,0,1,0,0,1,0,0,1,0,0,1,0,0,1,0,10,A,7,10,A,7,4.4,A,7,4.4,A,7,100,A,7,987,A,7,190,A,7,4.1,A,7,400,B,7,0,A,7,1.4,E,8,0.000,?,0,0.00,?,0,0,1,D,9,45,C,8
02/22/1985,22:00,0,0,0,1,0,0,1,0,0,1,0,0,1,0,0,1,0,0,1,0,0,1,0,10,A,7,10,A,7,5.0,A,7,5.0,A,7,100,A,7,987,A,7,180,A,7,4.1,A,7,400,B,7,0,A,7,1.4,E,8,0.000,?,0,0.00,?,0,0,1,D,9,45,C,8
02/22/1985,23:00,0,0,0,1,0,0,1,0,0,1,0,0,1,0,0,1,0,0,1,0,0,1,0,10,A,7,10,A,7,3.9,A,7,3.9,A,7,100,A,7,986,A,7,180,A,7,2.6,A,7,400,B,7,0,A,7,1.3,E,8,0.000,?,0,0.00,?,0,0,1,D,9,45,C,8
02/22/1985,24:00,0,0,0,1,0,0,1,0,0,1,0,0,1,0,0,1,0,0,1,0,0,1,0,10,A,7,10,A,7,3.9,A,7,3.9,A,7,100,A,7,986,A,7,170,A,7,3.1,A,7,400,B,7,0,A,7,1.3,E,8,0.000,?,0,0.00,?,0,0,1,D,9,45,C,8
02/23/1985,01:00,0,0,0,1,0,0,1,0,0,1,0,0,1,0,0,1,0,0,1,0,0,1,0,10,A,7,10,A,7,3.9,A,7,3.9,A,7,100,A,7,986,A,7,200,A,7,3.6,A,7,1200,B,7,30,A,7,1.3,E,8,0.000,?,0,0.00,?,0,36,1,D,9,45,C,8
02/23/1985,02:00,0,0,0,1,0,0,1,0,0,1,0,0,1,0,0,1,0,0,1,0,0,1,0,10,A,7,10,A,7,4.4,A,7,4.4,A,7,100,A,7,985,A,7,180,A,7,4.1,A,7,2000,B,7,90,A,7,1.4,E,8,0.000,?,0,0.00,?,0,20,1,D,9,45,C,8
02/23/1985,03:00,0,0,0,1,0,0,1,0,0,1,0,0,1,0,0,1,0,0,1,0,0,1,0,10,A,7,10,A,7,4.4,A,7,4.4,A,7,100,A,7,984,A,7,190,A,7,3.6,A,7,1600,B,7,90,A,7,1.4,E,8,0.000,?,0,0.00,?,0,15,1,D,9,45,C,8
02/23/1985,04:00,0,0,0,1,0,0,1,0,0,1,0,0,1,0,0,1,0,0,1,0,0,1,0,10,A,7,10,A,7,5.0,A,7,5.0,A,7,100,A,7,984,A,7,190,A,7,2.6,A,7,800,B,7,240,A,7,1.4,E,8,0.000,?,0,0.00,?,0,71,1,D,9,45,C,8
02/23/1985,05:00,0,0,0,1,0,0,1,0,0,1,0,0,1,0,0,1,0,0,1,0,0,1,0,10,A,7,10,A,7,3.9,A,7,3.9,A,7,100,A,7,983,A,7,100,A,7,3.1,A,7,400,B,7,60,A,7,1.3,E,8,0.000,?,0,0.00,?,0,13,1,D,9,45,C,8
02/23/1985,06:00,0,0,0,1,0,0,1,0,0,1,0,0,1,0,0,1,0,0,1,0,0,1,0,10,A,7,10,A,7,3.9,A,7,3.9,A,7,100,A,7,982,A,7,140,A,7,2.6,A,7,600,B,7,60,A,7,1.3,E,8,0.000,?,0,0.00,?,0,30,1,D,9,45,C,8
02/23/1985,07:00,0,0,0,1,0,0,1,0,0,1,0,0,1,0,0,1,0,0,1,0,0,1,0,10,A,7,10,A,7,3.9,A,7,3.9,A,7,100,A,7,982,A,7,150,A,7,3.6,A,7,600,B,7,60,A,7,1.3,E,8,0.000,?,0,0.00,?,0,20,1,D,9,45,C,8
02/23/1985,08:00,40,803,12,1,13,0,1,9,12,1,13,14,1,13,0,1,9,14,1,13,43,1,21,10,A,7,10,A,7,7.2,A,7,7.2,A,7,100,A,7,982,A,7,190,A,7,4.6,A,7,1200,B,7,150,A,7,1.6,E,8,0.000,F,8,0.00,?,0,3,1,D,9,45,C,8
02/23/1985,09:00,261,1397,51,1,13,1,1,9,51,1,13,58,1,13,0,1,9,58,1,13,186,1,21,10,A,7,10,A,7,7.8,A,7,7.8,A,7,100,A,7,982,A,7,210,A,7,4.1,A,7,2400,B,7,120,A,7,1.7,E,8,0.000,F,8,0.00,?,0,3,1,D,9,45,C,8
02/23/1985,10:00,483,1397,182,1,9,1,1,9,182,1,13,200,1,9,1,1,9,199,1,13,582,1,18,10,A,7,10,A,7,7.8,A,7,7.8,A,7,100,A,7,982,A,7,210,A,7,5.7,A,7,1200,B,7,120,A,7,1.7,E,8,0.000,F,8,0.00,?,0,0,1,D,9,45,C,8
02/23/1985,11:00,662,1397,159,1,9,0,1,9,159,1,13,183,1,9,0,1,9,183,1,13,656,1,18,10,A,7,10,A,7,7.2,A,7,7.2,A,7,100,A,7,983,A,7,220,A,7,5.2,A,7,1200,B,7,90,A,7,1.6,E,8,0.000,F,8,0.00,?,0,3,1,D,9,45,C,8
02/23/1985,12:00,786,1397,184,1,9,1,1,9,183,1,13,214,1,9,1,1,9,213,1,13,797,1,18,10,A,7,10,A,7,7.2,A,7,7.2,A,7,100,A,7,983,A,7,220,A,7,3.1,A,7,800,B,7,60,A,7,1.6,E,8,0.000,F,8,0.00,?,0,10,1,D,9,45,C,8
02/23/1985,13:00,845,1397,221,1,9,2,1,9,220,1,13,256,1,9,2,1,9,255,1,13,949,1,18,10,A,7,10,A,7,7.8,A,7,7.8,A,7,100,A,7,982,A,7,200,A,7,4.6,A,7,1600,B,7,90,A,7,1.7,E,8,0.000,F,8,0.00,?,0,8,1,D,9,45,C,8
02/23/1985,14:00,835,1397,220,1,9,0,1,9,219,1,13,253,1,9,0,1,9,253,1,13,940,1,18,10,A,7,10,A,7,7.8,A,7,7.8,A,7,100,A,7,981,A,7,200,A,7,5.2,A,7,1600,B,7,120,A,7,1.7,E,8,0.000,F,8,0.00,?,0,3,1,D,9,45,C,8
02/23/1985,15:00,758,1397,183,1,9,0,1,9,182,1,13,211,1,9,0,1,9,211,1,13,779,1,18,10,A,7,10,A,7,8.3,A,7,8.3,A,7,100,A,7,981,A,7,220,A,7,6.2,A,7,3200,B,7,90,A,7,1.7,E,8,0.000,F,8,0.00,?,0,0,1,D,9,45,C,8
02/23/1985,16:00,619,1397,159,1,9,1,1,9,158,1,13,181,1,9,1,1,9,180,1,13,630,1,18,10,A,7,10,A,7,7.8,A,7,7.8,A,7,100,A,7,981,A,7,230,A,7,3.1,A,7,1200,B,7,90,A,7,1.7,E,8,0.000,F,8,0.00,?,0,0,1,D,9,45,C,8
02/23/1985,17:00,427,1397,102,1,9,1,1,9,101,1,13,115,1,9,1,1,9,115,1,13,379,1,18,10,A,7,10,A,7,7.8,A,7,7.8,A,7,100,A,7,980,A,7,240,A,7,1.5,A,7,200,B,7,30,A,7,1.7,E,8,0.000,F,8,0.00,?,0,8,1,D,9,45,C,8
02/23/1985,18:00,197,1397,41,1,13,0,1,9,41,1,13,46,1,13,0,1,9,46,1,13,143,1,21,10,A,7,10,A,7,6.1,A,7,5.6,A,7,96,A,7,980,A,7,70,A,7,1.5,A,7,200,B,7,30,A,7,1.5,E,8,0.000,F,8,0.00,?,0,23,1,D,9,45,C,8
02/23/1985,19:00,11,431,5,1,13,0,1,9,5,1,13,0,1,13,0,1,9,0,1,13,0,1,21,10,A,7,10,A,7,6.1,A,7,6.1,A,7,100,A,7,980,A,7,140,A,7,2.1,A,7,200,B,7,30,A,7,1.5,E,8,0.000,F,8,0.00,?,0,25,1,D,9,45,C,8
02/23/1985,20:00,0,0,0,1,0,0,1,0,0,1,0,0,1,0,0,1,0,0,1,0,0,1,0,10,A,7,10,A,7,6.7,A,7,6.7,A,7,100,A,7,979,A,7,160,A,7,2.1,A,7,800,B,7,60,A,7,1.6,E,8,0.000,?,0,0.00,?,0,20,1,D,9,45,C,8
02/23/1985,21:00,0,0,0,1,0,0,1,0,0,1,0,0,1,0,0,1,0,0,1,0,0,1,0,10,A,7,10,A,7,5.6,A,7,5.6,A,7,100,A,7,978,A,7,60,A,7,2.1,A,7,200,B,7,0,A,7,1.5,E,8,0.000,?,0,0.00,?,0,0,1,D,9,45,C,8
02/23/1985,22:00,0,0,0,1,0,0,1,0,0,1,0,0,1,0,0,1,0,0,1,0,0,1,0,10,A,7,10,A,7,3.9,A,7,3.9,A,7,100,A,7,978,A,7,50,A,7,2.6,A,7,400,B,7,90,A,7,1.3,E,8,0.000,?,0,0.00,?,0,0,1,D,9,45,C,8
02/23/1985,23:00,0,0,0,1,0,0,1,0,0,1,0,0,1,0,0,1,0,0,1,0,0,1,0,10,A,7,10,A,7,3.3,A,7,3.3,A,7,100,A,7,977,A,7,50,A,7,2.6,A,7,400,B,7,60,A,7,1.3,E,8,0.000,?,0,0.00,?,0,23,1,D,9,45,C,8
02/23/1985,24:00,0,0,0,1,0,0,1,0,0,1,0,0,1,0,0,1,0,0,1,0,0,1,0,10,A,7,10,A,7,3.3,A,7,3.3,A,7,100,A,7,976,A,7,360,A,7,2.6,A,7,800,B,7,60,A,7,1.3,E,8,0.000,?,0,0.00,?,0,0,1,D,9,45,C,8
02/24/1985,01:00,0,0,0,1,0,0,1,0,0,1,0,0,1,0,0,1,0,0,1,0,0,1,0,10,A,7,10,A,7,2.8,A,7,2.8,A,7,100,A,7,975,A,7,70,A,7,2.1,A,7,1000,B,7,60,A,7,1.2,E,8,0.000,?,0,0.00,?,0,15,1,D,9,45,C,8
02/24/1985,02:00,0,0,0,1,0,0,1,0,0,1,0,0,1,0,0,1,0,0,1,0,0,1,0,10,A,7,10,A,7,2.2,A,7,2.2,A,7,100,A,7,974,A,7,320,A,7,2.1,A,7,600,B,7,30,A,7,1.2,E,8,0.000,?,0,0.00,?,0,3,1,D,9,45,C,8
02/24/1985,03:00,0,0,0,1,0,0,1,0,0,1,0,0,1,0,0,1,0,0,1,0,0,1,0,10,A,7,10,A,7,1.1,A,7,1.1,A,7,100,A,7,975,A,7,350,A,7,3.1,A,7,4000,B,7,60,A,7,1.1,E,8,0.000,?,0,0.00,?,0,23,1,D,9,45,C,8
02/24/1985,04:00,0,0,0,1,0,0,1,0,0,1,0,0,1,0,0,1,0,0,1,0,0,1,0,10,A,7,10,A,7,1.1,A,7,1.1,A,7,100,A,7,974,A,7,100,A,7,2.1,A,7,3200,B,7,60,A,7,1.1,E,8,0.000,?,0,0.00,?,0,0,1,D,9,45,C,8
02/24/1985,05:00,0,0,0,1,0,0,1,0,0,1,0,0,1,0,0,1,0,0,1,0,0,1,0,10,A,7,10,A,7,0.6,A,7,0.6,A,7,100,A,7,974,A,7,230,A,7,1.5,A,7,600,B,7,30,A,7,1.1,E,8,0.000,?,0,0.00,?,0,0,1,D,9,45,C,8
02/24/1985,06:00,0,0,0,1,0,0,1,0,0,1,0,0,1,0,0,1,0,0,1,0,0,1,0,10,A,7,10,A,7,0.0,A,7,0.0,A,7,100,A,7,974,A,7,340,A,7,1.5,A,7,200,B,7,0,A,7,1.1,E,8,0.000,?,0,0.00,?,0,0,1,D,9,45,C,8
02/24/1985,07:00,0,0,0,1,0,0,1,0,0,1,0,0,1,0,0,1,0,0,1,0,0,1,0,10,A,7,10,A,7,0.0,A,7,0.0,A,7,100,A,7,974,A,7,360,A,7,2.1,A,7,600,B,7,30,A,7,1.1,E,8,0.000,?,0,0.00,?,0,3,1,D,9,45,C,8
02/24/1985,08:00,44,849,9,1,13,0,1,9,9,1,13,11,1,13,0,1,9,11,1,13,34,1,21,10,A,7,10,A,7,0.6,A,7,0.6,A,7,100,A,7,974,A,7,50,A,7,2.1,A,7,600,B,7,90,A,7,1.1,E,8,0.000,F,8,0.00,?,0,0,1,D,9,45,C,8
02/24/1985,09:00,268,1396,77,1,13,1,1,9,77,1,13,85,1,13,0,1,9,85,1,13,250,1,21,10,A,7,10,A,7,0.6,A,7,0.6,A,7,100,A,7,975,A,7,330,A,7,2.1,A,7,200,B,7,0,A,7,1.1,E,8,0.000,F,8,0.00,?,0,0,1,D,9,45,C,8
02/24/1985,10:00,490,1396,103,1,9,1,1,9,103,1,13,119,1,9,1,1,9,119,1,13,410,1,18,10,A,7,10,A,7,0.6,A,7,0.6,A,7,100,A,7,976,A,7,300,A,7,2.1,A,7,400,B,7,30,A,7,1.1,E,8,0.000,F,8,0.00,?,0,3,1,D,9,45,C,8
02/24/1985,11:00,669,1396,140,1,9,1,1,9,139,1,13,162,1,9,1,1,9,162,1,13,596,1,18,10,A,7,10,A,7,1.1,A,7,1.1,A,7,100,A,7,976,A,7,300,A,7,2.6,A,7,400,B,7,30,A,7,1.1,E,8,0.000,F,8,0.00,?,0,0,1,D,9,45,C,8
02/24/1985,12:00,792,1396,287,1,9,1,1,9,286,1,13,322,1,9,1,1,9,321,1,13,1079,1,18,10,A,7,10,A,7,1.1,A,7,0.6,A,7,96,A,7,976,A,7,270,A,7,4.1,A,7,4000,B,7,90,A,7,1.1,E,8,0.000,F,8,0.00,?,0,3,1,D,9,45,C,8
02/24/1985,13:00,851,1396,313,1,9,1,1,9,313,1,13,353,1,9,1,1,9,353,1,13,1197,1,18,10,A,7,10,A,7,1.1,A,7,1.1,A,7,100,A,7,976,A,7,280,A,7,5.2,A,7,1200,B,7,30,A,7,1.1,E,8,0.000,F,8,0.00,?,0,0,1,D,9,45,C,8
02/24/1985,14:00,842,1396,297,1,9,1,1,9,296,1,13,335,1,9,1,1,9,335,1,13,1150,1,18,10,A,7,10,A,7,1.7,A,7,1.1,A,7,96,A,7,976,A,7,280,A,7,5.2,A,7,2000,B,7,60,A,7,1.1,E,8,0.000,F,8,0.00,?,0,0,1,D,9,45,C,8
02/24/1985,15:00,765,1396,275,1,9,1,1,9,275,1,13,309,1,9,1,1,9,309,1,13,1027,1,18,10,A,7,10,A,7,1.7,A,7,1.1,A,7,96,A,7,977,A,7,280,A,7,4.6,A,7,6400,B,7,120,A,7,1.1,E,8,0.000,F,8,0.00,?,0,0,1,D,9,45,C,8
02/24/1985,16:00,625,1396,220,1,9,1,1,9,219,1,13,244,1,9,1,1,9,244,1,13,779,1,18,10,A,7,10,A,7,1.1,A,7,0.6,A,7,96,A,7,978,A,7,280,A,7,5.7,A,7,11300,B,7,210,A,7,1.1,E,8,0.000,F,8,0.00,?,0,0,1,D,9,45,C,8
02/24/1985,17:00,433,1396,140,1,9,0,1,9,140,1,13,155,1,9,0,1,9,155,1,13,471,1,18,10,A,7,10,A,7,1.1,A,7,0.6,A,7,96,A,7,980,A,7,280,A,7,6.7,A,7,11300,B,7,340,A,7,1.1,E,8,0.000,F,8,0.00,?,0,0,1,D,9,00,C,8
02/24/1985,18:00,202,1396,62,1,13,0,1,9,62,1,13,68,1,13,0,1,9,68,1,13,190,1,21,10,A,7,10,A,7,1.1,A,7,0.0,A,7,92,A,7,981,A,7,280,A,7,5.2,A,7,11300,B,7,430,A,7,1.1,E,8,0.000,F,8,0.00,?,0,0,1,D,9,00,C,8
02/24/1985,19:00,13,477,7,1,13,0,1,9,7,1,13,0,1,13,0,1,9,0,1,13,0,1,21,10,A,7,10,A,7,1.1,A,7,0.0,A,7,92,A,7,983,A,7,290,A,7,6.2,A,7,11300,B,7,460,A,7,1.1,E,8,0.000,F,8,0.00,?,0,0,1,D,9,00,C,8
02/24/1985,20:00,0,0,0,1,0,0,1,0,0,1,0,0,1,0,0,1,0,0,1,0,0,1,0,10,A,7,10,A,7,1.1,A,7,-0.6,A,7,89,A,7,985,A,7,300,A,7,5.7,A,7,11300,B,7,400,A,7,1.0,E,8,0.000,?,0,0.00,?,0,0,1,D,9,00,C,8
02/24/1985,21:00,0,0,0,1,0,0,1,0,0,1,0,0,1,0,0,1,0,0,1,0,0,1,0,10,A,7,10,A,7,1.1,A,7,-0.6,A,7,89,A,7,986,A,7,290,A,7,6.2,A,7,11300,B,7,460,A,7,1.0,E,8,0.000,?,0,0.00,?,0,0,1,D,9,00,C,8
02/24/1985,22:00,0,0,0,1,0,0,1,0,0,1,0,0,1,0,0,1,0,0,1,0,0,1,0,10,A,7,10,A,7,1.1,A,7,-0.6,A,7,89,A,7,987,A,7,290,A,7,4.6,A,7,16100,B,7,550,A,7,1.0,E,8,0.000,?,0,0.00,?,0,0,1,D,9,00,C,8
02/24/1985,23:00,0,0,0,1,0,0,1,0,0,1,0,0,1,0,0,1,0,0,1,0,0,1,0,10,A,7,10,A,7,1.1,A,7,-1.1,A,7,85,A,7,988,A,7,290,A,7,4.1,A,7,16100,B,7,550,A,7,1.0,E,8,0.000,?,0,0.00,?,0,0,1,D,9,00,C,8
02/24/1985,24:00,0,0,0,1,0,0,1,0,0,1,0,0,1,0,0,1,0,0,1,0,0,1,0,10,A,7,10,A,7,0.6,A,7,-1.1,A,7,89,A,7,989,A,7,290,A,7,3.1,A,7,16100,B,7,640,A,7,1.0,E,8,0.000,?,0,0.00,?,0,0,1,D,9,00,C,8
02/25/1985,01:00,0,0,0,1,0,0,1,0,0,1,0,0,1,0,0,1,0,0,1,0,0,1,0,10,A,7,10,A,7,0.6,A,7,-0.6,A,7,92,A,7,989,A,7,250,A,7,3.1,A,7,16100,B,7,760,A,7,1.0,E,8,0.000,?,0,0.00,?,0,0,1,D,9,00,C,8
02/25/1985,02:00,0,0,0,1,0,0,1,0,0,1,0,0,1,0,0,1,0,0,1,0,0,1,0,10,A,7,10,A,7,0.6,A,7,-0.6,A,7,92,A,7,990,A,7,230,A,7,3.6,A,7,16100,B,7,760,A,7,1.0,E,8,0.000,?,0,0.00,?,0,0,1,D,9,00,C,8
02/25/1985,03:00,0,0,0,1,0,0,1,0,0,1,0,0,1,0,0,1,0,0,1,0,0,1,0,10,A,7,10,A,7,0.6,A,7,-0.6,A,7,92,A,7,990,A,7,230,A,7,3.1,A,7,16100,B,7,760,A,7,1.0,E,8,0.000,?,0,0.00,?,0,0,1,D,9,00,C,8
02/25/1985,04:00,0,0,0,1,0,0,1,0,0,1,0,0,1,0,0,1,0,0,1,0,0,1,0,10,A,7,10,A,7,0.6,A,7,-0.6,A,7,92,A,7,991,A,7,230,A,7,3.1,A,7,16100,B,7,850,A,7,1.0,E,8,0.000,?,0,0.00,?,0,0,1,D,9,00,C,8
02/25/1985,05:00,0,0,0,1,0,0,1,0,0,1,0,0,1,0,0,1,0,0,1,0,0,1,0,10,A,7,10,A,7,0.6,A,7,-0.6,A,7,92,A,7,991,A,7,230,A,7,3.6,A,7,16100,B,7,850,A,7,1.0,E,8,0.000,?,0,0.00,?,0,0,1,D,9,00,C,8
02/25/1985,06:00,0,0,0,1,0,0,1,0,0,1,0,0,1,0,0,1,0,0,1,0,0,1,0,10,A,7,10,A,7,0.6,A,7,-0.6,A,7,92,A,7,992,A,7,220,A,7,3.6,A,7,16100,B,7,850,A,7,1.0,E,8,0.000,?,0,0.00,?,0,0,1,D,9,00,C,8
02/25/1985,07:00,0,0,0,1,0,0,1,0,0,1,0,0,1,0,0,1,0,0,1,0,0,1,0,10,A,7,10,A,7,0.6,A,7,-0.6,A,7,92,A,7,992,A,7,220,A,7,3.1,A,7,11300,B,7,850,A,7,1.0,E,8,0.000,?,0,0.00,?,0,0,1,D,9,00,C,8
02/25/1985,08:00,48,896,21,1,13,0,1,9,21,1,13,23,1,13,0,1,9,23,1,13,67,1,21,10,A,7,10,A,7,0.6,A,7,-0.6,A,7,92,A,7,993,A,7,220,A,7,2.6,A,7,8000,B,7,850,A,7,1.0,E,8,0.000,F,8,0.00,?,0,0,1,D,9,00,C,8
02/25/1985,09:00,275,1396,82,1,13,1,1,9,82,1,13,90,1,13,0,1,9,90,1,13,263,1,21,10,A,7,10,A,7,1.1,A,7,0.0,A,7,92,A,7,993,A,7,220,A,7,2.6,A,7,6400,B,7,850,A,7,1.1,E,8,0.000,F,8,0.00,?,0,0,1,D,9,45,C,8
02/25/1985,10:00,497,1396,166,1,9,2,1,9,166,1,13,185,1,9,2,1,9,184,1,13,568,1,18,10,A,7,10,A,7,1.7,A,7,0.6,A,7,92,A,7,993,A,7,220,A,7,2.6,A,7,8000,B,7,850,A,7,1.1,E,8,0.000,F,8,0.00,?,0,0,1,D,9,45,C,8
02/25/1985,11:00,676,1396,244,1,9,1,1,9,243,1,13,271,1,9,1,1,9,271,1,13,875,1,18,10,A,7,10,A,7,2.8,A,7,0.6,A,7,86,A,7,993,A,7,220,A,7,3.1,A,7,11300,B,7,850,A,7,1.1,E,8,0.000,F,8,0.00,?,0,0,1,D,9,45,C,8
02/25/1985,12:00,799,1396,326,1,9,0,1,9,326,1,13,363,1,9,0,1,9,363,1,13,1162,1,18,10,A,7,10,A,7,3.3,A,7,0.0,A,7,79,A,7,993,A,7,230,A,7,3.6,A,7,11300,B,7,850,A,7,1.1,E,8,0.000,F,8,0.00,?,0,0,1,D,9,00,C,8
02/25/1985,13:00,858,1396,324,1,9,1,1,9,323,1,13,364,1,9,1,1,9,364,1,13,1226,1,18,10,A,7,10,A,7,3.3,A,7,-0.6,A,7,76,A,7,993,A,7,220,A,7,3.6,A,7,11300,B,7,850,A,7,1.0,E,8,0.000,F,8,0.00,?,0,0,1,D,9,00,C,8
02/25/1985,14:00,849,1396,310,1,9,1,1,9,310,1,13,350,1,9,1,1,9,350,1,13,1188,1,18,10,A,7,10,A,7,3.9,A,7,-1.1,A,7,70,A,7,992,A,7,220,A,7,4.6,A,7,16100,B,7,850,A,7,1.0,E,8,0.000,F,8,0.00,?,0,0,1,D,9,00,C,8
02/25/1985,15:00,771,1396,283,1,9,1,1,9,283,1,13,318,1,9,1,1,9,317,1,13,1051,1,18,10,A,7,10,A,7,3.9,A,7,-1.7,A,7,67,A,7,992,A,7,220,A,7,4.1,A,7,11300,B,7,760,A,7,1.0,E,8,0.000,F,8,0.00,?,0,0,1,D,9,00,C,8
02/25/1985,16:00,631,1396,235,1,9,1,1,9,235,1,13,261,1,9,1,1,9,260,1,13,815,1,18,10,A,7,10,A,7,3.3,A,7,-1.7,A,7,70,A,7,991,A,7,200,A,7,4.1,A,7,11300,B,7,850,A,7,1.0,E,8,0.000,F,8,0.00,?,0,0,1,D,9,00,C,8
02/25/1985,17:00,439,1396,145,1,9,0,1,9,145,1,13,160,1,9,0,1,9,160,1,13,484,1,18,10,A,7,10,A,7,2.8,A,7,-2.2,A,7,70,A,7,991,A,7,220,A,7,4.1,A,7,11300,B,7,760,A,7,0.9,E,8,0.000,F,8,0.00,?,0,0,1,D,9,00,C,8
02/25/1985,18:00,208,1396,62,1,13,1,1,9,62,1,13,68,1,13,0,1,9,68,1,13,193,1,21,10,A,7,10,A,7,2.8,A,7,-2.8,A,7,67,A,7,991,A,7,190,A,7,4.1,A,7,11300,B,7,760,A,7,0.9,E,8,0.000,F,8,0.00,?,0,0,1,D,9,00,C,8
02/25/1985,19:00,15,500,8,1,13,0,1,9,8,1,13,0,1,13,0,1,9,0,1,13,0,1,21,10,A,7,10,A,7,2.8,A,7,-2.8,A,7,67,A,7,991,A,7,190,A,7,3.6,A,7,11300,B,7,760,A,7,0.9,E,8,0.000,F,8,0.00,?,0,0,1,D,9,00,C,8
02/25/1985,20:00,0,0,0,1,0,0,1,0,0,1,0,0,1,0,0,1,0,0,1,0,0,1,0,10,A,7,10,A,7,2.2,A,7,-2.8,A,7,70,A,7,991,A,7,190,A,7,4.1,A,7,11300,B,7,760,A,7,0.9,E,8,0.000,?,0,0.00,?,0,0,1,D,9,00,C,8
02/25/1985,21:00,0,0,0,1,0,0,1,0,0,1,0,0,1,0,0,1,0,0,1,0,0,1,0,6,A,7,6,A,7,2.2,A,7,-3.3,A,7,67,A,7,990,A,7,170,A,7,3.6,A,7,16100,B,7,760,A,7,0.9,E,8,0.000,?,0,0.00,?,0,0,1,D,9,00,C,8
02/25/1985,22:00,0,0,0,1,0,0,1,0,0,1,0,0,1,0,0,1,0,0,1,0,0,1,0,10,A,7,10,A,7,1.7,A,7,-3.9,A,7,67,A,7,990,A,7,180,A,7,4.1,A,7,16100,B,7,760,A,7,0.9,E,8,0.000,?,0,0.00,?,0,0,1,D,9,00,C,8
02/25/1985,23:00,0,0,0,1,0,0,1,0,0,1,0,0,1,0,0,1,0,0,1,0,0,1,0,10,A,7,10,A,7,1.7,A,7,-3.3,A,7,70,A,7,990,A,7,200,A,7,6.2,A,7,16100,B,7,760,A,7,0.9,E,8,0.000,?,0,0.00,?,0,0,1,D,9,00,C,8
02/25/1985,24:00,0,0,0,1,0,0,1,0,0,1,0,0,1,0,0,1,0,0,1,0,0,1,0,10,A,7,10,A,7,1.7,A,7,-2.8,A,7,73,A,7,989,A,7,200,A,7,4.1,A,7,16100,B,7,700,A,7,0.9,E,8,0.000,?,0,0.00,?,0,0,1,D,9,00,C,8
02/26/1985,01:00,0,0,0,1,0,0,1,0,0,1,0,0,1,0,0,1,0,0,1,0,0,1,0,10,A,7,10,A,7,1.7,A,7,-1.1,A,7,82,A,7,989,A,7,200,A,7,4.6,A,7,16100,B,7,700,A,7,1.0,E,8,0.000,?,0,0.00,?,0,0,1,D,9,00,C,8
02/26/1985,02:00,0,0,0,1,0,0,1,0,0,1,0,0,1,0,0,1,0,0,1,0,0,1,0,10,A,7,10,A,7,1.7,A,7,-0.6,A,7,85,A,7,989,A,7,210,A,7,4.6,A,7,16100,B,7,700,A,7,1.0,E,8,0.000,?,0,0.00,?,0,0,1,D,9,00,C,8
02/26/1985,03:00,0,0,0,1,0,0,1,0,0,1,0,0,1,0,0,1,0,0,1,0,0,1,0,10,A,7,10,A,7,1.1,A,7,-0.6,A,7,89,A,7,989,A,7,190,A,7,4.6,A,7,16100,B,7,700,A,7,1.0,E,8,0.000,?,0,0.00,?,0,0,1,D,9,00,C,8
02/26/1985,04:00,0,0,0,1,0,0,1,0,0,1,0,0,1,0,0,1,0,0,1,0,0,1,0,10,A,7,10,A,7,1.1,A,7,-0.6,A,7,89,A,7,988,A,7,210,A,7,3.6,A,7,16100,B,7,700,A,7,1.0,E,8,0.000,?,0,0.00,?,0,0,1,D,9,00,C,8
02/26/1985,05:00,0,0,0,1,0,0,1,0,0,1,0,0,1,0,0,1,0,0,1,0,0,1,0,10,A,7,10,A,7,0.6,A,7,-0.6,A,7,92,A,7,988,A,7,230,A,7,4.1,A,7,16100,B,7,700,A,7,1.0,E,8,0.000,?,0,0.00,?,0,0,1,D,9,00,C,8
02/26/1985,06:00,0,0,0,1,0,0,1,0,0,1,0,0,1,0,0,1,0,0,1,0,0,1,0,10,A,7,10,A,7,0.6,A,7,-0.6,A,7,92,A,7,988,A,7,200,A,7,3.6,A,7,16100,B,7,700,A,7,1.0,E,8,0.000,?,0,0.00,?,0,0,1,D,9,00,C,8
02/26/1985,07:00,0,0,0,1,0,0,1,0,0,1,0,0,1,0,0,1,0,0,1,0,0,1,0,10,A,7,10,A,7,1.1,A,7,-0.6,A,7,89,A,7,988,A,7,220,A,7,4.6,A,7,16100,B,7,640,A,7,1.0,E,8,0.000,?,0,0.00,?,0,0,1,D,9,00,C,8
02/26/1985,08:00,52,918,18,1,13,0,1,9,18,1,13,20,1,13,0,1,9,20,1,13,61,1,21,10,A,7,10,A,7,1.1,A,7,0.0,A,7,92,A,7,987,A,7,210,A,7,4.6,A,7,11300,B,7,640,A,7,1.1,E,8,0.000,F,8,0.00,?,0,0,1,D,9,00,C,8
02/26/1985,09:00,282,1395,78,1,13,0,1,9,78,1,13,86,1,13,0,1,9,86,1,13,259,1,21,10,A,7,10,A,7,1.7,A,7,-1.7,A,7,79,A,7,987,A,7,220,A,7,4.1,A,7,11300,B,7,640,A,7,1.0,E,8,0.000,F,8,0.00,?,0,0,1,D,9,00,C,8
02/26/1985,10:00,504,1395,178,1,9,0,1,9,178,1,13,196,1,9,0,1,9,196,1,13,596,1,18,10,A,7,10,A,7,2.8,A,7,-1.7,A,7,73,A,7,987,A,7,230,A,7,6.2,A,7,12900,B,7,610,A,7,1.0,E,8,0.000,F,8,0.00,?,0,0,1,D,9,00,C,8
02/26/1985,11:00,683,1395,443,1,9,667,1,9,119,1,13,467,1,9,655,1,9,145,1,13,249,1,18,1,A,7,1,A,7,3.9,A,7,-1.1,A,7,70,A,7,986,A,7,210,A,7,6.7,A,7,12900,B,7,77777,A,7,1.0,E,8,0.000,F,8,0.00,?,0,0,1,D,9,00,C,8
02/26/1985,12:00,806,1395,410,1,13,330,1,13,221,1,13,446,1,13,350,1,13,243,1,13,529,1,23,7,A,7,7,A,7,4.4,A,7,0.0,A,7,73,A,7,986,A,7,200,A,7,7.2,A,7,12900,B,7,610,A,7,1.1,E,8,0.000,F,8,0.00,?,0,0,1,D,9,00,C,8
02/26/1985,13:00,865,1395,638,1,9,861,1,9,107,1,13,677,1,9,861,1,9,141,1,13,255,1,18,0,A,7,0,A,7,6.7,A,7,0.6,A,7,65,A,7,985,A,7,210,A,7,7.7,A,7,12900,B,7,77777,A,7,1.1,E,8,0.000,F,8,0.00,?,0,0,1,D,9,00,C,8
02/26/1985,14:00,855,1395,631,1,9,862,1,9,107,1,13,670,1,9,861,1,9,140,1,13,252,1,18,0,A,7,0,A,7,7.8,A,7,1.7,A,7,66,A,7,984,A,7,210,A,7,6.7,A,7,11300,B,7,77777,A,7,1.2,E,8,0.000,F,8,0.00,?,0,0,1,D,9,00,C,8
02/26/1985,15:00,778,1395,526,1,9,720,1,9,127,1,13,558,1,9,720,1,9,156,1,13,288,1,18,2,A,7,2,A,7,8.3,A,7,1.7,A,7,63,A,7,983,A,7,220,A,7,8.2,A,7,11300,B,7,77777,A,7,1.2,E,8,0.000,F,8,0.00,?,0,0,1,D,9,00,C,8
02/26/1985,16:00,638,1395,127,1,9,1,1,9,127,1,13,149,1,9,1,1,9,148,1,13,544,1,18,10,A,7,10,A,7,7.2,A,7,1.1,A,7,66,A,7,983,A,7,230,A,7,6.2,A,7,11300,B,7,760,A,7,1.1,E,8,0.000,F,8,0.00,?,0,0,1,D,9,00,C,8
02/26/1985,17:00,445,1395,138,1,9,5,1,9,136,1,13,153,1,9,3,1,9,152,1,13,471,1,18,10,A,7,10,A,7,6.1,A,7,1.7,A,7,74,A,7,983,A,7,240,A,7,4.6,A,7,11300,B,7,760,A,7,1.2,E,8,0.000,F,8,0.00,?,0,0,1,D,9,00,C,8
02/26/1985,18:00,213,1395,38,1,13,2,1,9,37,1,13,43,1,13,0,1,9,43,1,13,136,1,21,10,A,7,10,A,7,4.4,A,7,1.7,A,7,82,A,7,983,A,7,270,A,7,6.2,A,7,11300,B,7,700,A,7,1.2,E,8,0.000,F,8,0.00,?,0,0,1,D,9,00,C,8
02/26/1985,19:00,17,523,5,1,13,0,1,9,5,1,13,0,1,13,0,1,9,0,1,13,0,1,21,10,A,7,10,A,7,3.3,A,7,0.0,A,7,79,A,7,983,A,7,260,A,7,7.7,A,7,11300,B,7,370,A,7,1.1,E,8,0.000,F,8,0.00,?,0,0,1,D,9,00,C,8
02/26/1985,20:00,0,0,0,1,0,0,1,0,0,1,0,0,1,0,0,1,0,0,1,0,0,1,0,10,A,7,10,A,7,2.2,A,7,1.1,A,7,93,A,7,983,A,7,270,A,7,6.2,A,7,4800,B,7,210,A,7,1.1,E,8,0.000,?,0,0.00,?,0,0,1,D,9,00,C,8
02/26/1985,21:00,0,0,0,1,0,0,1,0,0,1,0,0,1,0,0,1,0,0,1,0,0,1,0,10,A,7,10,A,7,1.1,A,7,0.0,A,7,92,A,7,983,A,7,260,A,7,7.2,A,7,4800,B,7,210,A,7,1.1,E,8,0.000,?,0,0.00,?,0,0,1,D,9,45,C,8
02/26/1985,22:00,0,0,0,1,0,0,1,0,0,1,0,0,1,0,0,1,0,0,1,0,0,1,0,10,A,7,10,A,7,1.1,A,7,0.0,A,7,92,A,7,984,A,7,280,A,7,6.2,A,7,3200,B,7,120,A,7,1.1,E,8,0.000,?,0,0.00,?,0,0,1,D,9,45,C,8
02/26/1985,23:00,0,0,0,1,0,0,1,0,0,1,0,0,1,0,0,1,0,0,1,0,0,1,0,10,A,7,10,A,7,0.0,A,7,-1.1,A,7,92,A,7,984,A,7,270,A,7,5.7,A,7,2400,B,7,150,A,7,1.0,E,8,0.000,?,0,0.00,?,0,0,1,D,9,45,C,8
02/26/1985,24:00,0,0,0,1,0,0,1,0,0,1,0,0,1,0,0,1,0,0,1,0,0,1,0,10,A,7,10,A,7,0.0,A,7,-1.1,A,7,92,A,7,984,A,7,290,A,7,5.7,A,7,11300,B,7,370,A,7,1.0,E,8,0.000,?,0,0.00,?,0,0,1,D,9,45,C,8
02/27/1985,01:00,0,0,0,1,0,0,1,0,0,1,0,0,1,0,0,1,0,0,1,0,0,1,0,10,A,7,10,A,7,0.0,A,7,-1.1,A,7,92,A,7,984,A,7,280,A,7,6.2,A,7,11300,B,7,340,A,7,1.0,E,8,0.000,?,0,0.00,?,0,0,1,D,9,45,C,8
02/27/1985,02:00,0,0,0,1,0,0,1,0,0,1,0,0,1,0,0,1,0,0,1,0,0,1,0,10,A,7,10,A,7,0.0,A,7,-1.1,A,7,92,A,7,985,A,7,290,A,7,6.2,A,7,11300,B,7,340,A,7,1.0,E,8,0.000,?,0,0.00,?,0,0,1,D,9,00,C,8
02/27/1985,03:00,0,0,0,1,0,0,1,0,0,1,0,0,1,0,0,1,0,0,1,0,0,1,0,10,A,7,10,A,7,-1.1,A,7,-2.2,A,7,92,A,7,986,A,7,320,A,7,8.2,A,7,6400,B,7,430,A,7,0.9,E,8,0.000,?,0,0.00,?,0,0,1,D,9,85,C,8
02/27/1985,04:00,0,0,0,1,0,0,1,0,0,1,0,0,1,0,0,1,0,0,1,0,0,1,0,10,A,7,10,A,7,-2.2,A,7,-3.3,A,7,92,A,7,987,A,7,320,A,7,8.8,A,7,11300,B,7,700,A,7,0.9,E,8,0.000,?,0,0.00,?,0,0,1,D,9,85,C,8
02/27/1985,05:00,0,0,0,1,0,0,1,0,0,1,0,0,1,0,0,1,0,0,1,0,0,1,0,10,A,7,10,A,7,-2.8,A,7,-4.4,A,7,89,A,7,988,A,7,340,A,7,7.7,A,7,11300,B,7,640,A,7,0.8,E,8,0.000,?,0,0.00,?,0,0,1,D,9,85,C,8
02/27/1985,06:00,0,0,0,1,0,0,1,0,0,1,0,0,1,0,0,1,0,0,1,0,0,1,0,10,A,7,10,A,7,-3.3,A,7,-5.6,A,7,85,A,7,990,A,7,330,A,7,10.3,A,7,16100,B,7,760,A,7,0.8,E,8,0.000,?,0,0.00,?,0,0,1,D,9,85,C,8
02/27/1985,07:00,0,0,0,1,0,0,1,0,0,1,0,0,1,0,0,1,0,0,1,0,0,1,0,4,A,7,4,A,7,-6.1,A,7,-7.8,A,7,88,A,7,992,A,7,340,A,7,8.2,A,7,24100,B,7,77777,A,7,0.7,E,8,0.000,?,0,0.00,?,0,0,1,D,9,85,C,8
02/27/1985,08:00,56,964,18,1,13,8,1,9,17,1,13,19,1,13,4,1,9,19,1,13,42,1,21,8,A,7,8,A,7,-6.7,A,7,-8.9,A,7,84,A,7,993,A,7,330,A,7,7.2,A,7,24100,B,7,640,A,7,0.6,E,8,0.000,F,8,0.00,?,0,0,1,D,9,00,C,8
02/27/1985,09:00,289,1394,80,1,13,39,1,9,72,1,13,88,1,13,32,1,9,81,1,13,183,1,21,9,A,7,9,A,7,-6.7,A,7,-8.9,A,7,84,A,7,994,A,7,330,A,7,7.7,A,7,24100,B,7,640,A,7,0.6,E,8,0.000,F,8,0.00,?,0,0,1,D,9,00,C,8
02/27/1985,10:00,511,1394,183,1,9,47,1,9,166,1,13,201,1,9,45,1,9,184,1,13,443,1,18,10,A,7,10,A,7,-6.1,A,7,-8.3,A,7,85,A,7,995,A,7,340,A,7,7.7,A,7,24100,B,7,700,A,7,0.7,E,8,0.000,F,8,0.00,?,0,0,1,D,9,00,C,8
02/27/1985,11:00,690,1394,329,1,9,228,1,9,217,1,13,360,1,9,233,1,9,244,1,13,539,1,18,8,A,7,8,A,7,-5.6,A,7,-8.3,A,7,81,A,7,996,A,7,320,A,7,6.7,A,7,16100,B,7,700,A,7,0.7,E,8,0.000,F,8,0.00,?,0,0,1,D,9,00,C,8
02/27/1985,12:00,813,1394,320,1,9,136,1,9,242,1,13,353,1,9,142,1,9,269,1,13,644,1,18,8,A,7,8,A,7,-5.6,A,7,-8.3,A,7,81,A,7,997,A,7,310,A,7,5.7,A,7,16100,B,7,700,A,7,0.7,E,8,0.000,F,8,0.00,?,0,0,1,D,9,00,C,8
02/27/1985,13:00,872,1394,454,1,9,363,1,9,228,1,13,497,1,9,388,1,9,253,1,13,572,1,18,8,A,7,8,A,7,-4.4,A,7,-7.8,A,7,78,A,7,997,A,7,290,A,7,7.2,A,7,16100,B,7,700,A,7,0.7,E,8,0.000,F,8,0.00,?,0,0,1,D,9,00,C,8
02/27/1985,14:00,862,1394,362,1,9,165,1,9,261,1,13,398,1,9,173,1,9,291,1,13,718,1,18,8,A,7,8,A,7,-4.4,A,7,-7.8,A,7,78,A,7,996,A,7,320,A,7,6.2,A,7,16100,B,7,700,A,7,0.7,E,8,0.000,F,8,0.00,?,0,0,1,D,9,00,C,8
02/27/1985,15:00,784,1394,384,1,13,264,1,13,236,1,13,413,1,13,278,1,13,256,1,13,566,1,23,5,A,7,5,A,7,-3.9,A,7,-7.2,A,7,78,A,7,997,A,7,320,A,7,6.7,A,7,16100,B,7,77777,A,7,0.7,E,8,0.000,F,8,0.00,?,0,0,1,D,9,00,C,8
02/27/1985,16:00,644,1394,437,1,9,771,1,9,84,1,13,458,1,9,747,1,9,113,1,13,172,1,18,1,A,7,1,A,7,-3.9,A,7,-8.3,A,7,72,A,7,997,A,7,300,A,7,6.2,A,7,16100,B,7,77777,A,7,0.7,E,8,0.000,F,8,0.00,?,0,0,1,D,9,00,C,8
02/27/1985,17:00,451,1394,281,1,9,677,1,9,65,1,13,299,1,9,615,1,9,99,1,13,126,1,18,0,A,7,0,A,7,-3.9,A,7,-9.4,A,7,66,A,7,997,A,7,270,A,7,4.1,A,7,16100,B,7,77777,A,7,0.6,E,8,0.000,F,8,0.00,?,0,0,1,D,9,00,C,8
02/27/1985,18:00,219,1394,100,1,13,393,1,9,40,1,13,104,1,13,272,1,9,62,1,13,72,1,21,0,A,7,0,A,7,-4.4,A,7,-9.4,A,7,69,A,7,997,A,7,270,A,7,5.2,A,7,16100,B,7,77777,A,7,0.6,E,8,0.000,F,8,0.00,?,0,0,1,D,9,00,C,8
02/27/1985,19:00,19,546,12,1,13,28,1,9,9,1,13,0,1,13,0,1,9,0,1,13,0,1,21,0,A,7,0,A,7,-6.1,A,7,-9.4,A,7,78,A,7,997,A,7,270,A,7,3.1,A,7,16100,B,7,77777,A,7,0.6,E,8,0.000,F,8,0.00,?,0,0,1,D,9,00,C,8
02/27/1985,20:00,0,0,0,1,0,0,1,0,0,1,0,0,1,0,0,1,0,0,1,0,0,1,0,0,A,7,0,A,7,-6.1,A,7,-9.4,A,7,78,A,7,997,A,7,240,A,7,3.6,A,7,16100,B,7,77777,A,7,0.6,E,8,0.000,?,0,0.00,?,0,0,1,D,9,00,C,8
02/27/1985,21:00,0,0,0,1,0,0,1,0,0,1,0,0,1,0,0,1,0,0,1,0,0,1,0,0,A,7,0,A,7,-6.7,A,7,-9.4,A,7,81,A,7,997,A,7,250,A,7,5.2,A,7,16100,B,7,77777,A,7,0.6,E,8,0.000,?,0,0.00,?,0,0,1,D,9,00,C,8
02/27/1985,22:00,0,0,0,1,0,0,1,0,0,1,0,0,1,0,0,1,0,0,1,0,0,1,0,0,A,7,0,A,7,-6.7,A,7,-9.4,A,7,81,A,7,996,A,7,240,A,7,4.6,A,7,16100,B,7,77777,A,7,0.6,E,8,0.000,?,0,0.00,?,0,0,1,D,9,00,C,8
02/27/1985,23:00,0,0,0,1,0,0,1,0,0,1,0,0,1,0,0,1,0,0,1,0,0,1,0,0,A,7,0,A,7,-6.7,A,7,-9.4,A,7,81,A,7,996,A,7,230,A,7,4.1,A,7,16100,B,7,77777,A,7,0.6,E,8,0.000,?,0,0.00,?,0,0,1,D,9,00,C,8
02/27/1985,24:00,0,0,0,1,0,0,1,0,0,1,0,0,1,0,0,1,0,0,1,0,0,1,0,0,A,7,0,A,7,-7.2,A,7,-9.4,A,7,84,A,7,995,A,7,220,A,7,4.1,A,7,16100,B,7,77777,A,7,0.6,E,8,0.000,?,0,0.00,?,0,0,1,D,9,00,C,8
02/28/1985,01:00,0,0,0,1,0,0,1,0,0,1,0,0,1,0,0,1,0,0,1,0,0,1,0,0,A,7,0,A,7,-7.2,A,7,-8.9,A,7,88,A,7,995,A,7,220,A,7,4.1,A,7,16100,B,7,77777,A,7,0.6,E,8,0.000,?,0,0.00,?,0,0,1,D,9,00,C,8
02/28/1985,02:00,0,0,0,1,0,0,1,0,0,1,0,0,1,0,0,1,0,0,1,0,0,1,0,0,A,7,0,A,7,-6.7,A,7,-8.3,A,7,88,A,7,994,A,7,210,A,7,4.6,A,7,16100,B,7,77777,A,7,0.7,E,8,0.000,?,0,0.00,?,0,0,1,D,9,00,C,8
02/28/1985,03:00,0,0,0,1,0,0,1,0,0,1,0,0,1,0,0,1,0,0,1,0,0,1,0,0,A,7,0,A,7,-6.7,A,7,-8.3,A,7,88,A,7,994,A,7,210,A,7,5.2,A,7,16100,B,7,77777,A,7,0.7,E,8,0.000,?,0,0.00,?,0,0,1,D,9,00,C,8
02/28/1985,04:00,0,0,0,1,0,0,1,0,0,1,0,0,1,0,0,1,0,0,1,0,0,1,0,2,A,7,2,A,7,-6.1,A,7,-7.8,A,7,88,A,7,993,A,7,210,A,7,6.2,A,7,16100,B,7,77777,A,7,0.7,E,8,0.000,?,0,0.00,?,0,0,1,D,9,00,C,8
02/28/1985,05:00,0,0,0,1,0,0,1,0,0,1,0,0,1,0,0,1,0,0,1,0,0,1,0,2,A,7,2,A,7,-5.6,A,7,-6.7,A,7,92,A,7,993,A,7,220,A,7,5.7,A,7,16100,B,7,77777,A,7,0.7,E,8,0.000,?,0,0.00,?,0,0,1,D,9,00,C,8
02/28/1985,06:00,0,0,0,1,0,0,1,0,0,1,0,0,1,0,0,1,0,0,1,0,0,1,0,8,A,7,8,A,7,-5.0,A,7,-6.1,A,7,92,A,7,992,A,7,210,A,7,6.2,A,7,16100,B,7,1520,A,7,0.8,E,8,0.000,?,0,0.00,?,0,0,1,D,9,00,C,8
02/28/1985,07:00,0,0,0,1,0,0,1,0,0,1,0,0,1,0,0,1,0,0,1,0,0,1,0,9,A,7,9,A,7,-3.9,A,7,-5.0,A,7,92,A,7,991,A,7,220,A,7,7.7,A,7,16100,B,7,1520,A,7,0.8,E,8,0.000,?,0,0.00,?,0,0,1,D,9,00,C,8
02/28/1985,08:00,61,987,17,1,13,1,1,9,17,1,13,19,1,13,0,1,9,19,1,13,59,1,21,10,A,7,10,A,7,-3.3,A,7,-4.4,A,7,92,A,7,991,A,7,210,A,7,8.2,A,7,11300,B,7,1520,A,7,0.8,E,8,0.000,F,8,0.00,?,0,0,1,D,9,00,C,8
02/28/1985,09:00,296,1394,76,1,13,6,1,9,75,1,13,85,1,13,2,1,9,85,1,13,259,1,21,10,A,7,10,A,7,-2.8,A,7,-6.7,A,7,75,A,7,990,A,7,220,A,7,5.7,A,7,11300,B,7,980,A,7,0.7,E,8,0.000,F,8,0.00,?,0,0,1,D,9,00,C,8
02/28/1985,10:00,518,1394,279,1,13,305,1,13,167,1,13,295,1,13,295,1,13,185,1,13,356,1,23,7,A,7,7,A,7,-1.1,A,7,-6.1,A,7,69,A,7,990,A,7,220,A,7,8.8,A,7,11300,B,7,2740,A,7,0.8,E,8,0.000,F,8,0.00,?,0,0,1,D,9,00,C,8
02/28/1985,11:00,697,1394,302,1,13,215,1,13,196,1,13,326,1,13,223,1,13,214,1,13,440,1,23,7,A,7,7,A,7,1.7,A,7,-5.6,A,7,59,A,7,989,A,7,220,A,7,8.8,A,7,11300,B,7,2440,A,7,0.8,E,8,0.000,F,8,0.00,?,0,0,1,D,9,00,C,8
02/28/1985,12:00,820,1394,516,1,9,675,1,9,122,1,13,553,1,9,681,1,9,151,1,13,291,1,18,1,A,7,1,A,7,2.8,A,7,-5.0,A,7,57,A,7,989,A,7,240,A,7,10.8,A,7,16100,B,7,77777,A,7,0.8,E,8,0.000,F,8,0.00,?,0,0,1,D,9,00,C,8
02/28/1985,13:00,878,1394,649,1,9,855,1,9,114,1,13,686,1,9,854,1,9,146,1,13,271,1,18,0,A,7,0,A,7,3.9,A,7,-5.0,A,7,53,A,7,987,A,7,220,A,7,10.3,A,7,16100,B,7,77777,A,7,0.8,E,8,0.000,F,8,0.00,?,0,0,1,D,9,00,C,8
02/28/1985,14:00,868,1394,645,1,9,861,1,9,113,1,13,682,1,9,859,1,9,145,1,13,266,1,18,0,A,7,0,A,7,5.6,A,7,-3.9,A,7,51,A,7,986,A,7,220,A,7,11.3,A,7,16100,B,7,77777,A,7,0.9,E,8,0.000,F,8,0.00,?,0,0,1,D,9,00,C,8
02/28/1985,15:00,790,1394,569,1,9,823,1,9,105,1,13,597,1,9,815,1,9,134,1,13,230,1,18,0,A,7,0,A,7,6.1,A,7,-3.3,A,7,51,A,7,985,A,7,220,A,7,11.8,A,7,16100,B,7,77777,A,7,0.9,E,8,0.000,F,8,0.00,?,0,0,1,D,9,00,C,8
02/28/1985,16:00,650,1394,445,1,9,767,1,9,91,1,13,464,1,9,741,1,9,117,1,13,181,1,18,0,A,7,0,A,7,6.1,A,7,-2.8,A,7,53,A,7,984,A,7,220,A,7,8.2,A,7,16100,B,7,77777,A,7,0.9,E,8,0.000,F,8,0.00,?,0,0,1,D,9,00,C,8
02/28/1985,17:00,456,1394,278,1,9,646,1,9,69,1,13,294,1,9,588,1,9,101,1,13,134,1,18,0,A,7,0,A,7,5.6,A,7,-2.8,A,7,55,A,7,984,A,7,230,A,7,10.3,A,7,16100,B,7,77777,A,7,0.9,E,8,0.000,F,8,0.00,?,0,0,1,D,9,00,C,8
02/28/1985,18:00,225,1394,94,1,13,287,1,9,49,1,13,100,1,13,194,1,9,69,1,13,88,1,21,3,A,7,1,A,7,4.4,A,7,-2.8,A,7,60,A,7,984,A,7,230,A,7,10.3,A,7,16100,B,7,77777,A,7,0.9,E,8,0.000,F,8,0.00,?,0,0,1,D,9,00,C,8
02/28/1985,19:00,21,592,12,1,13,25,1,9,9,1,13,0,1,13,0,1,9,0,1,13,0,1,21,0,A,7,0,A,7,3.3,A,7,-3.3,A,7,62,A,7,983,A,7,220,A,7,7.2,A,7,16100,B,7,77777,A,7,0.9,E,8,0.000,F,8,0.00,?,0,0,1,D,9,00,C,8
02/28/1985,20:00,0,0,0,1,0,0,1,0,0,1,0,0,1,0,0,1,0,0,1,0,0,1,0,0,A,7,0,A,7,2.8,A,7,-3.9,A,7,62,A,7,983,A,7,220,A,7,8.2,A,7,16100,B,7,77777,A,7,0.9,E,8,0.000,?,0,0.00,?,0,0,1,D,9,00,C,8
02/28/1985,21:00,0,0,0,1,0,0,1,0,0,1,0,0,1,0,0,1,0,0,1,0,0,1,0,0,A,7,0,A,7,2.2,A,7,-3.9,A,7,64,A,7,983,A,7,220,A,7,8.8,A,7,16100,B,7,77777,A,7,0.8,E,8,0.000,?,0,0.00,?,0,0,1,D,9,00,C,8
02/28/1985,22:00,0,0,0,1,0,0,1,0,0,1,0,0,1,0,0,1,0,0,1,0,0,1,0,0,A,7,0,A,7,2.1,A,7,-4.0,A,7,67,A,7,983,A,7,210,A,7,8.6,A,7,16100,B,7,77777,A,7,0.9,E,8,0.000,?,0,0.00,?,0,0,1,D,9,00,C,8
02/28/1985,23:00,0,0,0,1,0,0,1,0,0,1,0,0,1,0,0,1,0,0,1,0,0,1,0,0,A,7,0,A,7,2.1,A,7,-4.3,A,7,67,A,7,983,A,7,210,A,7,8.5,A,7,16100,B,7,77777,A,7,0.9,E,8,0.000,?,0,0.00,?,0,0,1,D,9,00,C,8
02/28/1985,24:00,0,0,0,1,0,0,1,0,0,1,0,0,1,0,0,1,0,0,1,0,0,1,0,0,A,7,0,A,7,2.0,A,7,-4.5,A,7,70,A,7,982,A,7,210,A,7,8.3,A,7,16100,B,7,77777,A,7,0.9,E,8,0.000,?,0,0.00,?,0,0,1,D,9,00,C,8
03/01/1985,01:00,0,0,0,1,0,0,1,0,0,1,0,0,1,0,0,1,0,0,1,0,0,1,0,0,A,7,0,A,7,1.9,A,7,-4.8,A,7,70,A,7,982,A,7,230,A,7,8.2,A,7,24100,B,7,77777,A,7,0.9,E,8,0.000,?,0,0.00,?,0,0,1,D,9,00,C,8
03/01/1985,02:00,0,0,0,1,0,0,1,0,0,1,0,0,1,0,0,1,0,0,1,0,0,1,0,0,A,7,0,A,7,1.8,A,7,-5.0,A,7,64,A,7,981,A,7,220,A,7,8.0,A,7,24100,B,7,77777,A,7,0.8,E,8,0.000,?,0,0.00,?,0,0,1,D,9,00,C,8
03/01/1985,03:00,0,0,0,1,0,0,1,0,0,1,0,0,1,0,0,1,0,0,1,0,0,1,0,0,A,7,0,A,7,1.8,A,7,-5.3,A,7,64,A,7,981,A,7,220,A,7,7.9,A,7,24100,B,7,77777,A,7,0.8,E,8,0.000,?,0,0.00,?,0,0,1,D,9,00,C,8
03/01/1985,04:00,0,0,0,1,0,0,1,0,0,1,0,0,1,0,0,1,0,0,1,0,0,1,0,0,A,7,0,A,7,1.7,A,7,-5.6,A,7,59,A,7,980,A,7,220,A,7,7.7,A,7,24100,B,7,77777,A,7,0.8,E,8,0.000,?,0,0.00,?,0,0,1,D,9,00,C,8
03/01/1985,05:00,0,0,0,1,0,0,1,0,0,1,0,0,1,0,0,1,0,0,1,0,0,1,0,3,A,7,3,A,7,2.2,A,7,-5.0,A,7,59,A,7,980,A,7,220,A,7,7.7,A,7,24100,B,7,77777,A,7,0.8,E,8,0.000,?,0,0.00,?,0,0,1,D,9,00,C,8
03/01/1985,06:00,0,0,0,1,0,0,1,0,0,1,0,0,1,0,0,1,0,0,1,0,0,1,0,8,A,7,8,A,7,2.2,A,7,-4.4,A,7,62,A,7,980,A,7,220,A,7,7.7,A,7,24100,B,7,3660,A,7,0.8,E,8,0.000,?,0,0.00,?,0,0,1,D,9,00,C,8
03/01/1985,07:00,0,0,0,1,0,0,1,0,0,1,0,0,1,0,0,1,0,0,1,0,0,1,0,7,A,7,5,A,7,2.2,A,7,-3.9,A,7,64,A,7,979,A,7,210,A,7,6.7,A,7,24100,B,7,7620,A,7,0.8,E,8,0.000,?,0,0.00,?,0,0,1,D,9,00,C,8
03/01/1985,08:00,66,1033,13,1,13,17,1,9,11,1,13,14,1,13,8,1,9,13,1,13,23,1,21,10,A,7,10,A,7,2.8,A,7,-3.3,A,7,65,A,7,978,A,7,210,A,7,6.2,A,7,16100,B,7,3050,A,7,0.9,E,8,0.000,F,8,0.00,?,0,0,1,D,9,00,C,8
03/01/1985,09:00,303,1393,43,1,13,5,1,9,42,1,13,51,1,13,1,1,9,50,1,13,168,1,21,10,A,7,10,A,7,3.3,A,7,-5.0,A,7,55,A,7,978,A,7,220,A,7,6.2,A,7,16100,B,7,3050,A,7,0.8,E,8,0.000,F,8,0.00,?,0,0,1,D,9,00,C,8
03/01/1985,10:00,525,1393,172,1,9,4,1,9,171,1,13,192,1,9,3,1,9,191,1,13,601,1,18,10,A,7,10,A,7,3.9,A,7,-3.3,A,7,60,A,7,977,A,7,200,A,7,6.2,A,7,16100,B,7,2440,A,7,0.9,E,8,0.000,F,8,0.00,?,0,0,1,D,9,00,C,8
03/01/1985,11:00,704,1393,268,1,13,108,1,13,214,1,13,293,1,13,111,1,13,237,1,13,535,1,23,7,A,7,7,A,7,6.1,A,7,-2.2,A,7,56,A,7,977,A,7,220,A,7,8.2,A,7,16100,B,7,2440,A,7,0.9,E,8,0.000,F,8,0.00,?,0,0,1,D,9,00,C,8
03/01/1985,12:00,827,1393,289,1,9,91,1,9,235,1,13,318,1,9,92,1,9,264,1,13,771,1,18,10,A,7,10,A,7,6.1,A,7,-2.2,A,7,56,A,7,976,A,7,210,A,7,8.2,A,7,16100,B,7,2440,A,7,0.9,E,8,0.000,F,8,0.00,?,0,0,1,D,9,00,C,8
03/01/1985,13:00,885,1393,185,1,9,4,1,9,183,1,13,219,1,9,3,1,9,217,1,13,846,1,18,10,A,7,10,A,7,6.1,A,7,-1.7,A,7,58,A,7,976,A,7,200,A,7,6.2,A,7,16100,B,7,2130,A,7,1.0,E,8,0.000,F,8,0.00,?,0,0,1,D,9,00,C,8
03/01/1985,14:00,875,1393,164,1,9,13,1,9,155,1,13,195,1,9,10,1,9,189,1,13,736,1,18,10,A,7,10,A,7,5.6,A,7,-0.6,A,7,65,A,7,975,A,7,200,A,7,6.2,A,7,16100,B,7,1160,A,7,1.0,E,8,0.000,F,8,0.00,?,0,0,1,D,9,00,C,8
03/01/1985,15:00,796,1393,161,1,9,11,1,9,154,1,13,189,1,9,8,1,9,185,1,13,702,1,18,10,A,7,10,A,7,4.4,A,7,1.1,A,7,79,A,7,975,A,7,240,A,7,5.7,A,7,4800,B,7,550,A,7,1.1,E,8,0.000,F,8,0.00,?,0,0,1,D,9,61,C,8
03/01/1985,16:00,656,1393,126,1,9,7,1,9,122,1,13,147,1,9,5,1,9,145,1,13,534,1,18,10,A,7,10,A,7,3.3,A,7,2.2,A,7,93,A,7,975,A,7,210,A,7,4.6,A,7,4800,B,7,460,A,7,1.2,E,8,0.000,F,8,0.00,?,0,3,1,D,9,45,C,8
03/01/1985,17:00,462,1393,113,1,9,1,1,9,113,1,13,128,1,9,1,1,9,128,1,13,427,1,18,10,A,7,10,A,7,2.8,A,7,1.7,A,7,93,A,7,975,A,7,230,A,7,6.2,A,7,4800,B,7,370,A,7,1.2,E,8,0.000,F,8,0.00,?,0,3,1,D,9,45,C,8
03/01/1985,18:00,230,1393,26,1,13,1,1,9,26,1,13,31,1,13,0,1,9,31,1,13,103,1,21,10,A,7,10,A,7,2.8,A,7,1.7,A,7,93,A,7,976,A,7,230,A,7,5.7,A,7,3200,B,7,180,A,7,1.2,E,8,0.000,F,8,0.00,?,0,0,1,D,9,45,C,8
03/01/1985,19:00,23,615,5,1,13,0,1,9,5,1,13,0,1,13,0,1,9,0,1,13,0,1,21,10,A,7,10,A,7,2.2,A,7,1.1,A,7,93,A,7,976,A,7,240,A,7,6.2,A,7,2400,B,7,120,A,7,1.1,E,8,0.000,F,8,0.00,?,0,0,1,D,9,45,C,8
03/01/1985,20:00,0,0,0,1,0,0,1,0,0,1,0,0,1,0,0,1,0,0,1,0,0,1,0,10,A,7,10,A,7,2.2,A,7,1.1,A,7,93,A,7,977,A,7,240,A,7,5.2,A,7,2400,B,7,120,A,7,1.1,E,8,0.000,?,0,0.00,?,0,0,1,D,9,45,C,8
03/01/1985,21:00,0,0,0,1,0,0,1,0,0,1,0,0,1,0,0,1,0,0,1,0,0,1,0,10,A,7,10,A,7,2.2,A,7,1.1,A,7,93,A,7,978,A,7,250,A,7,5.2,A,7,2400,B,7,150,A,7,1.1,E,8,0.000,?,0,0.00,?,0,0,1,D,9,45,C,8
03/01/1985,22:00,0,0,0,1,0,0,1,0,0,1,0,0,1,0,0,1,0,0,1,0,0,1,0,10,A,7,10,A,7,2.2,A,7,1.1,A,7,93,A,7,979,A,7,260,A,7,6.7,A,7,2400,B,7,120,A,7,1.1,E,8,0.000,?,0,0.00,?,0,0,1,D,9,45,C,8
03/01/1985,23:00,0,0,0,1,0,0,1,0,0,1,0,0,1,0,0,1,0,0,1,0,0,1,0,10,A,7,10,A,7,2.2,A,7,1.1,A,7,93,A,7,979,A,7,260,A,7,7.7,A,7,2400,B,7,60,A,7,1.1,E,8,0.000,?,0,0.00,?,0,0,1,D,9,45,C,8
03/01/1985,24:00,0,0,0,1,0,0,1,0,0,1,0,0,1,0,0,1,0,0,1,0,0,1,0,10,A,7,10,A,7,1.7,A,7,0.6,A,7,92,A,7,980,A,7,250,A,7,6.2,A,7,4000,B,7,150,A,7,1.1,E,8,0.000,?,0,0.00,?,0,0,1,D,9,45,C,8
03/02/1985,01:00,0,0,0,1,0,0,1,0,0,1,0,0,1,0,0,1,0,0,1,0,0,1,0,4,A,7,4,A,7,1.1,A,7,0.6,A,7,96,A,7,980,A,7,260,A,7,4.6,A,7,4000,B,7,77777,A,7,1.1,E,8,0.000,?,0,0.00,?,0,0,1,D,9,45,C,8
03/02/1985,02:00,0,0,0,1,0,0,1,0,0,1,0,0,1,0,0,1,0,0,1,0,0,1,0,0,A,7,0,A,7,0.0,A,7,-0.6,A,7,96,A,7,981,A,7,300,A,7,4.1,A,7,4000,B,7,77777,A,7,1.0,E,8,0.000,?,0,0.00,?,0,0,1,D,9,45,C,8
03/02/1985,03:00,0,0,0,1,0,0,1,0,0,1,0,0,1,0,0,1,0,0,1,0,0,1,0,9,A,7,9,A,7,1.1,A,7,0.6,A,7,96,A,7,982,A,7,340,A,7,4.1,A,7,6400,B,7,370,A,7,1.1,E,8,0.000,?,0,0.00,?,0,0,1,D,9,45,C,8
03/02/1985,04:00,0,0,0,1,0,0,1,0,0,1,0,0,1,0,0,1,0,0,1,0,0,1,0,0,A,7,0,A,7,0.0,A,7,-1.1,A,7,92,A,7,983,A,7,320,A,7,3.6,A,7,6400,B,7,77777,A,7,1.0,E,8,0.000,?,0,0.00,?,0,0,1,D,9,45,C,8
03/02/1985,05:00,0,0,0,1,0,0,1,0,0,1,0,0,1,0,0,1,0,0,1,0,0,1,0,0,A,7,0,A,7,-1.7,A,7,-2.8,A,7,92,A,7,984,A,7,310,A,7,3.6,A,7,8000,B,7,77777,A,7,0.9,E,8,0.000,?,0,0.00,?,0,0,1,D,9,45,C,8
03/02/1985,06:00,0,0,0,1,0,0,1,0,0,1,0,0,1,0,0,1,0,0,1,0,0,1,0,0,A,7,0,A,7,-2.8,A,7,-3.9,A,7,92,A,7,985,A,7,290,A,7,3.1,A,7,12900,B,7,77777,A,7,0.8,E,8,0.000,?,0,0.00,?,0,0,1,D,9,45,C,8
03/02/1985,07:00,0,0,0,1,0,0,1,0,0,1,0,0,1,0,0,1,0,0,1,0,0,1,0,0,A,7,0,A,7,-2.2,A,7,-3.9,A,7,89,A,7,987,A,7,330,A,7,3.6,A,7,12900,B,7,77777,A,7,0.9,E,8,0.000,?,0,0.00,?,0,0,1,D,9,00,C,8
03/02/1985,08:00,71,1079,29,1,13,105,1,9,19,1,13,28,1,13,44,1,9,25,1,13,33,1,21,0,A,7,0,A,7,-2.2,A,7,-4.4,A,7,85,A,7,988,A,7,310,A,7,3.1,A,7,16100,B,7,77777,A,7,0.8,E,8,0.000,F,8,0.00,?,0,0,1,D,9,00,C,8
03/02/1985,09:00,310,1392,157,1,13,503,1,9,48,1,13,167,1,13,405,1,9,76,1,13,90,1,21,0,A,7,0,A,7,-0.6,A,7,-3.9,A,7,79,A,7,989,A,7,310,A,7,4.6,A,7,16100,B,7,77777,A,7,0.9,E,8,0.000,F,8,0.00,?,0,0,1,D,9,00,C,8
03/02/1985,10:00,533,1392,338,1,9,711,1,9,69,1,13,355,1,9,669,1,9,98,1,13,138,1,18,0,A,7,0,A,7,2.2,A,7,-4.4,A,7,62,A,7,990,A,7,320,A,7,2.6,A,7,16100,B,7,77777,A,7,0.8,E,8,0.000,F,8,0.00,?,0,0,1,D,9,00,C,8
03/02/1985,11:00,711,1392,384,1,13,420,1,13,172,1,13,410,1,13,422,1,13,193,1,13,367,1,23,6,A,7,6,A,7,2.2,A,7,-3.9,A,7,64,A,7,991,A,7,320,A,7,5.2,A,7,16100,B,7,700,A,7,0.8,E,8,0.000,F,8,0.00,?,0,0,1,D,9,00,C,8
03/02/1985,12:00,834,1392,341,1,13,87,1,13,290,1,13,376,1,13,88,1,13,323,1,13,916,1,23,6,A,7,6,A,7,2.2,A,7,-3.9,A,7,64,A,7,992,A,7,320,A,7,6.2,A,7,16100,B,7,700,A,7,0.8,E,8,0.000,F,8,0.00,?,0,0,1,D,9,00,C,8
03/02/1985,13:00,892,1392,378,1,13,192,1,13,255,1,13,417,1,13,203,1,13,287,1,13,719,1,23,6,A,7,6,A,7,2.8,A,7,-5.0,A,7,57,A,7,992,A,7,330,A,7,4.1,A,7,16100,B,7,700,A,7,0.8,E,8,0.000,F,8,0.00,?,0,0,1,D,9,00,C,8
03/02/1985,14:00,881,1392,599,1,13,693,1,13,163,1,13,633,1,13,697,1,13,190,1,13,402,1,23,4,A,7,4,A,7,3.3,A,7,-5.0,A,7,55,A,7,992,A,7,300,A,7,6.2,A,7,24100,B,7,77777,A,7,0.8,E,8,0.000,F,8,0.00,?,0,0,1,D,9,00,C,8
03/02/1985,15:00,803,1392,519,1,13,664,1,13,139,1,13,550,1,13,665,1,13,165,1,13,320,1,23,3,A,7,3,A,7,3.3,A,7,-5.6,A,7,53,A,7,993,A,7,360,A,7,4.1,A,7,24100,B,7,77777,A,7,0.8,E,8,0.000,F,8,0.00,?,0,0,1,D,9,00,C,8
03/02/1985,16:00,662,1392,423,1,13,621,1,13,130,1,13,441,1,13,603,1,13,154,1,13,264,1,23,3,A,7,3,A,7,2.8,A,7,-5.0,A,7,57,A,7,993,A,7,340,A,7,4.1,A,7,24100,B,7,77777,A,7,0.8,E,8,0.000,F,8,0.00,?,0,0,1,D,9,00,C,8
03/02/1985,17:00,468,1392,259,1,9,469,1,9,103,1,13,276,1,9,430,1,9,131,1,13,194,1,18,8,A,7,2,A,7,1.1,A,7,-5.6,A,7,62,A,7,994,A,7,10,A,7,4.1,A,7,24100,B,7,77777,A,7,0.8,E,8,0.000,F,8,0.00,?,0,0,1,D,9,00,C,8
03/02/1985,18:00,236,1392,80,1,13,109,1,13,62,1,13,88,1,13,79,1,13,74,1,13,132,1,23,8,A,7,5,A,7,0.0,A,7,-6.1,A,7,64,A,7,994,A,7,360,A,7,3.6,A,7,24100,B,7,7620,A,7,0.8,E,8,0.000,F,8,0.00,?,0,0,1,D,9,00,C,8
03/02/1985,19:00,25,638,13,1,13,16,1,13,11,1,13,13,1,13,6,1,13,13,1,13,23,1,23,8,A,7,3,A,7,-1.1,A,7,-5.6,A,7,72,A,7,994,A,7,20,A,7,3.1,A,7,24100,B,7,77777,A,7,0.8,E,8,0.000,F,8,0.00,?,0,0,1,D,9,00,C,8
03/02/1985,20:00,0,0,0,1,0,0,1,0,0,1,0,0,1,0,0,1,0,0,1,0,0,1,0,7,A,7,2,A,7,-2.2,A,7,-5.6,A,7,78,A,7,995,A,7,30,A,7,3.1,A,7,24100,B,7,77777,A,7,0.8,E,8,0.000,?,0,0.00,?,0,0,1,D,9,00,C,8
03/02/1985,21:00,0,0,0,1,0,0,1,0,0,1,0,0,1,0,0,1,0,0,1,0,0,1,0,7,A,7,2,A,7,-2.8,A,7,-6.7,A,7,75,A,7,995,A,7,40,A,7,2.6,A,7,24100,B,7,77777,A,7,0.7,E,8,0.000,?,0,0.00,?,0,0,1,D,9,00,C,8
03/02/1985,22:00,0,0,0,1,0,0,1,0,0,1,0,0,1,0,0,1,0,0,1,0,0,1,0,7,A,7,3,A,7,-3.3,A,7,-6.7,A,7,78,A,7,995,A,7,40,A,7,3.6,A,7,24100,B,7,77777,A,7,0.7,E,8,0.000,?,0,0.00,?,0,0,1,D,9,00,C,8
03/02/1985,23:00,0,0,0,1,0,0,1,0,0,1,0,0,1,0,0,1,0,0,1,0,0,1,0,7,A,7,3,A,7,-3.3,A,7,-6.7,A,7,78,A,7,995,A,7,40,A,7,4.1,A,7,24100,B,7,77777,A,7,0.7,E,8,0.000,?,0,0.00,?,0,0,1,D,9,00,C,8
03/02/1985,24:00,0,0,0,1,0,0,1,0,0,1,0,0,1,0,0,1,0,0,1,0,0,1,0,3,A,7,0,A,7,-3.9,A,7,-6.7,A,7,81,A,7,995,A,7,40,A,7,4.1,A,7,24100,B,7,77777,A,7,0.7,E,8,0.000,?,0,0.00,?,0,0,1,D,9,00,C,8
03/03/1985,01:00,0,0,0,1,0,0,1,0,0,1,0,0,1,0,0,1,0,0,1,0,0,1,0,0,A,7,0,A,7,-4.4,A,7,-7.2,A,7,81,A,7,996,A,7,50,A,7,3.1,A,7,24100,B,7,77777,A,7,0.7,E,8,0.000,?,0,0.00,?,0,0,1,D,9,00,C,8
03/03/1985,02:00,0,0,0,1,0,0,1,0,0,1,0,0,1,0,0,1,0,0,1,0,0,1,0,3,A,7,1,A,7,-4.4,A,7,-7.2,A,7,81,A,7,996,A,7,30,A,7,3.1,A,7,24100,B,7,77777,A,7,0.7,E,8,0.000,?,0,0.00,?,0,0,1,D,9,00,C,8
03/03/1985,03:00,0,0,0,1,0,0,1,0,0,1,0,0,1,0,0,1,0,0,1,0,0,1,0,5,A,7,1,A,7,-4.4,A,7,-6.7,A,7,85,A,7,996,A,7,60,A,7,4.6,A,7,24100,B,7,77777,A,7,0.7,E,8,0.000,?,0,0.00,?,0,0,1,D,9,00,C,8
03/03/1985,04:00,0,0,0,1,0,0,1,0,0,1,0,0,1,0,0,1,0,0,1,0,0,1,0,7,A,7,7,A,7,-4.4,A,7,-6.7,A,7,85,A,7,997,A,7,50,A,7,3.6,A,7,24100,B,7,2590,A,7,0.7,E,8,0.000,?,0,0.00,?,0,0,1,D,9,00,C,8
03/03/1985,05:00,0,0,0,1,0,0,1,0,0,1,0,0,1,0,0,1,0,0,1,0,0,1,0,10,A,7,10,A,7,-3.9,A,7,-6.1,A,7,85,A,7,997,A,7,70,A,7,3.1,A,7,24100,B,7,2130,A,7,0.8,E,8,0.000,?,0,0.00,?,0,0,1,D,9,00,C,8
03/03/1985,06:00,0,0,0,1,0,0,1,0,0,1,0,0,1,0,0,1,0,0,1,0,0,1,0,10,A,7,10,A,7,-3.9,A,7,-6.1,A,7,85,A,7,998,A,7,60,A,7,3.6,A,7,16100,B,7,2130,A,7,0.8,E,8,0.000,?,0,0.00,?,0,0,1,D,9,00,C,8
03/03/1985,07:00,0,0,0,1,0,0,1,0,0,1,0,0,1,0,0,1,0,0,1,0,0,1,0,10,A,7,9,A,7,-3.9,A,7,-6.1,A,7,85,A,7,998,A,7,60,A,7,5.7,A,7,16100,B,7,2130,A,7,0.8,E,8,0.000,?,0,0.00,?,0,0,1,D,9,00,C,8
03/03/1985,08:00,77,1102,16,1,13,1,1,9,16,1,13,19,1,13,0,1,9,19,1,13,58,1,21,10,A,7,10,A,7,-3.9,A,7,-7.2,A,7,78,A,7,998,A,7,60,A,7,5.2,A,7,16100,B,7,4270,A,7,0.7,E,8,0.000,F,8,0.00,?,0,0,1,D,9,00,C,8
03/03/1985,09:00,318,1392,90,1,13,4,1,9,89,1,13,100,1,13,2,1,9,99,1,13,300,1,21,10,A,7,10,A,7,-3.9,A,7,-7.8,A,7,75,A,7,998,A,7,70,A,7,5.2,A,7,16100,B,7,2130,A,7,0.7,E,8,0.000,F,8,0.00,?,0,0,1,D,9,00,C,8
03/03/1985,10:00,540,1392,177,1,9,7,1,9,174,1,13,197,1,9,6,1,9,195,1,13,618,1,18,10,A,7,10,A,7,-3.3,A,7,-7.2,A,7,75,A,7,998,A,7,70,A,7,5.7,A,7,16100,B,7,1520,A,7,0.7,E,8,0.000,F,8,0.00,?,0,0,1,D,9,00,C,8
03/03/1985,11:00,719,1392,408,1,13,555,1,13,124,1,13,431,1,13,549,1,13,147,1,13,267,1,23,5,A,7,5,A,7,-1.1,A,7,-6.7,A,7,66,A,7,997,A,7,70,A,7,5.7,A,7,24100,B,7,77777,A,7,0.7,E,8,0.000,F,8,0.00,?,0,0,1,D,9,00,C,8
03/03/1985,12:00,841,1392,321,1,13,159,1,13,225,1,13,355,1,13,167,1,13,254,1,13,611,1,23,7,A,7,6,A,7,-0.6,A,7,-6.1,A,7,67,A,7,997,A,7,70,A,7,7.7,A,7,24100,B,7,7620,A,7,0.8,E,8,0.000,F,8,0.00,?,0,0,1,D,9,00,C,8
03/03/1985,13:00,899,1392,446,1,13,361,1,13,214,1,13,479,1,13,373,1,13,237,1,13,541,1,23,7,A,7,5,A,7,1.1,A,7,-5.6,A,7,62,A,7,996,A,7,90,A,7,5.7,A,7,24100,B,7,7620,A,7,0.8,E,8,0.000,F,8,0.00,?,0,0,1,D,9,00,C,8
03/03/1985,14:00,888,1392,420,1,9,176,1,9,309,1,13,459,1,9,185,1,9,340,1,13,869,1,18,10,A,7,8,A,7,0.6,A,7,-5.0,A,7,67,A,7,996,A,7,70,A,7,5.2,A,7,24100,B,7,760,A,7,0.8,E,8,0.000,F,8,0.00,?,0,0,1,D,9,00,C,8
03/03/1985,15:00,809,1392,270,1,9,31,1,9,252,1,13,297,1,9,31,1,9,279,1,13,803,1,18,10,A,7,10,A,7,0.6,A,7,-6.1,A,7,61,A,7,995,A,7,90,A,7,7.2,A,7,24100,B,7,760,A,7,0.8,E,8,0.000,F,8,0.00,?,0,0,1,D,9,00,C,8
03/03/1985,16:00,668,1392,182,1,9,11,1,9,177,1,13,208,1,9,9,1,9,204,1,13,713,1,18,10,A,7,10,A,7,0.0,A,7,-6.1,A,7,64,A,7,994,A,7,90,A,7,8.2,A,7,24100,B,7,2740,A,7,0.8,E,8,0.000,F,8,0.00,?,0,0,1,D,9,00,C,8
03/03/1985,17:00,474,1392,116,1,9,10,1,9,113,1,13,132,1,9,6,1,9,130,1,13,432,1,18,10,A,7,10,A,7,-0.6,A,7,-5.0,A,7,72,A,7,994,A,7,100,A,7,7.7,A,7,24100,B,7,2740,A,7,0.8,E,8,0.000,F,8,0.00,?,0,0,1,D,9,00,C,8
03/03/1985,18:00,241,1392,69,1,13,5,1,9,69,1,13,77,1,13,2,1,9,77,1,13,222,1,21,10,A,7,10,A,7,-1.1,A,7,-5.6,A,7,72,A,7,993,A,7,70,A,7,9.3,A,7,24100,B,7,2740,A,7,0.8,E,8,0.000,F,8,0.00,?,0,0,1,D,9,00,C,8
03/03/1985,19:00,27,661,10,1,13,1,1,9,10,1,13,12,1,13,0,1,9,12,1,13,36,1,21,10,A,7,10,A,7,-2.2,A,7,-6.1,A,7,75,A,7,993,A,7,80,A,7,10.3,A,7,16100,B,7,2740,A,7,0.8,E,8,0.000,F,8,0.00,?,0,0,1,D,9,00,C,8
03/03/1985,20:00,0,0,0,1,0,0,1,0,0,1,0,0,1,0,0,1,0,0,1,0,0,1,0,10,A,7,10,A,7,-2.2,A,7,-5.6,A,7,78,A,7,992,A,7,70,A,7,11.8,A,7,16100,B,7,2440,A,7,0.8,E,8,0.000,?,0,0.00,?,0,0,1,D,9,00,C,8
03/03/1985,21:00,0,0,0,1,0,0,1,0,0,1,0,0,1,0,0,1,0,0,1,0,0,1,0,10,A,7,10,A,7,-2.8,A,7,-6.1,A,7,78,A,7,992,A,7,80,A,7,9.8,A,7,16100,B,7,2440,A,7,0.8,E,8,0.000,?,0,0.00,?,0,0,1,D,9,00,C,8
03/03/1985,22:00,0,0,0,1,0,0,1,0,0,1,0,0,1,0,0,1,0,0,1,0,0,1,0,10,A,7,10,A,7,-2.8,A,7,-6.1,A,7,78,A,7,990,A,7,80,A,7,12.4,A,7,16100,B,7,910,A,7,0.7,E,8,0.000,?,0,0.00,?,0,0,1,D,9,00,C,8
03/03/1985,23:00,0,0,0,1,0,0,1,0,0,1,0,0,1,0,0,1,0,0,1,0,0,1,0,10,A,7,10,A,7,-3.9,A,7,-5.6,A,7,88,A,7,988,A,7,70,A,7,10.8,A,7,4800,B,7,460,A,7,0.8,E,8,0.000,?,0,0.00,?,0,0,1,D,9,00,C,8
03/03/1985,24:00,0,0,0,1,0,0,1,0,0,1,0,0,1,0,0,1,0,0,1,0,0,1,0,10,A,7,10,A,7,-5.0,A,7,-6.7,A,7,88,A,7,988,A,7,90,A,7,11.8,A,7,800,B,7,240,A,7,0.7,E,8,0.000,?,0,0.00,?,0,0,1,D,9,71,C,8
03/04/1985,01:00,0,0,0,1,0,0,1,0,0,1,0,0,1,0,0,1,0,0,1,0,0,1,0,10,A,7,10,A,7,-5.0,A,7,-6.7,A,7,88,A,7,986,A,7,70,A,7,9.3,A,7,800,B,7,180,A,7,0.7,E,8,0.000,?,0,0.00,?,0,0,1,D,9,38,C,8
03/04/1985,02:00,0,0,0,1,0,0,1,0,0,1,0,0,1,0,0,1,0,0,1,0,0,1,0,10,A,7,10,A,7,-5.6,A,7,-6.7,A,7,92,A,7,985,A,7,70,A,7,9.8,A,7,400,B,7,90,A,7,0.7,E,8,0.000,?,0,0.00,?,0,0,1,D,9,38,C,8
03/04/1985,03:00,0,0,0,1,0,0,1,0,0,1,0,0,1,0,0,1,0,0,1,0,0,1,0,10,A,7,10,A,7,-6.1,A,7,-6.7,A,7,96,A,7,983,A,7,70,A,7,9.8,A,7,800,B,7,120,A,7,0.7,E,8,0.000,?,0,0.00,?,0,0,1,D,9,38,C,8
03/04/1985,04:00,0,0,0,1,0,0,1,0,0,1,0,0,1,0,0,1,0,0,1,0,0,1,0,10,A,7,10,A,7,-6.1,A,7,-6.7,A,7,96,A,7,982,A,7,90,A,7,9.3,A,7,1600,B,7,270,A,7,0.7,E,8,0.000,?,0,0.00,?,0,0,1,D,9,38,C,8
03/04/1985,05:00,0,0,0,1,0,0,1,0,0,1,0,0,1,0,0,1,0,0,1,0,0,1,0,10,A,7,10,A,7,-6.1,A,7,-6.7,A,7,96,A,7,980,A,7,70,A,7,7.7,A,7,1600,B,7,520,A,7,0.7,E,8,0.000,?,0,0.00,?,0,0,1,D,9,71,C,8
03/04/1985,06:00,0,0,0,1,0,0,1,0,0,1,0,0,1,0,0,1,0,0,1,0,0,1,0,10,A,7,10,A,7,-5.6,A,7,-6.7,A,7,92,A,7,980,A,7,70,A,7,7.2,A,7,1600,B,7,400,A,7,0.7,E,8,0.000,?,0,0.00,?,0,0,1,D,9,66,C,8
03/04/1985,07:00,0,0,0,1,0,0,1,0,0,1,0,0,1,0,0,1,0,0,1,0,0,1,0,10,A,7,10,A,7,-3.3,A,7,-4.4,A,7,92,A,7,976,A,7,90,A,7,7.7,A,7,1600,B,7,210,A,7,0.8,E,8,0.000,?,0,0.00,?,0,0,1,D,9,45,C,8
03/04/1985,08:00,82,1147,13,1,13,0,1,9,13,1,13,15,1,13,0,1,9,15,1,13,49,1,21,10,A,7,10,A,7,-0.6,A,7,-1.1,A,7,96,A,7,974,A,7,90,A,7,8.8,A,7,4000,B,7,270,A,7,1.0,E,8,0.000,F,8,0.00,?,0,0,1,D,9,45,C,8
03/04/1985,09:00,325,1391,56,1,13,3,1,9,56,1,13,65,1,13,1,1,9,65,1,13,217,1,21,10,A,7,10,A,7,-1.1,A,7,-1.7,A,7,96,A,7,972,A,7,100,A,7,6.2,A,7,2000,B,7,210,A,7,1.0,E,8,0.000,F,8,0.00,?,0,0,1,D,9,45,C,8
03/04/1985,10:00,547,1391,111,1,9,3,1,9,110,1,13,129,1,9,2,1,9,128,1,13,454,1,18,10,A,7,10,A,7,-0.6,A,7,-1.1,A,7,96,A,7,971,A,7,100,A,7,4.6,A,7,2000,B,7,210,A,7,1.0,E,8,0.000,F,8,0.00,?,0,0,1,D,9,45,C,8
03/04/1985,11:00,726,1391,162,1,9,3,1,9,161,1,13,189,1,9,2,1,9,188,1,13,696,1,18,10,A,7,10,A,7,0.0,A,7,-0.6,A,7,96,A,7,969,A,7,90,A,7,4.1,A,7,2000,B,7,180,A,7,1.0,E,8,0.000,F,8,0.00,?,0,0,1,D,9,45,C,8
03/04/1985,12:00,848,1391,205,1,9,1,1,9,204,1,13,239,1,9,1,1,9,238,1,13,901,1,18,10,A,7,10,A,7,0.6,A,7,0.0,A,7,96,A,7,968,A,7,100,A,7,2.6,A,7,2000,B,7,180,A,7,1.0,E,8,0.000,F,8,0.00,?,0,0,1,D,9,45,C,8
03/04/1985,13:00,905,1391,232,1,9,2,1,9,231,1,13,271,1,9,2,1,9,270,1,13,1023,1,18,10,A,7,10,A,7,0.6,A,7,0.0,A,7,96,A,7,967,A,7,110,A,7,2.6,A,7,1600,B,7,150,A,7,1.0,E,8,0.000,F,8,0.00,?,0,69,1,D,9,45,C,8
03/04/1985,14:00,894,1391,237,1,9,1,1,9,236,1,13,275,1,9,1,1,9,274,1,13,1032,1,18,10,A,7,10,A,7,2.8,A,7,2.2,A,7,96,A,7,965,A,7,150,A,7,3.1,A,7,1600,B,7,120,A,7,1.2,E,8,0.000,F,8,0.00,?,0,5,1,D,9,45,C,8
03/04/1985,15:00,815,1391,212,1,9,1,1,9,212,1,13,246,1,9,1,1,9,245,1,13,908,1,18,10,A,7,10,A,7,6.1,A,7,5.6,A,7,96,A,7,963,A,7,180,A,7,5.2,A,7,1600,B,7,120,A,7,1.4,E,8,0.000,F,8,0.00,?,0,0,1,D,9,45,C,8
03/04/1985,16:00,674,1391,168,1,9,1,1,9,167,1,13,192,1,9,1,1,9,192,1,13,688,1,18,10,A,7,10,A,7,8.3,A,7,7.8,A,7,96,A,7,964,A,7,220,A,7,9.3,A,7,4800,B,7,550,A,7,1.6,E,8,0.000,F,8,0.00,?,0,13,1,D,9,45,C,8
03/04/1985,17:00,479,1391,194,1,9,1,1,9,193,1,13,211,1,9,1,1,9,210,1,13,595,1,18,10,A,7,10,A,7,7.8,A,7,4.4,A,7,80,A,7,965,A,7,220,A,7,7.2,A,7,12900,B,7,550,A,7,1.4,E,8,0.000,F,8,0.00,?,0,0,1,D,9,45,C,8
03/04/1985,18:00,247,1391,91,1,13,111,1,13,72,1,13,99,1,13,82,1,13,85,1,13,154,1,23,7,A,7,7,A,7,7.8,A,7,4.4,A,7,80,A,7,964,A,7,210,A,7,8.2,A,7,12900,B,7,3050,A,7,1.4,E,8,0.000,F,8,0.00,?,0,0,1,D,9,00,C,8
03/04/1985,19:00,30,707,5,1,13,7,1,9,4,1,13,5,1,13,3,1,9,5,1,13,8,1,21,8,A,7,8,A,7,6.7,A,7,4.4,A,7,86,A,7,966,A,7,270,A,7,10.3,A,7,9700,B,7,580,A,7,1.4,E,8,0.000,F,8,0.00,?,0,0,1,D,9,00,C,8
03/04/1985,20:00,0,0,0,1,0,0,1,0,0,1,0,0,1,0,0,1,0,0,1,0,0,1,0,10,A,7,10,A,7,3.9,A,7,1.1,A,7,82,A,7,968,A,7,270,A,7,11.3,A,7,12900,B,7,760,A,7,1.1,E,8,0.000,?,0,0.00,?,0,0,1,D,9,80,C,8
03/04/1985,21:00,0,0,0,1,0,0,1,0,0,1,0,0,1,0,0,1,0,0,1,0,0,1,0,10,A,7,10,A,7,1.7,A,7,-1.7,A,7,79,A,7,970,A,7,270,A,7,14.9,A,7,16100,B,7,760,A,7,1.0,E,8,0.000,?,0,0.00,?,0,0,1,D,9,00,C,8
03/04/1985,22:00,0,0,0,1,0,0,1,0,0,1,0,0,1,0,0,1,0,0,1,0,0,1,0,10,A,7,10,A,7,0.6,A,7,-3.9,A,7,73,A,7,970,A,7,240,A,7,17.0,A,7,16100,B,7,850,A,7,0.8,E,8,0.000,?,0,0.00,?,0,0,1,D,9,00,C,8
03/04/1985,23:00,0,0,0,1,0,0,1,0,0,1,0,0,1,0,0,1,0,0,1,0,0,1,0,10,A,7,10,A,7,0.0,A,7,-5.0,A,7,69,A,7,971,A,7,250,A,7,12.9,A,7,16100,B,7,910,A,7,0.8,E,8,0.000,?,0,0.00,?,0,0,1,D,9,00,C,8
03/04/1985,24:00,0,0,0,1,0,0,1,0,0,1,0,0,1,0,0,1,0,0,1,0,0,1,0,10,A,7,10,A,7,-1.1,A,7,-5.6,A,7,72,A,7,971,A,7,250,A,7,13.4,A,7,11300,B,7,760,A,7,0.8,E,8,0.000,?,0,0.00,?,0,0,1,D,9,00,C,8
03/05/1985,01:00,0,0,0,1,0,0,1,0,0,1,0,0,1,0,0,1,0,0,1,0,0,1,0,10,A,7,10,A,7,-1.1,A,7,-6.7,A,7,66,A,7,972,A,7,230,A,7,10.3,A,7,19300,B,7,850,A,7,0.7,E,8,0.000,?,0,0.00,?,0,0,1,D,9,85,C,8
03/05/1985,02:00,0,0,0,1,0,0,1,0,0,1,0,0,1,0,0,1,0,0,1,0,0,1,0,10,A,7,10,A,7,-1.7,A,7,-7.2,A,7,66,A,7,973,A,7,240,A,7,12.4,A,7,12900,B,7,850,A,7,0.7,E,8,0.000,?,0,0.00,?,0,0,1,D,9,85,C,8
03/05/1985,03:00,0,0,0,1,0,0,1,0,0,1,0,0,1,0,0,1,0,0,1,0,0,1,0,10,A,7,10,A,7,-2.2,A,7,-6.7,A,7,72,A,7,974,A,7,250,A,7,12.9,A,7,19300,B,7,850,A,7,0.7,E,8,0.000,?,0,0.00,?,0,0,1,D,9,85,C,8
03/05/1985,04:00,0,0,0,1,0,0,1,0,0,1,0,0,1,0,0,1,0,0,1,0,0,1,0,10,A,7,10,A,7,-2.8,A,7,-8.3,A,7,66,A,7,974,A,7,250,A,7,14.4,A,7,9700,B,7,760,A,7,0.7,E,8,0.000,?,0,0.00,?,0,0,1,D,9,85,C,8
03/05/1985,05:00,0,0,0,1,0,0,1,0,0,1,0,0,1,0,0,1,0,0,1,0,0,1,0,10,A,7,10,A,7,-3.3,A,7,-8.3,A,7,69,A,7,976,A,7,250,A,7,13.9,A,7,12900,B,7,850,A,7,0.7,E,8,0.000,?,0,0.00,?,0,0,1,D,9,85,C,8
03/05/1985,06:00,0,0,0,1,0,0,1,0,0,1,0,0,1,0,0,1,0,0,1,0,0,1,0,10,A,7,10,A,7,-3.9,A,7,-7.8,A,7,75,A,7,977,A,7,250,A,7,12.4,A,7,6400,B,7,760,A,7,0.7,E,8,0.000,?,0,0.00,?,0,0,1,D,9,85,C,8
03/05/1985,07:00,0,0,0,1,0,0,1,0,0,1,0,0,1,0,0,1,0,0,1,0,0,1,0,10,A,7,10,A,7,-3.9,A,7,-7.8,A,7,75,A,7,978,A,7,250,A,7,10.3,A,7,4000,B,7,760,A,7,0.7,E,8,0.000,?,0,0.00,?,0,0,1,D,9,85,C,8
03/05/1985,08:00,88,1193,16,1,13,3,1,9,16,1,13,19,1,13,0,1,9,19,1,13,59,1,21,10,A,7,10,A,7,-3.9,A,7,-7.2,A,7,78,A,7,978,A,7,250,A,7,11.8,A,7,4000,B,7,760,A,7,0.7,E,8,0.000,F,8,0.00,?,0,0,1,D,9,85,C,8
03/05/1985,09:00,332,1390,89,1,13,1,1,9,89,1,13,99,1,13,0,1,9,99,1,13,307,1,21,10,A,7,10,A,7,-4.4,A,7,-7.8,A,7,78,A,7,981,A,7,280,A,7,15.4,A,7,11300,B,7,760,A,7,0.7,E,8,0.000,F,8,0.00,?,0,0,1,D,9,85,C,8
03/05/1985,10:00,554,1390,172,1,9,8,1,9,169,1,13,193,1,9,6,1,9,190,1,13,619,1,18,10,A,7,10,A,7,-4.4,A,7,-8.9,A,7,72,A,7,983,A,7,280,A,7,11.8,A,7,9700,B,7,550,A,7,0.6,E,8,0.000,F,8,0.00,?,0,0,1,D,9,85,C,8
03/05/1985,11:00,733,1390,264,1,9,4,1,9,262,1,13,296,1,9,4,1,9,294,1,13,972,1,18,10,A,7,10,A,7,-4.4,A,7,-8.9,A,7,72,A,7,984,A,7,290,A,7,10.3,A,7,9700,B,7,700,A,7,0.6,E,8,0.000,F,8,0.00,?,0,0,1,D,9,85,C,8
03/05/1985,12:00,855,1390,306,1,9,9,1,9,301,1,13,347,1,9,9,1,9,342,1,13,1178,1,18,10,A,7,10,A,7,-3.3,A,7,-8.9,A,7,66,A,7,985,A,7,290,A,7,9.3,A,7,11300,B,7,760,A,7,0.6,E,8,0.000,F,8,0.00,?,0,0,1,D,9,85,C,8
03/05/1985,13:00,912,1390,361,1,9,63,1,9,320,1,13,397,1,9,64,1,9,355,1,13,1064,1,18,9,A,7,9,A,7,-2.8,A,7,-11.1,A,7,53,A,7,987,A,7,300,A,7,11.3,A,7,16100,B,7,850,A,7,0.6,E,8,0.000,F,8,0.00,?,0,0,1,D,9,00,C,8
03/05/1985,14:00,900,1390,386,1,9,106,1,9,318,1,13,425,1,9,108,1,9,355,1,13,1048,1,18,9,A,7,9,A,7,-2.8,A,7,-11.7,A,7,51,A,7,988,A,7,290,A,7,11.3,A,7,16100,B,7,980,A,7,0.6,E,8,0.000,F,8,0.00,?,0,0,1,D,9,00,C,8
03/05/1985,15:00,821,1390,288,1,9,28,1,9,271,1,13,326,1,9,26,1,9,311,1,13,1075,1,18,10,A,7,10,A,7,-3.3,A,7,-12.2,A,7,51,A,7,990,A,7,300,A,7,12.4,A,7,16100,B,7,980,A,7,0.5,E,8,0.000,F,8,0.00,?,0,0,1,D,9,00,C,8
03/05/1985,16:00,679,1390,219,1,9,82,1,9,179,1,13,241,1,9,81,1,9,201,1,13,548,1,18,9,A,7,9,A,7,-4.4,A,7,-10.6,A,7,63,A,7,991,A,7,290,A,7,10.3,A,7,16100,B,7,910,A,7,0.6,E,8,0.000,F,8,0.00,?,0,0,1,D,9,00,C,8
03/05/1985,17:00,485,1390,150,1,9,46,1,9,134,1,13,165,1,9,43,1,9,150,1,13,367,1,18,9,A,7,9,A,7,-5.0,A,7,-9.4,A,7,71,A,7,993,A,7,300,A,7,10.3,A,7,16100,B,7,1070,A,7,0.6,E,8,0.000,F,8,0.00,?,0,0,1,D,9,00,C,8
03/05/1985,18:00,252,1390,112,1,13,187,1,13,79,1,13,118,1,13,133,1,13,93,1,13,156,1,23,7,A,7,7,A,7,-5.0,A,7,-8.9,A,7,75,A,7,994,A,7,300,A,7,6.7,A,7,9700,B,7,910,A,7,0.6,E,8,0.000,F,8,0.00,?,0,0,1,D,9,00,C,8
03/05/1985,19:00,33,730,18,1,13,9,1,9,17,1,13,19,1,13,5,1,9,19,1,13,40,1,21,8,A,7,8,A,7,-5.6,A,7,-8.9,A,7,78,A,7,995,A,7,310,A,7,5.2,A,7,11300,B,7,910,A,7,0.6,E,8,0.000,F,8,0.00,?,0,0,1,D,9,85,C,8
03/05/1985,20:00,0,0,0,1,0,0,1,0,0,1,0,0,1,0,0,1,0,0,1,0,0,1,0,9,A,7,9,A,7,-5.6,A,7,-9.4,A,7,74,A,7,997,A,7,320,A,7,6.2,A,7,24100,B,7,910,A,7,0.6,E,8,0.000,?,0,0.00,?,0,0,1,D,9,85,C,8
03/05/1985,21:00,0,0,0,1,0,0,1,0,0,1,0,0,1,0,0,1,0,0,1,0,0,1,0,8,A,7,8,A,7,-6.1,A,7,-10.0,A,7,74,A,7,998,A,7,350,A,7,5.2,A,7,24100,B,7,850,A,7,0.6,E,8,0.000,?,0,0.00,?,0,0,1,D,9,00,C,8
03/05/1985,22:00,0,0,0,1,0,0,1,0,0,1,0,0,1,0,0,1,0,0,1,0,0,1,0,3,A,7,3,A,7,-7.2,A,7,-10.6,A,7,77,A,7,1000,A,7,350,A,7,4.6,A,7,24100,B,7,77777,A,7,0.6,E,8,0.000,?,0,0.00,?,0,0,1,D,9,85,C,8
03/05/1985,23:00,0,0,0,1,0,0,1,0,0,1,0,0,1,0,0,1,0,0,1,0,0,1,0,0,A,7,0,A,7,-7.8,A,7,-11.1,A,7,77,A,7,1000,A,7,320,A,7,3.1,A,7,24100,B,7,77777,A,7,0.6,E,8,0.000,?,0,0.00,?,0,0,1,D,9,00,C,8
03/05/1985,24:00,0,0,0,1,0,0,1,0,0,1,0,0,1,0,0,1,0,0,1,0,0,1,0,0,A,7,0,A,7,-8.3,A,7,-10.6,A,7,84,A,7,1001,A,7,350,A,7,3.1,A,7,24100,B,7,77777,A,7,0.6,E,8,0.000,?,0,0.00,?,0,0,1,D,9,00,C,8
03/06/1985,01:00,0,0,0,1,0,0,1,0,0,1,0,0,1,0,0,1,0,0,1,0,0,1,0,0,A,7,0,A,7,-9.4,A,7,-12.8,A,7,77,A,7,1002,A,7,300,A,7,3.1,A,7,24100,B,7,77777,A,7,0.5,E,8,0.000,?,0,0.00,?,0,0,1,D,9,00,C,8
03/06/1985,02:00,0,0,0,1,0,0,1,0,0,1,0,0,1,0,0,1,0,0,1,0,0,1,0,0,A,7,0,A,7,-9.4,A,7,-12.2,A,7,81,A,7,1003,A,7,320,A,7,2.6,A,7,24100,B,7,77777,A,7,0.5,E,8,0.000,?,0,0.00,?,0,0,1,D,9,00,C,8
03/06/1985,03:00,0,0,0,1,0,0,1,0,0,1,0,0,1,0,0,1,0,0,1,0,0,1,0,0,A,7,0,A,7,-10.0,A,7,-12.2,A,7,84,A,7,1003,A,7,300,A,7,2.1,A,7,24100,B,7,77777,A,7,0.5,E,8,0.000,?,0,0.00,?,0,0,1,D,9,00,C,8
03/06/1985,04:00,0,0,0,1,0,0,1,0,0,1,0,0,1,0,0,1,0,0,1,0,0,1,0,0,A,7,0,A,7,-11.1,A,7,-12.8,A,7,88,A,7,1003,A,7,310,A,7,2.6,A,7,24100,B,7,77777,A,7,0.5,E,8,0.000,?,0,0.00,?,0,0,1,D,9,00,C,8
03/06/1985,05:00,0,0,0,1,0,0,1,0,0,1,0,0,1,0,0,1,0,0,1,0,0,1,0,0,A,7,0,A,7,-10.0,A,7,-11.7,A,7,88,A,7,1003,A,7,340,A,7,2.1,A,7,24100,B,7,77777,A,7,0.6,E,8,0.000,?,0,0.00,?,0,0,1,D,9,00,C,8
03/06/1985,06:00,0,0,0,1,0,0,1,0,0,1,0,0,1,0,0,1,0,0,1,0,0,1,0,0,A,7,0,A,7,-11.1,A,7,-12.8,A,7,88,A,7,1004,A,7,260,A,7,3.1,A,7,24100,B,7,77777,A,7,0.5,E,8,0.000,?,0,0.00,?,0,0,1,D,9,00,C,8
03/06/1985,07:00,0,0,0,1,0,0,1,0,0,1,0,0,1,0,0,1,0,0,1,0,0,1,0,0,A,7,0,A,7,-11.1,A,7,-12.8,A,7,88,A,7,1005,A,7,360,A,7,1.5,A,7,24100,B,7,77777,A,7,0.5,E,8,0.000,?,0,0.00,?,0,0,1,D,9,00,C,8
03/06/1985,08:00,94,1216,30,1,13,33,1,9,27,1,13,33,1,13,16,1,9,31,1,13,56,1,21,0,A,7,0,A,7,-11.1,A,7,-12.8,A,7,88,A,7,1005,A,7,0,A,7,0.0,A,7,24100,B,7,77777,A,7,0.5,E,8,0.000,F,8,0.00,?,0,0,1,D,9,00,C,8
03/06/1985,09:00,339,1389,158,1,13,332,1,9,79,1,13,168,1,13,272,1,9,101,1,13,145,1,21,0,A,7,0,A,7,-8.3,A,7,-11.7,A,7,77,A,7,1007,A,7,260,A,7,1.5,A,7,24100,B,7,77777,A,7,0.6,E,8,0.000,F,8,0.00,?,0,0,1,D,9,00,C,8
03/06/1985,10:00,562,1389,336,1,9,538,1,9,121,1,13,361,1,9,518,1,9,150,1,13,235,1,18,0,A,7,0,A,7,-6.1,A,7,-9.4,A,7,78,A,7,1007,A,7,0,A,7,0.0,A,7,24100,B,7,77777,A,7,0.6,E,8,0.000,F,8,0.00,?,0,0,1,D,9,00,C,8
03/06/1985,11:00,740,1389,496,1,9,650,1,9,153,1,13,518,1,9,639,1,9,176,1,13,325,1,18,0,A,7,0,A,7,-3.9,A,7,-8.3,A,7,72,A,7,1007,A,7,0,A,7,0.0,A,7,24100,B,7,77777,A,7,0.7,E,8,0.000,F,8,0.00,?,0,0,1,D,9,00,C,8
03/06/1985,12:00,862,1389,609,1,9,708,1,9,173,1,13,639,1,9,708,1,9,199,1,13,413,1,18,0,A,7,0,A,7,-2.2,A,7,-8.9,A,7,61,A,7,1007,A,7,340,A,7,1.5,A,7,24100,B,7,77777,A,7,0.7,E,8,0.000,F,8,0.00,?,0,0,1,D,9,00,C,8
03/06/1985,13:00,919,1389,665,1,9,733,1,9,182,1,13,699,1,9,737,1,9,210,1,13,465,1,18,0,A,7,0,A,7,-2.2,A,7,-8.9,A,7,61,A,7,1007,A,7,220,A,7,2.6,A,7,24100,B,7,77777,A,7,0.7,E,8,0.000,F,8,0.00,?,0,0,1,D,9,00,C,8
03/06/1985,14:00,907,1389,659,1,9,737,1,9,181,1,13,693,1,9,740,1,9,209,1,13,456,1,18,0,A,7,0,A,7,-1.7,A,7,-9.4,A,7,56,A,7,1006,A,7,110,A,7,2.1,A,7,24100,B,7,77777,A,7,0.6,E,8,0.000,F,8,0.00,?,0,0,1,D,9,00,C,8
03/06/1985,15:00,827,1389,582,1,9,700,1,9,168,1,13,610,1,9,697,1,9,193,1,13,386,1,18,0,A,7,0,A,7,-1.7,A,7,-9.4,A,7,56,A,7,1005,A,7,170,A,7,5.2,A,7,24100,B,7,77777,A,7,0.6,E,8,0.000,F,8,0.00,?,0,0,1,D,9,00,C,8
03/06/1985,16:00,685,1389,450,1,9,626,1,9,144,1,13,468,1,9,609,1,9,167,1,13,293,1,18,0,A,7,0,A,7,-1.1,A,7,-8.9,A,7,56,A,7,1004,A,7,150,A,7,5.7,A,7,24100,B,7,77777,A,7,0.7,E,8,0.000,F,8,0.00,?,0,0,1,D,9,00,C,8
03/06/1985,17:00,491,1389,281,1,9,474,1,9,116,1,13,298,1,9,441,1,9,142,1,13,222,1,18,2,A,7,0,A,7,-1.1,A,7,-7.8,A,7,61,A,7,1004,A,7,180,A,7,5.7,A,7,24100,B,7,77777,A,7,0.7,E,8,0.000,F,8,0.00,?,0,0,1,D,9,00,C,8
03/06/1985,18:00,257,1389,100,1,13,206,1,9,63,1,13,107,1,13,148,1,9,80,1,13,118,1,21,3,A,7,1,A,7,-1.7,A,7,-7.8,A,7,64,A,7,1003,A,7,150,A,7,5.2,A,7,24100,B,7,77777,A,7,0.7,E,8,0.000,F,8,0.00,?,0,0,1,D,9,00,C,8
03/06/1985,19:00,35,753,12,1,13,3,1,9,12,1,13,14,1,13,0,1,9,14,1,13,43,1,21,6,A,7,2,A,7,-2.2,A,7,-7.8,A,7,66,A,7,1002,A,7,160,A,7,5.7,A,7,24100,B,7,77777,A,7,0.7,E,8,0.000,F,8,0.00,?,0,0,1,D,9,00,C,8
03/06/1985,20:00,0,0,0,1,0,0,1,0,0,1,0,0,1,0,0,1,0,0,1,0,0,1,0,7,A,7,3,A,7,-3.3,A,7,-7.2,A,7,75,A,7,1002,A,7,150,A,7,4.6,A,7,24100,B,7,77777,A,7,0.7,E,8,0.000,?,0,0.00,?,0,0,1,D,9,00,C,8
03/06/1985,21:00,0,0,0,1,0,0,1,0,0,1,0,0,1,0,0,1,0,0,1,0,0,1,0,10,A,7,5,A,7,-3.9,A,7,-7.2,A,7,78,A,7,1002,A,7,140,A,7,7.2,A,7,24100,B,7,77777,A,7,0.7,E,8,0.000,?,0,0.00,?,0,0,1,D,9,00,C,8
03/06/1985,22:00,0,0,0,1,0,0,1,0,0,1,0,0,1,0,0,1,0,0,1,0,0,1,0,10,A,7,4,A,7,-3.9,A,7,-7.2,A,7,78,A,7,1001,A,7,160,A,7,7.2,A,7,24100,B,7,77777,A,7,0.7,E,8,0.000,?,0,0.00,?,0,0,1,D,9,00,C,8
03/06/1985,23:00,0,0,0,1,0,0,1,0,0,1,0,0,1,0,0,1,0,0,1,0,0,1,0,10,A,7,4,A,7,-5.0,A,7,-7.2,A,7,85,A,7,1000,A,7,150,A,7,6.7,A,7,24100,B,7,77777,A,7,0.7,E,8,0.000,?,0,0.00,?,0,0,1,D,9,00,C,8
03/06/1985,24:00,0,0,0,1,0,0,1,0,0,1,0,0,1,0,0,1,0,0,1,0,0,1,0,10,A,7,4,A,7,-5.0,A,7,-6.7,A,7,88,A,7,999,A,7,150,A,7,7.2,A,7,24100,B,7,77777,A,7,0.7,E,8,0.000,?,0,0.00,?,0,0,1,D,9,00,C,8
03/07/1985,01:00,0,0,0,1,0,0,1,0,0,1,0,0,1,0,0,1,0,0,1,0,0,1,0,10,A,7,5,A,7,-5.0,A,7,-8.3,A,7,78,A,7,999,A,7,150,A,7,7.2,A,7,24100,B,7,77777,A,7,0.7,E,8,0.000,?,0,0.00,?,0,0,1,D,9,00,C,8
03/07/1985,02:00,0,0,0,1,0,0,1,0,0,1,0,0,1,0,0,1,0,0,1,0,0,1,0,10,A,7,4,A,7,-5.0,A,7,-8.3,A,7,78,A,7,999,A,7,160,A,7,4.6,A,7,24100,B,7,77777,A,7,0.7,E,8,0.000,?,0,0.00,?,0,0,1,D,9,00,C,8
03/07/1985,03:00,0,0,0,1,0,0,1,0,0,1,0,0,1,0,0,1,0,0,1,0,0,1,0,10,A,7,5,A,7,-5.0,A,7,-7.8,A,7,81,A,7,998,A,7,130,A,7,4.6,A,7,24100,B,7,77777,A,7,0.7,E,8,0.000,?,0,0.00,?,0,0,1,D,9,00,C,8
03/07/1985,04:00,0,0,0,1,0,0,1,0,0,1,0,0,1,0,0,1,0,0,1,0,0,1,0,10,A,7,7,A,7,-4.4,A,7,-6.7,A,7,85,A,7,996,A,7,140,A,7,5.7,A,7,24100,B,7,6100,A,7,0.7,E,8,0.000,?,0,0.00,?,0,0,1,D,9,00,C,8
03/07/1985,05:00,0,0,0,1,0,0,1,0,0,1,0,0,1,0,0,1,0,0,1,0,0,1,0,10,A,7,8,A,7,-3.9,A,7,-6.1,A,7,85,A,7,995,A,7,160,A,7,5.7,A,7,24100,B,7,6100,A,7,0.8,E,8,0.000,?,0,0.00,?,0,0,1,D,9,00,C,8
03/07/1985,06:00,0,0,0,1,0,0,1,0,0,1,0,0,1,0,0,1,0,0,1,0,0,1,0,10,A,7,9,A,7,-3.3,A,7,-6.7,A,7,78,A,7,995,A,7,170,A,7,4.1,A,7,24100,B,7,2440,A,7,0.7,E,8,0.000,?,0,0.00,?,0,0,1,D,9,00,C,8
03/07/1985,07:00,0,0,0,1,0,0,1,0,0,1,0,0,1,0,0,1,0,0,1,0,0,1,0,10,A,7,10,A,7,-3.3,A,7,-6.7,A,7,78,A,7,995,A,7,170,A,7,4.6,A,7,24100,B,7,2440,A,7,0.7,E,8,0.000,?,0,0.00,?,0,0,1,D,9,00,C,8
03/07/1985,08:00,101,1261,17,1,13,1,1,9,17,1,13,20,1,13,0,1,9,20,1,13,62,1,21,10,A,7,10,A,7,-2.8,A,7,-6.7,A,7,75,A,7,994,A,7,170,A,7,5.2,A,7,16100,B,7,2440,A,7,0.7,E,8,0.000,F,8,0.00,?,0,0,1,D,9,00,C,8
03/07/1985,09:00,347,1389,93,1,13,20,1,9,88,1,13,102,1,13,17,1,9,98,1,13,229,1,21,10,A,7,10,A,7,-2.2,A,7,-6.7,A,7,72,A,7,994,A,7,180,A,7,4.6,A,7,16100,B,7,2440,A,7,0.7,E,8,0.000,F,8,0.00,?,0,0,1,D,9,00,C,8
03/07/1985,10:00,569,1389,182,1,9,6,1,9,179,1,13,203,1,9,5,1,9,201,1,13,652,1,18,10,A,7,10,A,7,-2.8,A,7,-4.4,A,7,89,A,7,992,A,7,180,A,7,6.2,A,7,3200,B,7,460,A,7,0.8,E,8,0.000,F,8,0.00,?,0,0,1,D,9,00,C,8
03/07/1985,11:00,747,1389,196,1,9,1,1,9,196,1,13,226,1,9,1,1,9,226,1,13,818,1,18,10,A,7,10,A,7,-1.7,A,7,-3.3,A,7,89,A,7,991,A,7,190,A,7,7.7,A,7,4800,B,7,460,A,7,0.9,E,8,0.000,F,8,0.00,?,0,0,1,D,9,71,C,8
03/07/1985,12:00,868,1389,260,1,9,1,1,9,259,1,13,298,1,9,1,1,9,298,1,13,1084,1,18,10,A,7,10,A,7,-0.6,A,7,-2.2,A,7,89,A,7,990,A,7,190,A,7,8.8,A,7,8000,B,7,2130,A,7,0.9,E,8,0.000,F,8,0.00,?,0,0,1,D,9,45,C,8
03/07/1985,13:00,925,1389,299,1,9,5,1,9,296,1,13,343,1,9,5,1,9,340,1,13,1231,1,18,10,A,7,10,A,7,0.0,A,7,-2.2,A,7,85,A,7,988,A,7,190,A,7,7.2,A,7,11300,B,7,2440,A,7,0.9,E,8,0.000,F,8,0.00,?,0,0,1,D,9,45,C,8
03/07/1985,14:00,913,1389,283,1,9,1,1,9,283,1,13,326,1,9,1,1,9,325,1,13,1185,1,18,10,A,7,10,A,7,1.1,A,7,-1.1,A,7,85,A,7,987,A,7,190,A,7,6.7,A,7,11300,B,7,2440,A,7,1.0,E,8,0.000,F,8,0.00,?,0,0,1,D,9,00,C,8
03/07/1985,15:00,833,1389,287,1,9,1,1,9,287,1,13,326,1,9,1,1,9,325,1,13,1126,1,18,10,A,7,10,A,7,1.7,A,7,-1.1,A,7,82,A,7,985,A,7,190,A,7,5.7,A,7,11300,B,7,520,A,7,1.0,E,8,0.000,F,8,0.00,?,0,0,1,D,9,00,C,8
03/07/1985,16:00,691,1389,241,1,9,3,1,9,239,1,13,269,1,9,3,1,9,268,1,13,884,1,18,10,A,7,10,A,7,1.7,A,7,-1.1,A,7,82,A,7,985,A,7,210,A,7,6.2,A,7,11300,B,7,520,A,7,1.0,E,8,0.000,F,8,0.00,?,0,0,1,D,9,00,C,8
03/07/1985,17:00,496,1389,159,1,9,1,1,9,159,1,13,177,1,9,1,1,9,177,1,13,555,1,18,10,A,7,10,A,7,2.2,A,7,1.1,A,7,93,A,7,984,A,7,210,A,7,5.2,A,7,11300,B,7,370,A,7,1.1,E,8,0.000,F,8,0.00,?,0,0,1,D,9,00,C,8
03/07/1985,18:00,263,1389,83,1,13,1,1,9,83,1,13,91,1,13,0,1,9,91,1,13,259,1,21,10,A,7,10,A,7,2.2,A,7,1.1,A,7,93,A,7,984,A,7,210,A,7,5.2,A,7,11300,B,7,340,A,7,1.1,E,8,0.000,F,8,0.00,?,0,0,1,D,9,00,C,8
03/07/1985,19:00,38,775,18,1,13,0,1,9,18,1,13,20,1,13,0,1,9,20,1,13,59,1,21,10,A,7,10,A,7,2.8,A,7,1.7,A,7,93,A,7,984,A,7,210,A,7,5.7,A,7,8000,B,7,310,A,7,1.2,E,8,0.000,F,8,0.00,?,0,0,1,D,9,00,C,8
03/07/1985,20:00,0,0,0,1,0,0,1,0,0,1,0,0,1,0,0,1,0,0,1,0,0,1,0,10,A,7,10,A,7,2.8,A,7,1.7,A,7,93,A,7,984,A,7,210,A,7,5.2,A,7,8000,B,7,310,A,7,1.2,E,8,0.000,?,0,0.00,?,0,0,1,D,9,45,C,8
03/07/1985,21:00,0,0,0,1,0,0,1,0,0,1,0,0,1,0,0,1,0,0,1,0,0,1,0,10,A,7,10,A,7,2.8,A,7,2.2,A,7,96,A,7,983,A,7,210,A,7,5.2,A,7,4800,B,7,210,A,7,1.2,E,8,0.000,?,0,0.00,?,0,0,1,D,9,45,C,8
03/07/1985,22:00,0,0,0,1,0,0,1,0,0,1,0,0,1,0,0,1,0,0,1,0,0,1,0,10,A,7,10,A,7,2.8,A,7,2.2,A,7,96,A,7,983,A,7,220,A,7,5.2,A,7,4800,B,7,150,A,7,1.2,E,8,0.000,?,0,0.00,?,0,0,1,D,9,45,C,8
03/07/1985,23:00,0,0,0,1,0,0,1,0,0,1,0,0,1,0,0,1,0,0,1,0,0,1,0,10,A,7,10,A,7,2.8,A,7,2.2,A,7,96,A,7,983,A,7,230,A,7,5.7,A,7,3200,B,7,120,A,7,1.2,E,8,0.000,?,0,0.00,?,0,0,1,D,9,45,C,8
03/07/1985,24:00,0,0,0,1,0,0,1,0,0,1,0,0,1,0,0,1,0,0,1,0,0,1,0,10,A,7,10,A,7,3.3,A,7,2.8,A,7,96,A,7,983,A,7,220,A,7,5.7,A,7,4000,B,7,90,A,7,1.2,E,8,0.000,?,0,0.00,?,0,0,1,D,9,45,C,8
03/08/1985,01:00,0,0,0,1,0,0,1,0,0,1,0,0,1,0,0,1,0,0,1,0,0,1,0,10,A,7,10,A,7,3.3,A,7,2.8,A,7,96,A,7,982,A,7,220,A,7,4.6,A,7,4000,B,7,90,A,7,1.2,E,8,0.000,?,0,0.00,?,0,0,1,D,9,45,C,8
03/08/1985,02:00,0,0,0,1,0,0,1,0,0,1,0,0,1,0,0,1,0,0,1,0,0,1,0,10,A,7,10,A,7,3.9,A,7,3.3,A,7,96,A,7,982,A,7,220,A,7,4.1,A,7,3200,B,7,60,A,7,1.3,E,8,0.000,?,0,0.00,?,0,0,1,D,9,45,C,8
03/08/1985,03:00,0,0,0,1,0,0,1,0,0,1,0,0,1,0,0,1,0,0,1,0,0,1,0,10,A,7,10,A,7,3.9,A,7,3.3,A,7,96,A,7,982,A,7,220,A,7,5.2,A,7,3200,B,7,60,A,7,1.3,E,8,0.000,?,0,0.00,?,0,0,1,D,9,45,C,8
03/08/1985,04:00,0,0,0,1,0,0,1,0,0,1,0,0,1,0,0,1,0,0,1,0,0,1,0,10,A,7,10,A,7,3.9,A,7,3.3,A,7,96,A,7,982,A,7,240,A,7,5.2,A,7,3200,B,7,180,A,7,1.3,E,8,0.000,?,0,0.00,?,0,0,1,D,9,45,C,8
03/08/1985,05:00,0,0,0,1,0,0,1,0,0,1,0,0,1,0,0,1,0,0,1,0,0,1,0,10,A,7,10,A,7,4.4,A,7,3.3,A,7,93,A,7,982,A,7,260,A,7,4.6,A,7,3200,B,7,150,A,7,1.3,E,8,0.000,?,0,0.00,?,0,0,1,D,9,45,C,8
03/08/1985,06:00,0,0,0,1,0,0,1,0,0,1,0,0,1,0,0,1,0,0,1,0,0,1,0,10,A,7,10,A,7,4.4,A,7,3.3,A,7,93,A,7,983,A,7,280,A,7,7.2,A,7,4000,B,7,210,A,7,1.3,E,8,0.000,?,0,0.00,?,0,0,1,D,9,45,C,8
03/08/1985,07:00,0,0,0,1,0,0,1,0,0,1,0,0,1,0,0,1,0,0,1,0,0,1,0,10,A,7,10,A,7,3.3,A,7,2.2,A,7,93,A,7,984,A,7,300,A,7,8.2,A,7,4000,B,7,270,A,7,1.2,E,8,0.000,?,0,0.00,?,0,0,1,D,9,45,C,8
03/08/1985,08:00,107,1307,26,1,13,34,1,9,22,1,13,28,1,13,18,1,9,26,1,13,46,1,21,8,A,7,8,A,7,2.8,A,7,1.7,A,7,93,A,7,985,A,7,280,A,7,5.2,A,7,4000,B,7,3960,A,7,1.2,E,8,0.000,F,8,0.00,?,0,0,1,D,9,45,C,8
03/08/1985,09:00,354,1388,163,1,13,342,1,13,78,1,13,174,1,13,285,1,13,101,1,13,143,1,23,4,A,7,3,A,7,2.2,A,7,0.6,A,7,89,A,7,986,A,7,270,A,7,6.7,A,7,4800,B,7,77777,A,7,1.1,E,8,0.000,F,8,0.00,?,0,0,1,D,9,45,C,8
03/08/1985,10:00,576,1388,349,1,13,604,1,13,102,1,13,368,1,13,576,1,13,128,1,13,202,1,23,3,A,7,3,A,7,2.8,A,7,1.1,A,7,89,A,7,987,A,7,280,A,7,7.2,A,7,6400,B,7,77777,A,7,1.1,E,8,0.000,F,8,0.00,?,0,0,1,D,9,45,C,8
03/08/1985,11:00,754,1388,526,1,9,806,1,9,92,1,13,559,1,9,798,1,9,124,1,13,205,1,18,0,A,7,0,A,7,3.3,A,7,1.1,A,7,86,A,7,987,A,7,270,A,7,7.2,A,7,6400,B,7,77777,A,7,1.1,E,8,0.000,F,8,0.00,?,0,0,1,D,9,45,C,8
03/08/1985,12:00,875,1388,640,1,9,857,1,9,103,1,13,684,1,9,860,1,9,140,1,13,254,1,18,0,A,7,0,A,7,3.9,A,7,1.1,A,7,82,A,7,987,A,7,260,A,7,8.2,A,7,8000,B,7,77777,A,7,1.1,E,8,0.000,F,8,0.00,?,0,0,1,D,9,05,C,8
03/08/1985,13:00,932,1388,682,1,9,861,1,9,108,1,13,731,1,9,867,1,9,147,1,13,284,1,18,0,A,7,0,A,7,6.1,A,7,2.2,A,7,76,A,7,988,A,7,250,A,7,7.7,A,7,11300,B,7,77777,A,7,1.2,E,8,0.000,F,8,0.00,?,0,0,1,D,9,05,C,8
03/08/1985,14:00,919,1388,675,1,9,863,1,9,107,1,13,723,1,9,869,1,9,146,1,13,277,1,18,0,A,7,0,A,7,5.6,A,7,2.2,A,7,79,A,7,987,A,7,250,A,7,9.3,A,7,11300,B,7,77777,A,7,1.2,E,8,0.000,F,8,0.00,?,0,0,1,D,9,00,C,8
03/08/1985,15:00,839,1388,607,1,9,844,1,9,100,1,13,647,1,9,844,1,9,135,1,13,238,1,18,0,A,7,0,A,7,6.1,A,7,1.1,A,7,71,A,7,987,A,7,270,A,7,10.3,A,7,16100,B,7,77777,A,7,1.1,E,8,0.000,F,8,0.00,?,0,0,1,D,9,00,C,8
03/08/1985,16:00,697,1388,482,1,9,791,1,9,87,1,13,508,1,9,776,1,9,117,1,13,186,1,18,0,A,7,0,A,7,6.7,A,7,-1.1,A,7,58,A,7,988,A,7,260,A,7,10.3,A,7,16100,B,7,77777,A,7,1.0,E,8,0.000,F,8,0.00,?,0,0,1,D,9,00,C,8
03/08/1985,17:00,502,1388,311,1,9,679,1,9,68,1,13,324,1,9,631,1,9,95,1,13,133,1,18,0,A,7,0,A,7,6.1,A,7,-1.7,A,7,58,A,7,988,A,7,260,A,7,11.3,A,7,16100,B,7,77777,A,7,1.0,E,8,0.000,F,8,0.00,?,0,0,1,D,9,00,C,8
03/08/1985,18:00,268,1388,131,1,13,451,1,9,45,1,13,137,1,13,342,1,9,70,1,13,82,1,21,0,A,7,0,A,7,5.0,A,7,-1.7,A,7,62,A,7,988,A,7,260,A,7,8.8,A,7,16100,B,7,77777,A,7,1.0,E,8,0.000,F,8,0.00,?,0,0,1,D,9,00,C,8
03/08/1985,19:00,41,821,21,1,13,57,1,9,15,1,13,20,1,13,17,1,9,19,1,13,26,1,21,0,A,7,0,A,7,3.9,A,7,-1.7,A,7,67,A,7,988,A,7,260,A,7,7.7,A,7,16100,B,7,77777,A,7,1.0,E,8,0.000,F,8,0.00,?,0,0,1,D,9,00,C,8
03/08/1985,20:00,0,0,0,1,0,0,1,0,0,1,0,0,1,0,0,1,0,0,1,0,0,1,0,0,A,7,0,A,7,3.3,A,7,-1.7,A,7,70,A,7,989,A,7,270,A,7,5.7,A,7,16100,B,7,77777,A,7,1.0,E,8,0.000,?,0,0.00,?,0,0,1,D,9,00,C,8
03/08/1985,21:00,0,0,0,1,0,0,1,0,0,1,0,0,1,0,0,1,0,0,1,0,0,1,0,0,A,7,0,A,7,1.7,A,7,-1.7,A,7,79,A,7,990,A,7,270,A,7,5.2,A,7,16100,B,7,77777,A,7,1.0,E,8,0.000,?,0,0.00,?,0,0,1,D,9,00,C,8
03/08/1985,22:00,0,0,0,1,0,0,1,0,0,1,0,0,1,0,0,1,0,0,1,0,0,1,0,0,A,7,0,A,7,1.7,A,7,-1.7,A,7,79,A,7,990,A,7,270,A,7,4.6,A,7,16100,B,7,77777,A,7,1.0,E,8,0.000,?,0,0.00,?,0,0,1,D,9,00,C,8
03/08/1985,23:00,0,0,0,1,0,0,1,0,0,1,0,0,1,0,0,1,0,0,1,0,0,1,0,0,A,7,0,A,7,0.6,A,7,-2.2,A,7,82,A,7,991,A,7,260,A,7,4.6,A,7,16100,B,7,77777,A,7,0.9,E,8,0.000,?,0,0.00,?,0,0,1,D,9,00,C,8
03/08/1985,24:00,0,0,0,1,0,0,1,0,0,1,0,0,1,0,0,1,0,0,1,0,0,1,0,0,A,7,0,A,7,-0.6,A,7,-2.2,A,7,89,A,7,991,A,7,260,A,7,3.6,A,7,16100,B,7,77777,A,7,0.9,E,8,0.000,?,0,0.00,?,0,0,1,D,9,00,C,8
03/09/1985,01:00,0,0,0,1,0,0,1,0,0,1,0,0,1,0,0,1,0,0,1,0,0,1,0,0,A,7,0,A,7,-0.6,A,7,-3.9,A,7,79,A,7,991,A,7,280,A,7,3.6,A,7,24100,B,7,77777,A,7,0.9,E,8,0.000,?,0,0.00,?,0,0,1,D,9,00,C,8
03/09/1985,02:00,0,0,0,1,0,0,1,0,0,1,0,0,1,0,0,1,0,0,1,0,0,1,0,0,A,7,0,A,7,-1.1,A,7,-5.0,A,7,75,A,7,991,A,7,260,A,7,3.6,A,7,24100,B,7,77777,A,7,0.8,E,8,0.000,?,0,0.00,?,0,0,1,D,9,00,C,8
03/09/1985,03:00,0,0,0,1,0,0,1,0,0,1,0,0,1,0,0,1,0,0,1,0,0,1,0,0,A,7,0,A,7,-1.7,A,7,-5.0,A,7,78,A,7,991,A,7,300,A,7,2.6,A,7,24100,B,7,77777,A,7,0.8,E,8,0.000,?,0,0.00,?,0,0,1,D,9,00,C,8
03/09/1985,04:00,0,0,0,1,0,0,1,0,0,1,0,0,1,0,0,1,0,0,1,0,0,1,0,0,A,7,0,A,7,-1.7,A,7,-5.6,A,7,75,A,7,991,A,7,290,A,7,2.1,A,7,24100,B,7,77777,A,7,0.8,E,8,0.000,?,0,0.00,?,0,0,1,D,9,00,C,8
03/09/1985,05:00,0,0,0,1,0,0,1,0,0,1,0,0,1,0,0,1,0,0,1,0,0,1,0,0,A,7,0,A,7,-2.8,A,7,-6.1,A,7,78,A,7,991,A,7,160,A,7,2.1,A,7,24100,B,7,77777,A,7,0.8,E,8,0.000,?,0,0.00,?,0,0,1,D,9,00,C,8
03/09/1985,06:00,0,0,0,1,0,0,1,0,0,1,0,0,1,0,0,1,0,0,1,0,0,1,0,0,A,7,0,A,7,-3.3,A,7,-6.7,A,7,78,A,7,991,A,7,260,A,7,2.1,A,7,24100,B,7,77777,A,7,0.7,E,8,0.000,?,0,0.00,?,0,0,1,D,9,00,C,8
03/09/1985,07:00,0,0,0,1,0,0,1,0,0,1,0,0,1,0,0,1,0,0,1,0,0,1,0,0,A,7,0,A,7,-3.3,A,7,-6.1,A,7,81,A,7,992,A,7,210,A,7,2.6,A,7,24100,B,7,77777,A,7,0.8,E,8,0.000,?,0,0.00,?,0,0,1,D,9,00,C,8
03/09/1985,08:00,114,1329,43,1,13,196,1,9,24,1,13,42,1,13,104,1,9,33,1,13,43,1,21,0,A,7,0,A,7,-2.8,A,7,-3.9,A,7,92,A,7,992,A,7,230,A,7,3.1,A,7,24100,B,7,77777,A,7,0.8,E,8,0.000,F,8,0.00,?,0,0,1,D,9,00,C,8
03/09/1985,09:00,362,1387,200,1,13,587,1,9,51,1,13,214,1,13,501,1,9,83,1,13,98,1,21,0,A,7,0,A,7,-0.6,A,7,-3.9,A,7,79,A,7,992,A,7,270,A,7,3.6,A,7,24100,B,7,77777,A,7,0.9,E,8,0.000,F,8,0.00,?,0,0,1,D,9,00,C,8
03/09/1985,10:00,583,1387,383,1,9,753,1,9,71,1,13,407,1,9,722,1,9,102,1,13,148,1,18,0,A,7,0,A,7,2.2,A,7,-1.1,A,7,79,A,7,992,A,7,270,A,7,4.6,A,7,24100,B,7,77777,A,7,1.0,E,8,0.000,F,8,0.00,?,0,0,1,D,9,00,C,8
03/09/1985,11:00,761,1387,541,1,9,834,1,9,87,1,13,578,1,9,829,1,9,122,1,13,199,1,18,0,A,7,0,A,7,3.3,A,7,-1.1,A,7,73,A,7,992,A,7,270,A,7,4.6,A,7,24100,B,7,77777,A,7,1.0,E,8,0.000,F,8,0.00,?,0,0,1,D,9,00,C,8
03/09/1985,12:00,882,1387,651,1,9,877,1,9,97,1,13,681,1,9,869,1,9,126,1,13,209,1,18,0,A,7,0,A,7,4.4,A,7,-1.1,A,7,68,A,7,992,A,7,270,A,7,7.7,A,7,16100,B,7,77777,A,7,1.0,E,8,0.000,F,8,0.00,?,0,0,1,D,9,00,C,8
03/09/1985,13:00,938,1387,701,1,9,892,1,9,102,1,13,733,1,9,887,1,9,131,1,13,231,1,18,0,A,7,0,A,7,5.0,A,7,-1.1,A,7,65,A,7,992,A,7,270,A,7,8.2,A,7,16100,B,7,77777,A,7,1.0,E,8,0.000,F,8,0.00,?,0,0,1,D,9,00,C,8
03/09/1985,14:00,926,1387,688,1,9,886,1,9,101,1,13,719,1,9,880,1,9,130,1,13,225,1,18,0,A,7,0,A,7,5.6,A,7,0.0,A,7,68,A,7,991,A,7,280,A,7,9.3,A,7,16100,B,7,77777,A,7,1.1,E,8,0.000,F,8,0.00,?,0,0,1,D,9,00,C,8
03/09/1985,15:00,845,1387,600,1,9,840,1,9,91,1,13,646,1,9,844,1,9,130,1,13,225,1,18,1,A,7,1,A,7,5.6,A,7,0.0,A,7,68,A,7,991,A,7,260,A,7,8.8,A,7,16100,B,7,77777,A,7,1.1,E,8,0.000,F,8,0.00,?,0,0,1,D,9,00,C,8
03/09/1985,16:00,703,1387,489,1,9,809,1,9,82,1,13,520,1,9,797,1,9,115,1,13,181,1,18,0,A,7,0,A,7,5.0,A,7,-0.6,A,7,68,A,7,991,A,7,260,A,7,8.8,A,7,16100,B,7,77777,A,7,1.0,E,8,0.000,F,8,0.00,?,0,0,1,D,9,00,C,8
03/09/1985,17:00,507,1387,321,1,9,706,1,9,65,1,13,336,1,9,659,1,9,94,1,13,131,1,18,0,A,7,0,A,7,5.0,A,7,-0.6,A,7,68,A,7,991,A,7,270,A,7,7.7,A,7,16100,B,7,77777,A,7,1.0,E,8,0.000,F,8,0.00,?,0,0,1,D,9,00,C,8
03/09/1985,18:00,274,1387,136,1,13,479,1,9,43,1,13,143,1,13,368,1,9,70,1,13,80,1,21,0,A,7,0,A,7,3.9,A,7,-1.1,A,7,70,A,7,991,A,7,270,A,7,7.7,A,7,16100,B,7,77777,A,7,1.0,E,8,0.000,F,8,0.00,?,0,0,1,D,9,00,C,8
03/09/1985,19:00,44,844,22,1,13,71,1,9,15,1,13,20,1,13,26,1,9,19,1,13,26,1,21,0,A,7,0,A,7,2.2,A,7,-1.1,A,7,79,A,7,991,A,7,260,A,7,4.6,A,7,16100,B,7,77777,A,7,1.0,E,8,0.000,F,8,0.00,?,0,0,1,D,9,00,C,8
03/09/1985,20:00,0,0,0,1,0,0,1,0,0,1,0,0,1,0,0,1,0,0,1,0,0,1,0,0,A,7,0,A,7,1.1,A,7,-1.7,A,7,82,A,7,991,A,7,230,A,7,3.1,A,7,16100,B,7,77777,A,7,1.0,E,8,0.000,?,0,0.00,?,0,0,1,D,9,00,C,8
03/09/1985,21:00,0,0,0,1,0,0,1,0,0,1,0,0,1,0,0,1,0,0,1,0,0,1,0,0,A,7,0,A,7,0.6,A,7,-1.7,A,7,85,A,7,990,A,7,210,A,7,3.6,A,7,16100,B,7,77777,A,7,1.0,E,8,0.000,?,0,0.00,?,0,0,1,D,9,00,C,8
03/09/1985,22:00,0,0,0,1,0,0,1,0,0,1,0,0,1,0,0,1,0,0,1,0,0,1,0,0,A,7,0,A,7,1.1,A,7,-1.7,A,7,82,A,7,990,A,7,220,A,7,4.1,A,7,16100,B,7,77777,A,7,1.0,E,8,0.000,?,0,0.00,?,0,0,1,D,9,00,C,8
03/09/1985,23:00,0,0,0,1,0,0,1,0,0,1,0,0,1,0,0,1,0,0,1,0,0,1,0,0,A,7,0,A,7,0.6,A,7,-1.7,A,7,85,A,7,990,A,7,230,A,7,5.2,A,7,16100,B,7,77777,A,7,1.0,E,8,0.000,?,0,0.00,?,0,0,1,D,9,00,C,8
03/09/1985,24:00,0,0,0,1,0,0,1,0,0,1,0,0,1,0,0,1,0,0,1,0,0,1,0,0,A,7,0,A,7,1.7,A,7,-1.7,A,7,79,A,7,990,A,7,230,A,7,5.2,A,7,16100,B,7,77777,A,7,1.0,E,8,0.000,?,0,0.00,?,0,0,1,D,9,00,C,8
03/10/1985,01:00,0,0,0,1,0,0,1,0,0,1,0,0,1,0,0,1,0,0,1,0,0,1,0,0,A,7,0,A,7,1.1,A,7,-4.4,A,7,67,A,7,990,A,7,240,A,7,3.6,A,7,24100,B,7,77777,A,7,0.8,E,8,0.000,?,0,0.00,?,0,0,1,D,9,00,C,8
03/10/1985,02:00,0,0,0,1,0,0,1,0,0,1,0,0,1,0,0,1,0,0,1,0,0,1,0,0,A,7,0,A,7,0.6,A,7,-4.4,A,7,70,A,7,990,A,7,250,A,7,3.1,A,7,24100,B,7,77777,A,7,0.8,E,8,0.000,?,0,0.00,?,0,0,1,D,9,00,C,8
03/10/1985,03:00,0,0,0,1,0,0,1,0,0,1,0,0,1,0,0,1,0,0,1,0,0,1,0,0,A,7,0,A,7,0.0,A,7,-5.0,A,7,69,A,7,990,A,7,250,A,7,2.6,A,7,24100,B,7,77777,A,7,0.8,E,8,0.000,?,0,0.00,?,0,0,1,D,9,00,C,8
03/10/1985,04:00,0,0,0,1,0,0,1,0,0,1,0,0,1,0,0,1,0,0,1,0,0,1,0,0,A,7,0,A,7,-0.6,A,7,-5.0,A,7,72,A,7,990,A,7,230,A,7,2.6,A,7,24100,B,7,77777,A,7,0.8,E,8,0.000,?,0,0.00,?,0,0,1,D,9,00,C,8
03/10/1985,05:00,0,0,0,1,0,0,1,0,0,1,0,0,1,0,0,1,0,0,1,0,0,1,0,0,A,7,0,A,7,-1.7,A,7,-6.7,A,7,69,A,7,990,A,7,220,A,7,3.1,A,7,24100,B,7,77777,A,7,0.7,E,8,0.000,?,0,0.00,?,0,0,1,D,9,00,C,8
03/10/1985,06:00,0,0,0,1,0,0,1,0,0,1,0,0,1,0,0,1,0,0,1,0,0,1,0,0,A,7,0,A,7,-2.2,A,7,-6.7,A,7,72,A,7,990,A,7,200,A,7,2.1,A,7,24100,B,7,77777,A,7,0.7,E,8,0.000,?,0,0.00,?,0,0,1,D,9,00,C,8
03/10/1985,07:00,0,0,0,1,0,0,1,0,0,1,0,0,1,0,0,1,0,0,1,0,0,1,0,0,A,7,0,A,7,-1.1,A,7,-3.9,A,7,82,A,7,990,A,7,220,A,7,3.6,A,7,16100,B,7,77777,A,7,0.9,E,8,0.000,?,0,0.00,?,0,0,1,D,9,00,C,8
03/10/1985,08:00,121,1375,35,1,13,63,1,9,29,1,13,38,1,13,33,1,9,35,1,13,60,1,21,4,A,7,1,A,7,0.0,A,7,-3.3,A,7,79,A,7,990,A,7,210,A,7,3.1,A,7,16100,B,7,77777,A,7,0.9,E,8,0.000,F,8,0.00,?,0,0,1,D,9,00,C,8
03/10/1985,09:00,369,1386,174,1,9,354,1,9,82,1,13,186,1,9,300,1,9,105,1,13,151,1,18,4,A,7,1,A,7,3.3,A,7,0.6,A,7,82,A,7,990,A,7,210,A,7,4.1,A,7,16100,B,7,77777,A,7,1.1,E,8,0.000,F,8,0.00,?,0,0,1,D,9,00,C,8
03/10/1985,10:00,591,1386,343,1,9,514,1,9,126,1,13,369,1,9,501,1,9,154,1,13,248,1,18,2,A,7,1,A,7,6.7,A,7,0.6,A,7,65,A,7,990,A,7,210,A,7,4.1,A,7,16100,B,7,77777,A,7,1.1,E,8,0.000,F,8,0.00,?,0,0,1,D,9,00,C,8
03/10/1985,11:00,768,1386,520,1,9,713,1,9,128,1,13,552,1,9,712,1,9,156,1,13,288,1,18,0,A,7,0,A,7,8.9,A,7,0.6,A,7,56,A,7,989,A,7,190,A,7,4.6,A,7,16100,B,7,77777,A,7,1.1,E,8,0.000,F,8,0.00,?,0,0,1,D,9,00,C,8
03/10/1985,12:00,889,1386,626,1,9,759,1,9,143,1,13,669,1,9,769,1,9,175,1,13,364,1,18,0,A,7,0,A,7,11.7,A,7,0.6,A,7,47,A,7,988,A,7,210,A,7,6.2,A,7,16100,B,7,77777,A,7,1.1,E,8,0.000,F,8,0.00,?,0,0,1,D,9,00,C,8
03/10/1985,13:00,945,1386,679,1,9,780,1,9,150,1,13,727,1,9,794,1,9,184,1,13,410,1,18,0,A,7,0,A,7,12.8,A,7,1.7,A,7,47,A,7,987,A,7,230,A,7,7.2,A,7,16100,B,7,77777,A,7,1.2,E,8,0.000,F,8,0.00,?,0,0,1,D,9,00,C,8
03/10/1985,14:00,932,1386,668,1,9,777,1,9,149,1,13,715,1,9,790,1,9,183,1,13,400,1,18,0,A,7,0,A,7,13.9,A,7,2.8,A,7,47,A,7,987,A,7,230,A,7,9.3,A,7,16100,B,7,77777,A,7,1.3,E,8,0.000,F,8,0.00,?,0,0,1,D,9,00,C,8
03/10/1985,15:00,851,1386,595,1,9,747,1,9,139,1,13,634,1,9,754,1,9,169,1,13,339,1,18,0,A,7,0,A,7,14.4,A,7,3.3,A,7,48,A,7,986,A,7,240,A,7,7.2,A,7,16100,B,7,77777,A,7,1.3,E,8,0.000,F,8,0.00,?,0,0,1,D,9,00,C,8
03/10/1985,16:00,708,1386,467,1,9,683,1,9,121,1,13,494,1,9,675,1,9,148,1,13,260,1,18,0,A,7,0,A,7,15.0,A,7,3.9,A,7,48,A,7,985,A,7,230,A,7,8.8,A,7,16100,B,7,77777,A,7,1.4,E,8,0.000,F,8,0.00,?,0,0,1,D,9,00,C,8
03/10/1985,17:00,513,1386,282,1,9,472,1,9,109,1,13,302,1,9,445,1,9,137,1,13,207,1,18,3,A,7,2,A,7,15.0,A,7,2.8,A,7,44,A,7,985,A,7,260,A,7,6.2,A,7,16100,B,7,77777,A,7,1.3,E,8,0.000,F,8,0.00,?,0,0,1,D,9,00,C,8
03/10/1985,18:00,279,1386,110,1,13,173,1,13,76,1,13,117,1,13,130,1,13,91,1,13,146,1,23,7,A,7,3,A,7,12.8,A,7,2.2,A,7,49,A,7,985,A,7,250,A,7,4.1,A,7,16100,B,7,77777,A,7,1.2,E,8,0.000,F,8,0.00,?,0,0,1,D,9,00,C,8
03/10/1985,19:00,47,866,18,1,13,3,1,13,18,1,13,21,1,13,0,1,13,21,1,13,61,1,23,9,A,7,7,A,7,11.7,A,7,1.7,A,7,51,A,7,984,A,7,200,A,7,3.1,A,7,16100,B,7,2440,A,7,1.2,E,8,0.000,F,8,0.00,?,0,0,1,D,9,00,C,8
03/10/1985,20:00,0,0,0,1,0,0,1,0,0,1,0,0,1,0,0,1,0,0,1,0,0,1,0,10,A,7,10,A,7,10.6,A,7,1.7,A,7,55,A,7,984,A,7,190,A,7,4.1,A,7,16100,B,7,2440,A,7,1.2,E,8,0.000,?,0,0.00,?,0,0,1,D,9,00,C,8
03/10/1985,21:00,0,0,0,1,0,0,1,0,0,1,0,0,1,0,0,1,0,0,1,0,0,1,0,10,A,7,10,A,7,10.6,A,7,2.8,A,7,59,A,7,984,A,7,210,A,7,5.2,A,7,16100,B,7,2440,A,7,1.3,E,8,0.000,?,0,0.00,?,0,0,1,D,9,00,C,8
03/10/1985,22:00,0,0,0,1,0,0,1,0,0,1,0,0,1,0,0,1,0,0,1,0,0,1,0,10,A,7,10,A,7,10.6,A,7,3.9,A,7,64,A,7,984,A,7,210,A,7,6.2,A,7,16100,B,7,2440,A,7,1.3,E,8,0.000,?,0,0.00,?,0,0,1,D,9,00,C,8
03/10/1985,23:00,0,0,0,1,0,0,1,0,0,1,0,0,1,0,0,1,0,0,1,0,0,1,0,10,A,7,7,A,7,10.6,A,7,3.3,A,7,61,A,7,984,A,7,210,A,7,5.7,A,7,16100,B,7,7620,A,7,1.3,E,8,0.000,?,0,0.00,?,0,0,1,D,9,00,C,8
03/10/1985,24:00,0,0,0,1,0,0,1,0,0,1,0,0,1,0,0,1,0,0,1,0,0,1,0,10,A,7,9,A,7,9.4,A,7,3.3,A,7,66,A,7,983,A,7,210,A,7,5.7,A,7,16100,B,7,2440,A,7,1.3,E,8,0.000,?,0,0.00,?,0,0,1,D,9,00,C,8
03/11/1985,01:00,0,0,0,1,0,0,1,0,0,1,0,0,1,0,0,1,0,0,1,0,0,1,0,10,A,7,10,A,7,8.9,A,7,1.7,A,7,61,A,7,983,A,7,220,A,7,4.6,A,7,24100,B,7,2440,A,7,1.2,E,8,0.000,?,0,0.00,?,0,0,1,D,9,00,C,8
03/11/1985,02:00,0,0,0,1,0,0,1,0,0,1,0,0,1,0,0,1,0,0,1,0,0,1,0,10,A,7,10,A,7,8.9,A,7,1.7,A,7,61,A,7,983,A,7,220,A,7,4.6,A,7,24100,B,7,1520,A,7,1.2,E,8,0.000,?,0,0.00,?,0,0,1,D,9,00,C,8
03/11/1985,03:00,0,0,0,1,0,0,1,0,0,1,0,0,1,0,0,1,0,0,1,0,0,1,0,10,A,7,10,A,7,8.9,A,7,2.2,A,7,63,A,7,982,A,7,250,A,7,2.1,A,7,24100,B,7,1520,A,7,1.2,E,8,0.000,?,0,0.00,?,0,0,1,D,9,00,C,8
03/11/1985,04:00,0,0,0,1,0,0,1,0,0,1,0,0,1,0,0,1,0,0,1,0,0,1,0,10,A,7,10,A,7,8.3,A,7,2.2,A,7,66,A,7,981,A,7,200,A,7,3.1,A,7,24100,B,7,1520,A,7,1.2,E,8,0.000,?,0,0.00,?,0,0,1,D,9,00,C,8
03/11/1985,05:00,0,0,0,1,0,0,1,0,0,1,0,0,1,0,0,1,0,0,1,0,0,1,0,10,A,7,10,A,7,7.8,A,7,1.7,A,7,66,A,7,980,A,7,170,A,7,3.6,A,7,24100,B,7,1220,A,7,1.2,E,8,0.000,?,0,0.00,?,0,0,1,D,9,00,C,8
03/11/1985,06:00,0,0,0,1,0,0,1,0,0,1,0,0,1,0,0,1,0,0,1,0,0,1,0,10,A,7,10,A,7,7.2,A,7,2.2,A,7,71,A,7,980,A,7,120,A,7,3.1,A,7,24100,B,7,1220,A,7,1.2,E,8,0.000,?,0,0.00,?,0,0,1,D,9,00,C,8
03/11/1985,07:00,0,35,0,1,0,0,1,0,0,1,0,0,1,1,0,1,2,0,1,2,0,1,1,10,A,7,10,A,7,7.2,A,7,2.8,A,7,74,A,7,979,A,7,180,A,7,3.6,A,7,16100,B,7,1160,A,7,1.3,E,8,0.000,?,0,0.00,?,0,0,1,D,9,00,C,8
03/11/1985,08:00,128,1386,19,1,13,1,1,9,19,1,13,22,1,13,0,1,9,22,1,13,70,1,21,10,A,7,10,A,7,6.1,A,7,2.8,A,7,80,A,7,979,A,7,160,A,7,3.6,A,7,16100,B,7,980,A,7,1.3,E,8,0.000,F,8,0.00,?,0,0,1,D,9,61,C,8
03/11/1985,09:00,377,1386,43,1,9,0,1,9,43,1,13,51,1,9,0,1,9,51,1,13,182,1,18,10,A,7,10,A,7,5.0,A,7,4.4,A,7,96,A,7,978,A,7,170,A,7,5.7,A,7,6400,B,7,700,A,7,1.4,E,8,0.000,F,8,0.00,?,0,8,1,D,9,61,C,8
03/11/1985,10:00,598,1386,113,1,9,13,1,9,107,1,13,132,1,9,9,1,9,128,1,13,462,1,18,10,A,7,10,A,7,5.6,A,7,4.4,A,7,93,A,7,976,A,7,170,A,7,5.7,A,7,4800,B,7,340,A,7,1.4,E,8,0.000,F,8,0.00,?,0,5,1,D,9,45,C,8
03/11/1985,11:00,775,1386,113,1,9,6,1,9,110,1,13,137,1,9,4,1,9,135,1,13,525,1,18,10,A,7,10,A,7,6.1,A,7,5.0,A,7,93,A,7,975,A,7,160,A,7,5.7,A,7,6400,B,7,240,A,7,1.4,E,8,0.000,F,8,0.00,?,0,0,1,D,9,45,C,8
03/11/1985,12:00,896,1386,190,1,9,2,1,9,188,1,13,224,1,9,2,1,9,223,1,13,871,1,18,10,A,7,10,A,7,6.7,A,7,5.6,A,7,93,A,7,974,A,7,160,A,7,4.6,A,7,8000,B,7,210,A,7,1.5,E,8,0.000,F,8,0.00,?,0,0,1,D,9,45,C,8
03/11/1985,13:00,951,1386,170,1,9,4,1,9,168,1,13,205,1,9,3,1,9,203,1,13,816,1,18,10,A,7,10,A,7,7.2,A,7,6.1,A,7,93,A,7,972,A,7,170,A,7,4.6,A,7,8000,B,7,210,A,7,1.5,E,8,0.000,F,8,0.00,?,0,0,1,D,9,45,C,8
03/11/1985,14:00,938,1386,260,1,9,5,1,9,257,1,13,303,1,9,4,1,9,300,1,13,1128,1,18,10,A,7,10,A,7,7.2,A,7,6.1,A,7,93,A,7,969,A,7,180,A,7,4.1,A,7,4800,B,7,210,A,7,1.5,E,8,0.000,F,8,0.00,?,0,0,1,D,9,45,C,8
03/11/1985,15:00,857,1386,238,1,9,1,1,9,237,1,13,274,1,9,1,1,9,274,1,13,1013,1,18,10,A,7,10,A,7,6.1,A,7,5.0,A,7,93,A,7,970,A,7,180,A,7,3.6,A,7,4800,B,7,150,A,7,1.4,E,8,0.000,F,8,0.00,?,0,0,1,D,9,45,C,8
03/11/1985,16:00,714,1386,195,1,9,2,1,9,194,1,13,223,1,9,2,1,9,222,1,13,792,1,18,10,A,7,10,A,7,6.1,A,7,5.0,A,7,93,A,7,969,A,7,170,A,7,4.1,A,7,4000,B,7,120,A,7,1.4,E,8,0.000,F,8,0.00,?,0,0,1,D,9,45,C,8
03/11/1985,17:00,518,1386,149,1,9,1,1,9,149,1,13,168,1,9,1,1,9,168,1,13,549,1,18,10,A,7,10,A,7,6.7,A,7,5.6,A,7,93,A,7,968,A,7,170,A,7,4.1,A,7,4000,B,7,120,A,7,1.5,E,8,0.000,F,8,0.00,?,0,0,1,D,9,45,C,8
03/11/1985,18:00,284,1386,72,1,13,0,1,9,72,1,13,80,1,13,0,1,9,80,1,13,248,1,21,10,A,7,10,A,7,6.1,A,7,5.0,A,7,93,A,7,968,A,7,190,A,7,5.2,A,7,4000,B,7,120,A,7,1.4,E,8,0.000,F,8,0.00,?,0,0,1,D,9,45,C,8
03/11/1985,19:00,50,889,11,1,13,0,1,9,11,1,13,13,1,13,0,1,9,13,1,13,41,1,21,10,A,7,10,A,7,6.1,A,7,5.6,A,7,96,A,7,967,A,7,170,A,7,4.6,A,7,2400,B,7,90,A,7,1.4,E,8,0.000,F,8,0.00,?,0,0,1,D,9,45,C,8
03/11/1985,20:00,0,0,0,1,0,0,1,0,0,1,0,0,1,0,0,1,0,0,1,0,0,1,0,10,A,7,10,A,7,6.1,A,7,5.6,A,7,96,A,7,965,A,7,170,A,7,5.2,A,7,2400,B,7,60,A,7,1.4,E,8,0.000,?,0,0.00,?,0,0,1,D,9,45,C,8
03/11/1985,21:00,0,0,0,1,0,0,1,0,0,1,0,0,1,0,0,1,0,0,1,0,0,1,0,10,A,7,10,A,7,6.7,A,7,6.7,A,7,100,A,7,964,A,7,180,A,7,5.7,A,7,1600,B,7,60,A,7,1.6,E,8,0.000,?,0,0.00,?,0,0,1,D,9,45,C,8
03/11/1985,22:00,0,0,0,1,0,0,1,0,0,1,0,0,1,0,0,1,0,0,1,0,0,1,0,10,A,7,10,A,7,7.2,A,7,7.2,A,7,100,A,7,962,A,7,180,A,7,5.7,A,7,1600,B,7,90,A,7,1.6,E,8,0.000,?,0,0.00,?,0,0,1,D,9,45,C,8
03/11/1985,23:00,0,0,0,1,0,0,1,0,0,1,0,0,1,0,0,1,0,0,1,0,0,1,0,10,A,7,10,A,7,8.3,A,7,8.3,A,7,100,A,7,961,A,7,220,A,7,6.2,A,7,2400,B,7,120,A,7,1.7,E,8,0.000,?,0,0.00,?,0,0,1,D,9,45,C,8
03/11/1985,24:00,0,0,0,1,0,0,1,0,0,1,0,0,1,0,0,1,0,0,1,0,0,1,0,10,A,7,10,A,7,9.4,A,7,8.9,A,7,96,A,7,959,A,7,220,A,7,10.3,A,7,9700,B,7,340,A,7,1.8,E,8,0.000,?,0,0.00,?,0,0,1,D,9,45,C,8
03/12/1985,01:00,0,0,0,1,0,0,1,0,0,1,0,0,1,0,0,1,0,0,1,0,0,1,0,10,A,7,10,A,7,5.0,A,7,3.9,A,7,93,A,7,959,A,7,250,A,7,15.4,A,7,8000,B,7,150,A,7,1.3,E,8,0.000,?,0,0.00,?,0,13,1,D,9,45,C,8
03/12/1985,02:00,0,0,0,1,0,0,1,0,0,1,0,0,1,0,0,1,0,0,1,0,0,1,0,10,A,7,10,A,7,1.7,A,7,0.0,A,7,89,A,7,959,A,7,250,A,7,12.4,A,7,11300,B,7,90,A,7,1.0,E,8,0.000,?,0,0.00,?,0,0,1,D,9,45,C,8
03/12/1985,03:00,0,0,0,1,0,0,1,0,0,1,0,0,1,0,0,1,0,0,1,0,0,1,0,10,A,7,10,A,7,1.1,A,7,-0.6,A,7,89,A,7,960,A,7,270,A,7,10.3,A,7,9700,B,7,270,A,7,1.0,E,8,0.000,?,0,0.00,?,0,0,1,D,9,00,C,8
03/12/1985,04:00,0,0,0,1,0,0,1,0,0,1,0,0,1,0,0,1,0,0,1,0,0,1,0,10,A,7,10,A,7,1.1,A,7,-0.6,A,7,89,A,7,961,A,7,280,A,7,12.9,A,7,9700,B,7,270,A,7,1.0,E,8,0.000,?,0,0.00,?,0,0,1,D,9,61,C,8
03/12/1985,05:00,0,0,0,1,0,0,1,0,0,1,0,0,1,0,0,1,0,0,1,0,0,1,0,10,A,7,10,A,7,0.6,A,7,-1.7,A,7,85,A,7,962,A,7,270,A,7,15.4,A,7,11300,B,7,430,A,7,0.9,E,8,0.000,?,0,0.00,?,0,0,1,D,9,61,C,8
03/12/1985,06:00,0,0,0,1,0,0,1,0,0,1,0,0,1,0,0,1,0,0,1,0,0,1,0,10,A,7,10,A,7,1.1,A,7,-0.6,A,7,89,A,7,964,A,7,300,A,7,10.3,A,7,11300,B,7,460,A,7,1.0,E,8,0.000,?,0,0.00,?,0,0,1,D,9,61,C,8
03/12/1985,07:00,0,58,0,1,0,0,1,0,0,1,0,0,1,1,0,1,2,0,1,2,0,1,1,10,A,7,10,A,7,1.1,A,7,-0.6,A,7,89,A,7,967,A,7,300,A,7,10.3,A,7,4800,B,7,270,A,7,1.0,E,8,0.000,?,0,0.00,?,0,0,1,D,9,85,C,8
03/12/1985,08:00,136,1385,31,1,13,0,1,9,31,1,13,35,1,13,0,1,9,35,1,13,103,1,21,10,A,7,10,A,7,1.1,A,7,-0.6,A,7,89,A,7,969,A,7,300,A,7,11.3,A,7,8000,B,7,580,A,7,1.0,E,8,0.000,F,8,0.00,?,0,0,1,D,9,85,C,8
03/12/1985,09:00,384,1385,106,1,9,0,1,9,106,1,13,118,1,9,0,1,9,118,1,13,372,1,18,10,A,7,10,A,7,1.7,A,7,-0.6,A,7,85,A,7,972,A,7,310,A,7,12.9,A,7,16100,B,7,700,A,7,1.0,E,8,0.000,F,8,0.00,?,0,0,1,D,9,45,C,8
03/12/1985,10:00,605,1385,194,1,9,0,1,9,194,1,13,217,1,9,0,1,9,217,1,13,715,1,18,10,A,7,10,A,7,1.1,A,7,-1.1,A,7,85,A,7,974,A,7,310,A,7,10.3,A,7,16100,B,7,640,A,7,1.0,E,8,0.000,F,8,0.00,?,0,0,1,D,9,00,C,8
03/12/1985,11:00,782,1385,255,1,9,1,1,9,255,1,13,290,1,9,1,1,9,289,1,13,1005,1,18,10,A,7,10,A,7,2.8,A,7,-1.1,A,7,76,A,7,976,A,7,330,A,7,11.3,A,7,16100,B,7,640,A,7,1.0,E,8,0.000,F,8,0.00,?,0,0,1,D,9,00,C,8
03/12/1985,12:00,902,1385,373,1,13,172,1,13,262,1,13,412,1,13,182,1,13,294,1,13,747,1,23,6,A,7,6,A,7,5.0,A,7,1.7,A,7,79,A,7,977,A,7,320,A,7,11.8,A,7,16100,B,7,760,A,7,1.2,E,8,0.000,F,8,0.00,?,0,0,1,D,9,00,C,8
03/12/1985,13:00,958,1385,675,1,13,767,1,13,148,1,13,725,1,13,782,1,13,183,1,13,413,1,23,3,A,7,3,A,7,6.1,A,7,0.6,A,7,68,A,7,979,A,7,320,A,7,14.9,A,7,16100,B,7,77777,A,7,1.1,E,8,0.000,F,8,0.00,?,0,0,1,D,9,00,C,8
03/12/1985,14:00,944,1385,662,1,9,786,1,9,128,1,13,696,1,9,787,1,9,158,1,13,324,1,18,2,A,7,2,A,7,6.1,A,7,0.0,A,7,65,A,7,980,A,7,320,A,7,12.9,A,7,16100,B,7,77777,A,7,1.1,E,8,0.000,F,8,0.00,?,0,0,1,D,9,00,C,8
03/12/1985,15:00,863,1385,633,1,9,868,1,9,95,1,13,662,1,9,859,1,9,124,1,13,203,1,18,0,A,7,0,A,7,6.7,A,7,0.0,A,7,63,A,7,981,A,7,320,A,7,12.4,A,7,16100,B,7,77777,A,7,1.1,E,8,0.000,F,8,0.00,?,0,0,1,D,9,00,C,8
03/12/1985,16:00,719,1385,507,1,9,821,1,9,83,1,13,540,1,9,811,1,9,117,1,13,185,1,18,0,A,7,0,A,7,6.1,A,7,-2.2,A,7,56,A,7,982,A,7,320,A,7,10.3,A,7,16100,B,7,77777,A,7,0.9,E,8,0.000,F,8,0.00,?,0,0,1,D,9,00,C,8
03/12/1985,17:00,524,1385,333,1,9,712,1,9,66,1,13,350,1,9,669,1,9,96,1,13,134,1,18,0,A,7,0,A,7,6.1,A,7,-2.8,A,7,53,A,7,983,A,7,320,A,7,7.7,A,7,16100,B,7,77777,A,7,0.9,E,8,0.000,F,8,0.00,?,0,0,1,D,9,00,C,8
03/12/1985,18:00,289,1385,150,1,13,511,1,9,44,1,13,157,1,13,402,1,9,73,1,13,82,1,21,0,A,7,0,A,7,5.0,A,7,-3.9,A,7,53,A,7,984,A,7,320,A,7,7.2,A,7,24100,B,7,77777,A,7,0.9,E,8,0.000,F,8,0.00,?,0,0,1,D,9,00,C,8
03/12/1985,19:00,53,912,23,1,13,69,1,9,15,1,13,21,1,13,27,1,9,19,1,13,26,1,21,2,A,7,1,A,7,3.3,A,7,-4.4,A,7,57,A,7,985,A,7,310,A,7,7.2,A,7,24100,B,7,77777,A,7,0.8,E,8,0.000,F,8,0.00,?,0,0,1,D,9,00,C,8
03/12/1985,20:00,0,0,0,1,0,0,1,0,0,1,0,0,1,0,0,1,0,0,1,0,0,1,0,3,A,7,1,A,7,2.2,A,7,-3.9,A,7,64,A,7,986,A,7,300,A,7,4.6,A,7,24100,B,7,77777,A,7,0.8,E,8,0.000,?,0,0.00,?,0,0,1,D,9,00,C,8
03/12/1985,21:00,0,0,0,1,0,0,1,0,0,1,0,0,1,0,0,1,0,0,1,0,0,1,0,3,A,7,1,A,7,1.1,A,7,-5.0,A,7,64,A,7,987,A,7,300,A,7,4.6,A,7,24100,B,7,77777,A,7,0.8,E,8,0.000,?,0,0.00,?,0,0,1,D,9,00,C,8
03/12/1985,22:00,0,0,0,1,0,0,1,0,0,1,0,0,1,0,0,1,0,0,1,0,0,1,0,3,A,7,1,A,7,-0.6,A,7,-5.6,A,7,69,A,7,987,A,7,280,A,7,3.6,A,7,24100,B,7,77777,A,7,0.8,E,8,0.000,?,0,0.00,?,0,0,1,D,9,00,C,8
03/12/1985,23:00,0,0,0,1,0,0,1,0,0,1,0,0,1,0,0,1,0,0,1,0,0,1,0,3,A,7,1,A,7,-2.2,A,7,-6.1,A,7,75,A,7,987,A,7,280,A,7,3.6,A,7,24100,B,7,77777,A,7,0.8,E,8,0.000,?,0,0.00,?,0,0,1,D,9,00,C,8
03/12/1985,24:00,0,0,0,1,0,0,1,0,0,1,0,0,1,0,0,1,0,0,1,0,0,1,0,3,A,7,1,A,7,-2.2,A,7,-6.1,A,7,75,A,7,987,A,7,300,A,7,3.1,A,7,24100,B,7,77777,A,7,0.8,E,8,0.000,?,0,0.00,?,0,0,1,D,9,00,C,8
03/13/1985,01:00,0,0,0,1,0,0,1,0,0,1,0,0,1,0,0,1,0,0,1,0,0,1,0,2,A,7,0,A,7,-2.2,A,7,-6.1,A,7,75,A,7,987,A,7,280,A,7,3.6,A,7,24100,B,7,77777,A,7,0.8,E,8,0.000,?,0,0.00,?,0,0,1,D,9,00,C,8
03/13/1985,02:00,0,0,0,1,0,0,1,0,0,1,0,0,1,0,0,1,0,0,1,0,0,1,0,6,A,7,2,A,7,-2.8,A,7,-6.1,A,7,78,A,7,987,A,7,310,A,7,2.6,A,7,24100,B,7,77777,A,7,0.7,E,8,0.000,?,0,0.00,?,0,0,1,D,9,00,C,8
03/13/1985,03:00,0,0,0,1,0,0,1,0,0,1,0,0,1,0,0,1,0,0,1,0,0,1,0,8,A,7,2,A,7,-2.8,A,7,-6.1,A,7,78,A,7,987,A,7,290,A,7,2.1,A,7,24100,B,7,77777,A,7,0.7,E,8,0.000,?,0,0.00,?,0,0,1,D,9,00,C,8
03/13/1985,04:00,0,0,0,1,0,0,1,0,0,1,0,0,1,0,0,1,0,0,1,0,0,1,0,8,A,7,3,A,7,-3.3,A,7,-6.7,A,7,78,A,7,987,A,7,280,A,7,2.6,A,7,24100,B,7,77777,A,7,0.7,E,8,0.000,?,0,0.00,?,0,0,1,D,9,00,C,8
03/13/1985,05:00,0,0,0,1,0,0,1,0,0,1,0,0,1,0,0,1,0,0,1,0,0,1,0,8,A,7,3,A,7,-3.3,A,7,-6.7,A,7,78,A,7,987,A,7,260,A,7,3.6,A,7,24100,B,7,77777,A,7,0.7,E,8,0.000,?,0,0.00,?,0,0,1,D,9,00,C,8
03/13/1985,06:00,0,0,0,1,0,0,1,0,0,1,0,0,1,0,0,1,0,0,1,0,0,1,0,10,A,7,9,A,7,-2.8,A,7,-6.1,A,7,78,A,7,987,A,7,230,A,7,2.1,A,7,24100,B,7,4270,A,7,0.7,E,8,0.000,?,0,0.00,?,0,0,1,D,9,00,C,8
03/13/1985,07:00,1,104,0,1,0,0,1,0,0,1,0,0,1,1,0,1,2,0,1,2,0,1,1,10,A,7,10,A,7,-2.8,A,7,-5.6,A,7,81,A,7,987,A,7,200,A,7,2.1,A,7,24100,B,7,4270,A,7,0.8,E,8,0.000,?,0,0.00,?,0,0,1,D,9,00,C,8
03/13/1985,08:00,143,1384,22,1,13,44,1,9,18,1,13,25,1,13,22,1,9,23,1,13,30,1,21,10,A,7,10,A,7,-2.2,A,7,-4.4,A,7,85,A,7,987,A,7,200,A,7,1.5,A,7,16100,B,7,4270,A,7,0.8,E,8,0.000,F,8,0.00,?,0,0,1,D,9,00,C,8
03/13/1985,09:00,391,1384,82,1,9,17,1,9,78,1,13,91,1,9,15,1,9,87,1,13,217,1,18,10,A,7,10,A,7,-0.6,A,7,-2.2,A,7,89,A,7,986,A,7,190,A,7,2.1,A,7,16100,B,7,2440,A,7,0.9,E,8,0.000,F,8,0.00,?,0,0,1,D,9,00,C,8
03/13/1985,10:00,613,1384,180,1,9,7,1,9,177,1,13,204,1,9,6,1,9,201,1,13,680,1,18,10,A,7,10,A,7,0.6,A,7,-2.8,A,7,79,A,7,985,A,7,200,A,7,3.6,A,7,16100,B,7,2440,A,7,0.9,E,8,0.000,F,8,0.00,?,0,0,1,D,9,00,C,8
03/13/1985,11:00,789,1384,241,1,9,4,1,9,239,1,13,275,1,9,4,1,9,273,1,13,970,1,18,10,A,7,10,A,7,1.7,A,7,-2.8,A,7,73,A,7,985,A,7,200,A,7,4.1,A,7,16100,B,7,2440,A,7,0.9,E,8,0.000,F,8,0.00,?,0,0,1,D,9,00,C,8
03/13/1985,12:00,909,1384,252,1,9,3,1,9,250,1,13,292,1,9,3,1,9,290,1,13,1088,1,18,10,A,7,10,A,7,2.2,A,7,-2.8,A,7,70,A,7,985,A,7,230,A,7,5.2,A,7,16100,B,7,2130,A,7,0.9,E,8,0.000,F,8,0.00,?,0,0,1,D,9,00,C,8
03/13/1985,13:00,964,1384,290,1,9,6,1,9,286,1,13,336,1,9,5,1,9,332,1,13,1235,1,18,10,A,7,10,A,7,2.8,A,7,-3.3,A,7,65,A,7,984,A,7,230,A,7,5.7,A,7,11300,B,7,640,A,7,0.9,E,8,0.000,F,8,0.00,?,0,0,1,D,9,00,C,8
03/13/1985,14:00,950,1384,304,1,9,1,1,9,303,1,13,349,1,9,1,1,9,348,1,13,1273,1,18,10,A,7,10,A,7,1.7,A,7,-2.8,A,7,73,A,7,984,A,7,240,A,7,5.2,A,7,11300,B,7,640,A,7,0.9,E,8,0.000,F,8,0.00,?,0,0,1,D,9,71,C,8
03/13/1985,15:00,869,1384,258,1,9,1,1,9,257,1,13,296,1,9,1,1,9,296,1,13,1080,1,18,10,A,7,10,A,7,2.2,A,7,-1.7,A,7,76,A,7,983,A,7,190,A,7,5.2,A,7,9700,B,7,640,A,7,1.0,E,8,0.000,F,8,0.00,?,0,0,1,D,9,71,C,8
03/13/1985,16:00,725,1384,140,1,9,0,1,9,140,1,13,165,1,9,0,1,9,165,1,13,625,1,18,10,A,7,10,A,7,2.2,A,7,-0.6,A,7,82,A,7,982,A,7,210,A,7,5.2,A,7,11300,B,7,310,A,7,1.0,E,8,0.000,F,8,0.00,?,0,0,1,D,9,71,C,8
03/13/1985,17:00,529,1384,173,1,9,0,1,9,173,1,13,192,1,9,0,1,9,192,1,13,610,1,18,10,A,7,10,A,7,1.7,A,7,0.0,A,7,89,A,7,981,A,7,220,A,7,5.7,A,7,4800,B,7,310,A,7,1.1,E,8,0.000,F,8,0.00,?,0,0,1,D,9,51,C,8
03/13/1985,18:00,295,1384,52,1,13,1,1,9,52,1,13,60,1,13,0,1,9,60,1,13,198,1,21,10,A,7,10,A,7,1.7,A,7,0.6,A,7,92,A,7,981,A,7,200,A,7,4.1,A,7,4800,B,7,180,A,7,1.1,E,8,0.000,F,8,0.00,?,0,3,1,D,9,45,C,8
03/13/1985,19:00,57,934,11,1,13,0,1,9,11,1,13,13,1,13,0,1,9,13,1,13,41,1,21,10,A,7,10,A,7,1.7,A,7,0.6,A,7,92,A,7,981,A,7,210,A,7,4.1,A,7,4800,B,7,210,A,7,1.1,E,8,0.000,F,8,0.00,?,0,0,1,D,9,45,C,8
03/13/1985,20:00,0,0,0,1,0,0,1,0,0,1,0,0,1,0,0,1,0,0,1,0,0,1,0,10,A,7,10,A,7,1.7,A,7,0.6,A,7,92,A,7,981,A,7,240,A,7,5.2,A,7,6400,B,7,210,A,7,1.1,E,8,0.000,?,0,0.00,?,0,0,1,D,9,45,C,8
03/13/1985,21:00,0,0,0,1,0,0,1,0,0,1,0,0,1,0,0,1,0,0,1,0,0,1,0,10,A,7,10,A,7,1.7,A,7,0.6,A,7,92,A,7,981,A,7,260,A,7,5.2,A,7,6400,B,7,180,A,7,1.1,E,8,0.000,?,0,0.00,?,0,0,1,D,9,45,C,8
03/13/1985,22:00,0,0,0,1,0,0,1,0,0,1,0,0,1,0,0,1,0,0,1,0,0,1,0,10,A,7,10,A,7,1.1,A,7,-0.6,A,7,89,A,7,982,A,7,270,A,7,4.6,A,7,9700,B,7,270,A,7,1.0,E,8,0.000,?,0,0.00,?,0,0,1,D,9,45,C,8
03/13/1985,23:00,0,0,0,1,0,0,1,0,0,1,0,0,1,0,0,1,0,0,1,0,0,1,0,10,A,7,10,A,7,1.7,A,7,0.6,A,7,92,A,7,981,A,7,270,A,7,4.6,A,7,9700,B,7,270,A,7,1.1,E,8,0.000,?,0,0.00,?,0,0,1,D,9,45,C,8
03/13/1985,24:00,0,0,0,1,0,0,1,0,0,1,0,0,1,0,0,1,0,0,1,0,0,1,0,10,A,7,10,A,7,1.7,A,7,0.6,A,7,92,A,7,981,A,7,260,A,7,4.1,A,7,6400,B,7,180,A,7,1.1,E,8,0.000,?,0,0.00,?,0,0,1,D,9,45,C,8
03/14/1985,01:00,0,0,0,1,0,0,1,0,0,1,0,0,1,0,0,1,0,0,1,0,0,1,0,10,A,7,10,A,7,1.1,A,7,-0.6,A,7,89,A,7,981,A,7,270,A,7,5.2,A,7,6400,B,7,240,A,7,1.0,E,8,0.000,?,0,0.00,?,0,3,1,D,9,45,C,8
03/14/1985,02:00,0,0,0,1,0,0,1,0,0,1,0,0,1,0,0,1,0,0,1,0,0,1,0,10,A,7,10,A,7,1.1,A,7,-0.6,A,7,89,A,7,982,A,7,280,A,7,4.1,A,7,11300,B,7,1220,A,7,1.0,E,8,0.000,?,0,0.00,?,0,0,1,D,9,45,C,8
03/14/1985,03:00,0,0,0,1,0,0,1,0,0,1,0,0,1,0,0,1,0,0,1,0,0,1,0,10,A,7,10,A,7,1.1,A,7,-0.6,A,7,89,A,7,981,A,7,260,A,7,3.6,A,7,11300,B,7,1220,A,7,1.0,E,8,0.000,?,0,0.00,?,0,0,1,D,9,00,C,8
03/14/1985,04:00,0,0,0,1,0,0,1,0,0,1,0,0,1,0,0,1,0,0,1,0,0,1,0,10,A,7,10,A,7,1.1,A,7,-0.6,A,7,89,A,7,981,A,7,280,A,7,3.6,A,7,11300,B,7,1220,A,7,1.0,E,8,0.000,?,0,0.00,?,0,0,1,D,9,00,C,8
03/14/1985,05:00,0,0,0,1,0,0,1,0,0,1,0,0,1,0,0,1,0,0,1,0,0,1,0,6,A,7,6,A,7,0.0,A,7,-2.2,A,7,85,A,7,981,A,7,270,A,7,3.6,A,7,11300,B,7,1220,A,7,0.9,E,8,0.000,?,0,0.00,?,0,0,1,D,9,00,C,8
03/14/1985,06:00,0,0,0,1,0,0,1,0,0,1,0,0,1,0,0,1,0,0,1,0,0,1,0,4,A,7,4,A,7,0.0,A,7,-2.2,A,7,85,A,7,982,A,7,260,A,7,5.2,A,7,11300,B,7,77777,A,7,0.9,E,8,0.000,?,0,0.00,?,0,0,1,D,9,00,C,8
03/14/1985,07:00,1,150,1,1,13,1,1,9,0,1,13,0,1,13,0,1,9,0,1,13,0,1,21,1,A,7,1,A,7,0.0,A,7,-2.2,A,7,85,A,7,982,A,7,260,A,7,4.1,A,7,11300,B,7,77777,A,7,0.9,E,8,0.000,F,8,0.00,?,0,0,1,D,9,00,C,8
03/14/1985,08:00,150,1383,59,1,13,320,1,9,26,1,13,62,1,13,188,1,9,42,1,13,47,1,21,0,A,7,0,A,7,0.0,A,7,-2.2,A,7,85,A,7,983,A,7,250,A,7,3.6,A,7,11300,B,7,77777,A,7,0.9,E,8,0.000,F,8,0.00,?,0,0,1,D,9,00,C,8
03/14/1985,09:00,399,1383,160,1,13,186,1,13,108,1,13,172,1,13,165,1,13,124,1,13,213,1,23,6,A,7,6,A,7,1.7,A,7,-0.6,A,7,85,A,7,983,A,7,260,A,7,5.7,A,7,11300,B,7,310,A,7,1.0,E,8,0.000,F,8,0.00,?,0,0,1,D,9,00,C,8
03/14/1985,10:00,620,1383,183,1,9,7,1,9,180,1,13,207,1,9,6,1,9,205,1,13,693,1,18,10,A,7,10,A,7,1.7,A,7,0.0,A,7,89,A,7,983,A,7,290,A,7,6.2,A,7,8000,B,7,370,A,7,1.1,E,8,0.000,F,8,0.00,?,0,0,1,D,9,00,C,8
03/14/1985,11:00,796,1383,282,1,9,5,1,9,279,1,13,318,1,9,5,1,9,315,1,13,1074,1,18,10,A,7,10,A,7,2.2,A,7,0.6,A,7,89,A,7,984,A,7,280,A,7,6.2,A,7,11300,B,7,460,A,7,1.1,E,8,0.000,F,8,0.00,?,0,0,1,D,9,45,C,8
03/14/1985,12:00,916,1383,395,1,9,91,1,9,335,1,13,435,1,9,93,1,9,373,1,13,1111,1,18,9,A,7,9,A,7,3.9,A,7,0.6,A,7,79,A,7,984,A,7,290,A,7,7.7,A,7,12900,B,7,640,A,7,1.1,E,8,0.000,F,8,0.00,?,0,0,1,D,9,00,C,8
03/14/1985,13:00,970,1383,418,1,9,195,1,9,282,1,13,463,1,9,207,1,9,317,1,13,856,1,18,8,A,7,8,A,7,4.4,A,7,1.1,A,7,79,A,7,984,A,7,270,A,7,8.2,A,7,16100,B,7,850,A,7,1.1,E,8,0.000,F,8,0.00,?,0,0,1,D,9,00,C,8
03/14/1985,14:00,956,1383,414,1,13,142,1,13,316,1,13,454,1,13,150,1,13,349,1,13,947,1,23,7,A,7,7,A,7,5.0,A,7,0.0,A,7,70,A,7,983,A,7,280,A,7,7.7,A,7,16100,B,7,850,A,7,1.1,E,8,0.000,F,8,0.00,?,0,0,1,D,9,00,C,8
03/14/1985,15:00,874,1383,366,1,9,106,1,9,299,1,13,403,1,9,108,1,9,334,1,13,979,1,18,9,A,7,9,A,7,4.4,A,7,-1.7,A,7,65,A,7,983,A,7,300,A,7,8.8,A,7,16100,B,7,910,A,7,1.0,E,8,0.000,F,8,0.00,?,0,0,1,D,9,00,C,8
03/14/1985,16:00,730,1383,365,1,13,263,1,13,227,1,13,391,1,13,275,1,13,246,1,13,531,1,23,6,A,7,6,A,7,5.6,A,7,-2.8,A,7,55,A,7,983,A,7,290,A,7,9.3,A,7,16100,B,7,1070,A,7,0.9,E,8,0.000,F,8,0.00,?,0,0,1,D,9,00,C,8
03/14/1985,17:00,534,1383,230,1,13,295,1,13,118,1,13,252,1,13,290,1,13,140,1,13,234,1,23,6,A,7,6,A,7,4.4,A,7,-5.6,A,7,49,A,7,984,A,7,300,A,7,7.2,A,7,24100,B,7,1070,A,7,0.8,E,8,0.000,F,8,0.00,?,0,0,1,D,9,00,C,8
03/14/1985,18:00,300,1383,102,1,13,149,1,13,70,1,13,109,1,13,117,1,13,84,1,13,131,1,23,5,A,7,5,A,7,4.4,A,7,-6.7,A,7,45,A,7,984,A,7,300,A,7,8.2,A,7,24100,B,7,77777,A,7,0.7,E,8,0.000,F,8,0.00,?,0,0,1,D,9,00,C,8
03/14/1985,19:00,60,980,29,1,13,77,1,13,21,1,13,28,1,13,27,1,13,26,1,13,37,1,23,3,A,7,3,A,7,2.8,A,7,-5.0,A,7,57,A,7,985,A,7,300,A,7,6.7,A,7,24100,B,7,77777,A,7,0.8,E,8,0.000,F,8,0.00,?,0,0,1,D,9,00,C,8
03/14/1985,20:00,0,0,0,1,0,0,1,0,0,1,0,0,1,0,0,1,0,0,1,0,0,1,0,0,A,7,0,A,7,1.1,A,7,-6.7,A,7,57,A,7,987,A,7,300,A,7,5.2,A,7,24100,B,7,77777,A,7,0.7,E,8,0.000,?,0,0.00,?,0,0,1,D,9,00,C,8
03/14/1985,21:00,0,0,0,1,0,0,1,0,0,1,0,0,1,0,0,1,0,0,1,0,0,1,0,0,A,7,0,A,7,-0.6,A,7,-6.7,A,7,64,A,7,987,A,7,290,A,7,4.1,A,7,24100,B,7,77777,A,7,0.7,E,8,0.000,?,0,0.00,?,0,0,1,D,9,00,C,8
03/14/1985,22:00,0,0,0,1,0,0,1,0,0,1,0,0,1,0,0,1,0,0,1,0,0,1,0,0,A,7,0,A,7,-2.2,A,7,-6.7,A,7,72,A,7,988,A,7,290,A,7,3.6,A,7,24100,B,7,77777,A,7,0.7,E,8,0.000,?,0,0.00,?,0,0,1,D,9,00,C,8
03/14/1985,23:00,0,0,0,1,0,0,1,0,0,1,0,0,1,0,0,1,0,0,1,0,0,1,0,0,A,7,0,A,7,-1.1,A,7,-6.1,A,7,69,A,7,988,A,7,300,A,7,4.1,A,7,24100,B,7,77777,A,7,0.8,E,8,0.000,?,0,0.00,?,0,0,1,D,9,00,C,8
03/14/1985,24:00,0,0,0,1,0,0,1,0,0,1,0,0,1,0,0,1,0,0,1,0,0,1,0,0,A,7,0,A,7,-1.7,A,7,-6.1,A,7,72,A,7,989,A,7,320,A,7,4.1,A,7,24100,B,7,77777,A,7,0.7,E,8,0.000,?,0,0.00,?,0,0,1,D,9,00,C,8
03/15/1985,01:00,0,0,0,1,0,0,1,0,0,1,0,0,1,0,0,1,0,0,1,0,0,1,0,0,A,7,0,A,7,-2.8,A,7,-6.7,A,7,75,A,7,989,A,7,320,A,7,4.1,A,7,24100,B,7,77777,A,7,0.7,E,8,0.000,?,0,0.00,?,0,0,1,D,9,00,C,8
03/15/1985,02:00,0,0,0,1,0,0,1,0,0,1,0,0,1,0,0,1,0,0,1,0,0,1,0,0,A,7,0,A,7,-3.3,A,7,-6.7,A,7,78,A,7,990,A,7,340,A,7,4.6,A,7,24100,B,7,77777,A,7,0.7,E,8,0.000,?,0,0.00,?,0,0,1,D,9,00,C,8
03/15/1985,03:00,0,0,0,1,0,0,1,0,0,1,0,0,1,0,0,1,0,0,1,0,0,1,0,0,A,7,0,A,7,-3.9,A,7,-6.7,A,7,81,A,7,990,A,7,330,A,7,4.6,A,7,24100,B,7,77777,A,7,0.7,E,8,0.000,?,0,0.00,?,0,0,1,D,9,00,C,8
03/15/1985,04:00,0,0,0,1,0,0,1,0,0,1,0,0,1,0,0,1,0,0,1,0,0,1,0,0,A,7,0,A,7,-3.9,A,7,-6.7,A,7,81,A,7,991,A,7,330,A,7,5.2,A,7,24100,B,7,77777,A,7,0.7,E,8,0.000,?,0,0.00,?,0,0,1,D,9,00,C,8
03/15/1985,05:00,0,0,0,1,0,0,1,0,0,1,0,0,1,0,0,1,0,0,1,0,0,1,0,0,A,7,0,A,7,-5.0,A,7,-7.8,A,7,81,A,7,992,A,7,320,A,7,4.6,A,7,24100,B,7,77777,A,7,0.7,E,8,0.000,?,0,0.00,?,0,0,1,D,9,00,C,8
03/15/1985,06:00,0,0,0,1,0,0,1,0,0,1,0,0,1,0,0,1,0,0,1,0,0,1,0,0,A,7,0,A,7,-5.0,A,7,-7.8,A,7,81,A,7,992,A,7,330,A,7,4.6,A,7,24100,B,7,77777,A,7,0.7,E,8,0.000,?,0,0.00,?,0,0,1,D,9,00,C,8
03/15/1985,07:00,2,196,1,1,13,0,1,9,1,1,13,0,1,13,0,1,9,0,1,13,0,1,21,0,A,7,0,A,7,-5.6,A,7,-8.3,A,7,81,A,7,993,A,7,320,A,7,3.6,A,7,24100,B,7,77777,A,7,0.7,E,8,0.000,F,8,0.00,?,0,0,1,D,9,00,C,8
03/15/1985,08:00,158,1383,47,1,13,85,1,9,38,1,13,51,1,13,45,1,9,45,1,13,69,1,21,0,A,7,0,A,7,-5.0,A,7,-8.3,A,7,78,A,7,994,A,7,310,A,7,3.6,A,7,24100,B,7,77777,A,7,0.7,E,8,0.000,F,8,0.00,?,0,0,1,D,9,00,C,8
03/15/1985,09:00,406,1383,202,1,9,393,1,9,88,1,13,215,1,9,345,1,9,113,1,13,163,1,18,0,A,7,0,A,7,-2.8,A,7,-6.7,A,7,75,A,7,994,A,7,310,A,7,4.1,A,7,24100,B,7,77777,A,7,0.7,E,8,0.000,F,8,0.00,?,0,0,1,D,9,00,C,8
03/15/1985,10:00,627,1383,382,1,9,568,1,9,128,1,13,399,1,9,546,1,9,150,1,13,253,1,18,0,A,7,0,A,7,-1.7,A,7,-6.1,A,7,72,A,7,995,A,7,340,A,7,3.1,A,7,24100,B,7,77777,A,7,0.8,E,8,0.000,F,8,0.00,?,0,0,1,D,9,00,C,8
03/15/1985,11:00,803,1383,546,1,9,675,1,9,157,1,13,574,1,9,672,1,9,182,1,13,356,1,18,0,A,7,0,A,7,-0.6,A,7,-6.1,A,7,67,A,7,995,A,7,340,A,7,4.6,A,7,24100,B,7,77777,A,7,0.8,E,8,0.000,F,8,0.00,?,0,0,1,D,9,00,C,8
03/15/1985,12:00,922,1383,655,1,9,725,1,9,175,1,13,693,1,9,731,1,9,204,1,13,455,1,18,0,A,7,0,A,7,0.6,A,7,-6.7,A,7,59,A,7,995,A,7,300,A,7,5.2,A,7,24100,B,7,77777,A,7,0.7,E,8,0.000,F,8,0.00,?,0,0,1,D,9,00,C,8
03/15/1985,13:00,977,1383,709,1,9,750,1,9,183,1,13,752,1,9,759,1,9,214,1,13,515,1,18,0,A,7,0,A,7,1.7,A,7,-6.7,A,7,54,A,7,995,A,7,300,A,7,4.6,A,7,24100,B,7,77777,A,7,0.7,E,8,0.000,F,8,0.00,?,0,0,1,D,9,00,C,8
03/15/1985,14:00,962,1383,696,1,9,745,1,9,181,1,13,738,1,9,753,1,9,212,1,13,498,1,18,0,A,7,0,A,7,2.2,A,7,-6.7,A,7,52,A,7,994,A,7,340,A,7,4.1,A,7,24100,B,7,77777,A,7,0.7,E,8,0.000,F,8,0.00,?,0,0,1,D,9,00,C,8
03/15/1985,15:00,880,1383,621,1,9,712,1,9,169,1,13,653,1,9,715,1,9,196,1,13,417,1,18,0,A,7,0,A,7,3.3,A,7,-7.2,A,7,46,A,7,994,A,7,310,A,7,5.7,A,7,24100,B,7,77777,A,7,0.7,E,8,0.000,F,8,0.00,?,0,0,1,D,9,00,C,8
03/15/1985,16:00,736,1383,488,1,9,644,1,9,147,1,13,509,1,9,635,1,9,171,1,13,314,1,18,0,A,7,0,A,7,3.9,A,7,-7.2,A,7,45,A,7,993,A,7,320,A,7,5.2,A,7,24100,B,7,77777,A,7,0.7,E,8,0.000,F,8,0.00,?,0,0,1,D,9,00,C,8
03/15/1985,17:00,540,1383,313,1,9,518,1,9,113,1,13,337,1,9,495,1,9,143,1,13,217,1,18,0,A,7,0,A,7,3.3,A,7,-6.7,A,7,48,A,7,993,A,7,300,A,7,4.6,A,7,24100,B,7,77777,A,7,0.7,E,8,0.000,F,8,0.00,?,0,0,1,D,9,00,C,8
03/15/1985,18:00,305,1383,132,1,13,285,1,9,70,1,13,139,1,13,224,1,9,90,1,13,128,1,21,0,A,7,0,A,7,2.8,A,7,-5.0,A,7,57,A,7,992,A,7,250,A,7,3.6,A,7,24100,B,7,77777,A,7,0.8,E,8,0.000,F,8,0.00,?,0,0,1,D,9,00,C,8
03/15/1985,19:00,63,1002,24,1,13,18,1,9,22,1,13,25,1,13,10,1,9,25,1,13,53,1,21,0,A,7,0,A,7,0.6,A,7,-5.6,A,7,64,A,7,992,A,7,260,A,7,3.1,A,7,24100,B,7,77777,A,7,0.8,E,8,0.000,F,8,0.00,?,0,0,1,D,9,00,C,8
03/15/1985,20:00,0,0,0,1,0,0,1,0,0,1,0,0,1,0,0,1,0,0,1,0,0,1,0,0,A,7,0,A,7,-0.6,A,7,-6.1,A,7,67,A,7,992,A,7,260,A,7,3.1,A,7,24100,B,7,77777,A,7,0.8,E,8,0.000,?,0,0.00,?,0,0,1,D,9,00,C,8
03/15/1985,21:00,0,0,0,1,0,0,1,0,0,1,0,0,1,0,0,1,0,0,1,0,0,1,0,0,A,7,0,A,7,-1.7,A,7,-6.7,A,7,69,A,7,992,A,7,220,A,7,2.6,A,7,24100,B,7,77777,A,7,0.7,E,8,0.000,?,0,0.00,?,0,0,1,D,9,00,C,8
03/15/1985,22:00,0,0,0,1,0,0,1,0,0,1,0,0,1,0,0,1,0,0,1,0,0,1,0,0,A,7,0,A,7,-2.2,A,7,-6.1,A,7,75,A,7,992,A,7,160,A,7,2.6,A,7,24100,B,7,77777,A,7,0.8,E,8,0.000,?,0,0.00,?,0,0,1,D,9,00,C,8
03/15/1985,23:00,0,0,0,1,0,0,1,0,0,1,0,0,1,0,0,1,0,0,1,0,0,1,0,5,A,7,5,A,7,-2.8,A,7,-6.1,A,7,78,A,7,992,A,7,180,A,7,2.1,A,7,24100,B,7,77777,A,7,0.8,E,8,0.000,?,0,0.00,?,0,0,1,D,9,00,C,8
03/15/1985,24:00,0,0,0,1,0,0,1,0,0,1,0,0,1,0,0,1,0,0,1,0,0,1,0,7,A,7,7,A,7,-1.1,A,7,-3.9,A,7,82,A,7,991,A,7,180,A,7,3.1,A,7,16100,B,7,2130,A,7,0.9,E,8,0.000,?,0,0.00,?,0,0,1,D,9,00,C,8
03/16/1985,01:00,0,0,0,1,0,0,1,0,0,1,0,0,1,0,0,1,0,0,1,0,0,1,0,7,A,7,7,A,7,-1.1,A,7,-3.9,A,7,82,A,7,991,A,7,180,A,7,3.6,A,7,16100,B,7,2130,A,7,0.9,E,8,0.000,?,0,0.00,?,0,0,1,D,9,00,C,8
03/16/1985,02:00,0,0,0,1,0,0,1,0,0,1,0,0,1,0,0,1,0,0,1,0,0,1,0,3,A,7,3,A,7,-0.6,A,7,-4.4,A,7,75,A,7,990,A,7,190,A,7,4.1,A,7,16100,B,7,77777,A,7,0.8,E,8,0.000,?,0,0.00,?,0,0,1,D,9,00,C,8
03/16/1985,03:00,0,0,0,1,0,0,1,0,0,1,0,0,1,0,0,1,0,0,1,0,0,1,0,3,A,7,3,A,7,-0.6,A,7,-4.4,A,7,75,A,7,989,A,7,190,A,7,4.6,A,7,16100,B,7,77777,A,7,0.8,E,8,0.000,?,0,0.00,?,0,0,1,D,9,00,C,8
03/16/1985,04:00,0,0,0,1,0,0,1,0,0,1,0,0,1,0,0,1,0,0,1,0,0,1,0,0,A,7,0,A,7,-1.1,A,7,-4.4,A,7,78,A,7,988,A,7,190,A,7,4.6,A,7,16100,B,7,77777,A,7,0.8,E,8,0.000,?,0,0.00,?,0,0,1,D,9,00,C,8
03/16/1985,05:00,0,0,0,1,0,0,1,0,0,1,0,0,1,0,0,1,0,0,1,0,0,1,0,0,A,7,0,A,7,-0.6,A,7,-3.9,A,7,79,A,7,987,A,7,190,A,7,5.2,A,7,16100,B,7,77777,A,7,0.9,E,8,0.000,?,0,0.00,?,0,0,1,D,9,00,C,8
03/16/1985,06:00,0,0,0,1,0,0,1,0,0,1,0,0,1,0,0,1,0,0,1,0,0,1,0,0,A,7,0,A,7,-0.6,A,7,-3.9,A,7,79,A,7,987,A,7,190,A,7,6.2,A,7,16100,B,7,77777,A,7,0.9,E,8,0.000,?,0,0.00,?,0,0,1,D,9,00,C,8
03/16/1985,07:00,3,219,1,1,13,2,1,9,1,1,13,0,1,13,0,1,9,0,1,13,0,1,21,0,A,7,0,A,7,0.0,A,7,-3.9,A,7,75,A,7,986,A,7,200,A,7,6.7,A,7,16100,B,7,77777,A,7,0.8,E,8,0.000,F,8,0.00,?,0,0,1,D,9,00,C,8
03/16/1985,08:00,165,1382,61,1,13,244,1,9,33,1,13,66,1,13,140,1,9,49,1,13,58,1,21,0,A,7,0,A,7,1.7,A,7,-3.9,A,7,67,A,7,985,A,7,200,A,7,7.2,A,7,16100,B,7,77777,A,7,0.9,E,8,0.000,F,8,0.00,?,0,0,1,D,9,00,C,8
03/16/1985,09:00,414,1382,216,1,9,463,1,9,80,1,13,225,1,9,406,1,9,103,1,13,147,1,18,3,A,7,2,A,7,3.3,A,7,-1.7,A,7,70,A,7,985,A,7,210,A,7,7.7,A,7,16100,B,7,77777,A,7,1.0,E,8,0.000,F,8,0.00,?,0,0,1,D,9,00,C,8
03/16/1985,10:00,634,1382,408,1,9,651,1,9,113,1,13,430,1,9,632,1,9,139,1,13,230,1,18,2,A,7,2,A,7,5.0,A,7,-0.6,A,7,68,A,7,984,A,7,230,A,7,8.8,A,7,16100,B,7,77777,A,7,1.0,E,8,0.000,F,8,0.00,?,0,0,1,D,9,00,C,8
03/16/1985,11:00,810,1382,534,1,9,714,1,9,119,1,13,574,1,9,721,1,9,150,1,13,283,1,18,3,A,7,1,A,7,7.2,A,7,0.0,A,7,61,A,7,982,A,7,220,A,7,10.3,A,7,16100,B,7,77777,A,7,1.1,E,8,0.000,F,8,0.00,?,0,0,1,D,9,00,C,8
03/16/1985,12:00,929,1382,662,1,9,804,1,9,126,1,13,699,1,9,805,1,9,156,1,13,314,1,18,2,A,7,0,A,7,8.3,A,7,0.6,A,7,58,A,7,981,A,7,230,A,7,11.3,A,7,16100,B,7,77777,A,7,1.1,E,8,0.000,F,8,0.00,?,0,0,1,D,9,00,C,8
03/16/1985,13:00,983,1382,590,1,9,419,1,9,294,1,13,622,1,9,434,1,9,313,1,13,858,1,18,8,A,7,8,A,7,10.0,A,7,1.7,A,7,57,A,7,980,A,7,230,A,7,11.8,A,7,16100,B,7,2440,A,7,1.2,E,8,0.000,F,8,0.00,?,0,0,1,D,9,00,C,8
03/16/1985,14:00,968,1382,127,1,9,10,1,9,120,1,13,157,1,9,7,1,9,152,1,13,615,1,18,10,A,7,10,A,7,4.4,A,7,1.7,A,7,82,A,7,981,A,7,260,A,7,12.9,A,7,9700,B,7,400,A,7,1.2,E,8,0.000,F,8,0.00,?,0,0,1,D,9,00,C,8
03/16/1985,15:00,886,1382,423,1,9,272,1,9,250,1,13,461,1,9,291,1,9,274,1,13,647,1,18,8,A,7,8,A,7,5.6,A,7,4.4,A,7,93,A,7,980,A,7,260,A,7,10.3,A,7,11300,B,7,640,A,7,1.4,E,8,0.000,F,8,0.00,?,0,0,1,D,9,80,C,8
03/16/1985,16:00,741,1382,177,1,9,7,1,9,173,1,13,205,1,9,5,1,9,202,1,13,745,1,18,10,A,7,10,A,7,4.4,A,7,1.7,A,7,82,A,7,980,A,7,280,A,7,10.3,A,7,11300,B,7,910,A,7,1.2,E,8,0.000,F,8,0.00,?,0,0,1,D,9,00,C,8
03/16/1985,17:00,545,1382,155,1,9,1,1,9,155,1,13,175,1,9,1,1,9,175,1,13,581,1,18,10,A,7,10,A,7,3.9,A,7,-0.6,A,7,73,A,7,981,A,7,300,A,7,8.2,A,7,11300,B,7,910,A,7,1.0,E,8,0.000,F,8,0.00,?,0,0,1,D,9,00,C,8
03/16/1985,18:00,310,1382,50,1,13,6,1,9,49,1,13,59,1,13,2,1,9,58,1,13,192,1,21,10,A,7,10,A,7,2.8,A,7,-1.1,A,7,76,A,7,981,A,7,290,A,7,7.2,A,7,9700,B,7,910,A,7,1.0,E,8,0.000,F,8,0.00,?,0,0,1,D,9,00,C,8
03/16/1985,19:00,67,1025,16,1,13,1,1,9,16,1,13,19,1,13,0,1,9,19,1,13,57,1,21,10,A,7,10,A,7,2.2,A,7,-0.6,A,7,82,A,7,982,A,7,280,A,7,7.2,A,7,11300,B,7,580,A,7,1.0,E,8,0.000,F,8,0.00,?,0,0,1,D,9,80,C,8
03/16/1985,20:00,0,0,0,1,0,0,1,0,0,1,0,0,1,0,0,1,0,0,1,0,0,1,0,10,A,7,10,A,7,1.7,A,7,-1.1,A,7,82,A,7,982,A,7,290,A,7,6.7,A,7,12900,B,7,980,A,7,1.0,E,8,0.000,?,0,0.00,?,0,0,1,D,9,00,C,8
03/16/1985,21:00,0,0,0,1,0,0,1,0,0,1,0,0,1,0,0,1,0,0,1,0,0,1,0,10,A,7,10,A,7,1.7,A,7,-1.7,A,7,79,A,7,982,A,7,300,A,7,7.7,A,7,9700,B,7,910,A,7,1.0,E,8,0.000,?,0,0.00,?,0,0,1,D,9,85,C,8
03/16/1985,22:00,0,0,0,1,0,0,1,0,0,1,0,0,1,0,0,1,0,0,1,0,0,1,0,10,A,7,10,A,7,1.1,A,7,-2.2,A,7,79,A,7,983,A,7,310,A,7,6.2,A,7,16100,B,7,1370,A,7,0.9,E,8,0.000,?,0,0.00,?,0,0,1,D,9,85,C,8
03/16/1985,23:00,0,0,0,1,0,0,1,0,0,1,0,0,1,0,0,1,0,0,1,0,0,1,0,10,A,7,10,A,7,1.1,A,7,-2.2,A,7,79,A,7,983,A,7,310,A,7,7.7,A,7,12900,B,7,910,A,7,0.9,E,8,0.000,?,0,0.00,?,0,0,1,D,9,85,C,8
03/16/1985,24:00,0,0,0,1,0,0,1,0,0,1,0,0,1,0,0,1,0,0,1,0,0,1,0,9,A,7,9,A,7,0.0,A,7,-2.8,A,7,82,A,7,983,A,7,310,A,7,6.7,A,7,16100,B,7,910,A,7,0.9,E,8,0.000,?,0,0.00,?,0,0,1,D,9,85,C,8
03/17/1985,01:00,0,0,0,1,0,0,1,0,0,1,0,0,1,0,0,1,0,0,1,0,0,1,0,4,A,7,4,A,7,-1.1,A,7,-3.9,A,7,82,A,7,983,A,7,300,A,7,5.7,A,7,16100,B,7,77777,A,7,0.9,E,8,0.000,?,0,0.00,?,0,0,1,D,9,00,C,8
03/17/1985,02:00,0,0,0,1,0,0,1,0,0,1,0,0,1,0,0,1,0,0,1,0,0,1,0,5,A,7,5,A,7,-1.7,A,7,-3.9,A,7,85,A,7,983,A,7,300,A,7,5.7,A,7,16100,B,7,77777,A,7,0.8,E,8,0.000,?,0,0.00,?,0,0,1,D,9,00,C,8
03/17/1985,03:00,0,0,0,1,0,0,1,0,0,1,0,0,1,0,0,1,0,0,1,0,0,1,0,5,A,7,5,A,7,-2.2,A,7,-4.4,A,7,85,A,7,983,A,7,290,A,7,5.2,A,7,16100,B,7,77777,A,7,0.8,E,8,0.000,?,0,0.00,?,0,0,1,D,9,00,C,8
03/17/1985,04:00,0,0,0,1,0,0,1,0,0,1,0,0,1,0,0,1,0,0,1,0,0,1,0,0,A,7,0,A,7,-2.8,A,7,-5.0,A,7,85,A,7,983,A,7,300,A,7,5.2,A,7,16100,B,7,77777,A,7,0.8,E,8,0.000,?,0,0.00,?,0,0,1,D,9,00,C,8
03/17/1985,05:00,0,0,0,1,0,0,1,0,0,1,0,0,1,0,0,1,0,0,1,0,0,1,0,3,A,7,3,A,7,-2.8,A,7,-5.0,A,7,85,A,7,983,A,7,310,A,7,4.6,A,7,16100,B,7,77777,A,7,0.8,E,8,0.000,?,0,0.00,?,0,0,1,D,9,00,C,8
03/17/1985,06:00,0,0,0,1,0,0,1,0,0,1,0,0,1,0,0,1,0,0,1,0,0,1,0,3,A,7,3,A,7,-2.8,A,7,-5.0,A,7,85,A,7,983,A,7,310,A,7,4.6,A,7,16100,B,7,77777,A,7,0.8,E,8,0.000,?,0,0.00,?,0,0,1,D,9,00,C,8
03/17/1985,07:00,4,265,0,1,13,0,1,13,0,1,13,0,1,13,0,1,13,0,1,13,0,1,23,4,A,7,4,A,7,-3.9,A,7,-6.1,A,7,85,A,7,984,A,7,310,A,7,3.6,A,7,16100,B,7,77777,A,7,0.7,E,8,0.000,F,8,0.00,?,0,0,1,D,9,00,C,8
03/17/1985,08:00,173,1381,44,1,13,17,1,13,42,1,13,48,1,13,12,1,13,47,1,13,102,1,23,7,A,7,7,A,7,-3.3,A,7,-5.6,A,7,85,A,7,984,A,7,310,A,7,4.1,A,7,16100,B,7,910,A,7,0.8,E,8,0.000,F,8,0.00,?,0,0,1,D,9,00,C,8
03/17/1985,09:00,421,1381,79,1,9,50,1,9,64,1,13,90,1,9,46,1,9,76,1,13,143,1,18,10,A,7,10,A,7,-2.2,A,7,-3.9,A,7,89,A,7,985,A,7,10,A,7,5.7,A,7,4000,B,7,460,A,7,0.9,E,8,0.000,F,8,0.00,?,0,0,1,D,9,00,C,8
03/17/1985,10:00,641,1381,191,1,9,3,1,9,190,1,13,216,1,9,2,1,9,215,1,13,734,1,18,10,A,7,10,A,7,-1.7,A,7,-4.4,A,7,82,A,7,985,A,7,10,A,7,7.7,A,7,16100,B,7,850,A,7,0.8,E,8,0.000,F,8,0.00,?,0,0,1,D,9,85,C,8
03/17/1985,11:00,817,1381,202,1,9,2,1,9,201,1,13,235,1,9,2,1,9,234,1,13,877,1,18,10,A,7,10,A,7,-2.2,A,7,-4.4,A,7,85,A,7,986,A,7,360,A,7,6.2,A,7,4800,B,7,850,A,7,0.8,E,8,0.000,F,8,0.00,?,0,0,1,D,9,00,C,8
03/17/1985,12:00,935,1381,314,1,9,9,1,9,309,1,13,361,1,9,8,1,9,355,1,13,1278,1,18,10,A,7,10,A,7,-2.2,A,7,-6.1,A,7,75,A,7,987,A,7,10,A,7,6.2,A,7,16100,B,7,760,A,7,0.8,E,8,0.000,F,8,0.00,?,0,0,1,D,9,85,C,8
03/17/1985,13:00,989,1381,503,1,9,252,1,9,324,1,13,545,1,9,272,1,9,350,1,13,966,1,18,8,A,7,8,A,7,-1.7,A,7,-6.7,A,7,69,A,7,987,A,7,360,A,7,6.7,A,7,16100,B,7,850,A,7,0.7,E,8,0.000,F,8,0.00,?,0,0,1,D,9,85,C,8
03/17/1985,14:00,974,1381,606,1,13,488,1,13,264,1,13,646,1,13,506,1,13,288,1,13,754,1,23,3,A,7,3,A,7,-1.1,A,7,-7.2,A,7,64,A,7,987,A,7,360,A,7,6.7,A,7,24100,B,7,77777,A,7,0.7,E,8,0.000,F,8,0.00,?,0,0,1,D,9,00,C,8
03/17/1985,15:00,891,1381,583,1,9,562,1,9,223,1,13,624,1,9,580,1,9,249,1,13,565,1,18,2,A,7,2,A,7,-0.6,A,7,-9.4,A,7,52,A,7,987,A,7,360,A,7,6.2,A,7,24100,B,7,77777,A,7,0.6,E,8,0.000,F,8,0.00,?,0,0,1,D,9,00,C,8
03/17/1985,16:00,747,1381,487,1,9,608,1,9,160,1,13,506,1,9,598,1,9,182,1,13,340,1,18,0,A,7,0,A,7,-0.6,A,7,-10.0,A,7,49,A,7,988,A,7,20,A,7,7.2,A,7,24100,B,7,77777,A,7,0.6,E,8,0.000,F,8,0.00,?,0,0,1,D,9,00,C,8
03/17/1985,17:00,550,1381,315,1,9,486,1,9,123,1,13,336,1,9,466,1,9,150,1,13,239,1,18,0,A,7,0,A,7,-0.6,A,7,-11.1,A,7,45,A,7,988,A,7,10,A,7,6.7,A,7,24100,B,7,77777,A,7,0.6,E,8,0.000,F,8,0.00,?,0,0,1,D,9,00,C,8
03/17/1985,18:00,315,1381,135,1,13,262,1,9,76,1,13,141,1,13,208,1,9,94,1,13,140,1,21,0,A,7,0,A,7,-1.1,A,7,-12.8,A,7,41,A,7,988,A,7,10,A,7,6.2,A,7,24100,B,7,77777,A,7,0.5,E,8,0.000,F,8,0.00,?,0,0,1,D,9,00,C,8
03/17/1985,19:00,71,1047,25,1,13,15,1,9,24,1,13,27,1,13,9,1,9,27,1,13,57,1,21,0,A,7,0,A,7,-1.7,A,7,-14.4,A,7,38,A,7,989,A,7,10,A,7,5.2,A,7,24100,B,7,77777,A,7,0.5,E,8,0.000,F,8,0.00,?,0,0,1,D,9,00,C,8
03/17/1985,20:00,0,0,0,1,0,0,1,0,0,1,0,0,1,0,0,1,0,0,1,0,0,1,0,0,A,7,0,A,7,-3.3,A,7,-13.9,A,7,44,A,7,989,A,7,350,A,7,5.2,A,7,24100,B,7,77777,A,7,0.5,E,8,0.000,?,0,0.00,?,0,0,1,D,9,00,C,8
03/17/1985,21:00,0,0,0,1,0,0,1,0,0,1,0,0,1,0,0,1,0,0,1,0,0,1,0,0,A,7,0,A,7,-3.9,A,7,-12.2,A,7,53,A,7,990,A,7,340,A,7,4.6,A,7,24100,B,7,77777,A,7,0.5,E,8,0.000,?,0,0.00,?,0,0,1,D,9,00,C,8
03/17/1985,22:00,0,0,0,1,0,0,1,0,0,1,0,0,1,0,0,1,0,0,1,0,0,1,0,0,A,7,0,A,7,-4.4,A,7,-12.2,A,7,55,A,7,990,A,7,350,A,7,5.2,A,7,24100,B,7,77777,A,7,0.5,E,8,0.000,?,0,0.00,?,0,0,1,D,9,00,C,8
03/17/1985,23:00,0,0,0,1,0,0,1,0,0,1,0,0,1,0,0,1,0,0,1,0,0,1,0,0,A,7,0,A,7,-5.6,A,7,-12.2,A,7,60,A,7,991,A,7,350,A,7,5.2,A,7,24100,B,7,77777,A,7,0.5,E,8,0.000,?,0,0.00,?,0,0,1,D,9,00,C,8
03/17/1985,24:00,0,0,0,1,0,0,1,0,0,1,0,0,1,0,0,1,0,0,1,0,0,1,0,0,A,7,0,A,7,-6.1,A,7,-12.2,A,7,62,A,7,991,A,7,350,A,7,5.2,A,7,24100,B,7,77777,A,7,0.5,E,8,0.000,?,0,0.00,?,0,0,1,D,9,00,C,8
03/18/1985,01:00,0,0,0,1,0,0,1,0,0,1,0,0,1,0,0,1,0,0,1,0,0,1,0,0,A,7,0,A,7,-7.2,A,7,-12.2,A,7,68,A,7,991,A,7,10,A,7,3.6,A,7,24100,B,7,77777,A,7,0.5,E,8,0.000,?,0,0.00,?,0,0,1,D,9,00,C,8
03/18/1985,02:00,0,0,0,1,0,0,1,0,0,1,0,0,1,0,0,1,0,0,1,0,0,1,0,0,A,7,0,A,7,-7.8,A,7,-12.2,A,7,71,A,7,991,A,7,350,A,7,3.6,A,7,24100,B,7,77777,A,7,0.5,E,8,0.000,?,0,0.00,?,0,0,1,D,9,00,C,8
03/18/1985,03:00,0,0,0,1,0,0,1,0,0,1,0,0,1,0,0,1,0,0,1,0,0,1,0,0,A,7,0,A,7,-7.8,A,7,-12.2,A,7,71,A,7,991,A,7,350,A,7,3.6,A,7,24100,B,7,77777,A,7,0.5,E,8,0.000,?,0,0.00,?,0,0,1,D,9,00,C,8
03/18/1985,04:00,0,0,0,1,0,0,1,0,0,1,0,0,1,0,0,1,0,0,1,0,0,1,0,0,A,7,0,A,7,-8.3,A,7,-12.2,A,7,74,A,7,991,A,7,330,A,7,3.6,A,7,24100,B,7,77777,A,7,0.5,E,8,0.000,?,0,0.00,?,0,0,1,D,9,00,C,8
03/18/1985,05:00,0,0,0,1,0,0,1,0,0,1,0,0,1,0,0,1,0,0,1,0,0,1,0,0,A,7,0,A,7,-8.9,A,7,-12.2,A,7,77,A,7,991,A,7,320,A,7,3.6,A,7,24100,B,7,77777,A,7,0.5,E,8,0.000,?,0,0.00,?,0,0,1,D,9,00,C,8
03/18/1985,06:00,0,0,0,1,0,0,1,0,0,1,0,0,1,0,0,1,0,0,1,0,0,1,0,0,A,7,0,A,7,-10.0,A,7,-13.3,A,7,77,A,7,992,A,7,310,A,7,3.6,A,7,24100,B,7,77777,A,7,0.5,E,8,0.000,?,0,0.00,?,0,0,1,D,9,00,C,8
03/18/1985,07:00,6,311,4,1,13,9,1,9,2,1,13,0,1,13,0,1,9,0,1,13,0,1,21,0,A,7,0,A,7,-9.4,A,7,-12.2,A,7,81,A,7,992,A,7,270,A,7,2.6,A,7,24100,B,7,77777,A,7,0.5,E,8,0.000,F,8,0.00,?,0,0,1,D,9,00,C,8
03/18/1985,08:00,180,1380,75,1,13,350,1,9,32,1,13,80,1,13,223,1,9,51,1,13,58,1,21,0,A,7,0,A,7,-7.8,A,7,-11.1,A,7,77,A,7,993,A,7,290,A,7,3.1,A,7,24100,B,7,77777,A,7,0.6,E,8,0.000,F,8,0.00,?,0,0,1,D,9,00,C,8
03/18/1985,09:00,429,1380,259,1,9,669,1,9,55,1,13,273,1,9,603,1,9,85,1,13,110,1,18,0,A,7,0,A,7,-6.1,A,7,-9.4,A,7,78,A,7,993,A,7,280,A,7,2.6,A,7,24100,B,7,77777,A,7,0.6,E,8,0.000,F,8,0.00,?,0,0,1,D,9,00,C,8
03/18/1985,10:00,649,1380,448,1,9,804,1,9,75,1,13,479,1,9,785,1,9,109,1,13,163,1,18,0,A,7,0,A,7,-3.9,A,7,-10.0,A,7,63,A,7,993,A,7,300,A,7,2.1,A,7,24100,B,7,77777,A,7,0.6,E,8,0.000,F,8,0.00,?,0,0,1,D,9,00,C,8
03/18/1985,11:00,824,1380,610,1,9,879,1,9,89,1,13,640,1,9,868,1,9,120,1,13,191,1,18,0,A,7,0,A,7,-2.2,A,7,-12.2,A,7,47,A,7,992,A,7,260,A,7,2.6,A,7,24100,B,7,77777,A,7,0.5,E,8,0.000,F,8,0.00,?,0,0,1,D,9,00,C,8
03/18/1985,12:00,942,1380,721,1,9,918,1,9,99,1,13,754,1,9,913,1,9,129,1,13,232,1,18,0,A,7,0,A,7,-0.6,A,7,-13.9,A,7,36,A,7,992,A,7,340,A,7,3.1,A,7,24100,B,7,77777,A,7,0.5,E,8,0.000,F,8,0.00,?,0,0,1,D,9,00,C,8
03/18/1985,13:00,995,1380,772,1,9,933,1,9,103,1,13,805,1,9,930,1,9,132,1,13,257,1,18,0,A,7,0,A,7,0.6,A,7,-12.8,A,7,37,A,7,992,A,7,320,A,7,3.6,A,7,24100,B,7,77777,A,7,0.5,E,8,0.000,F,8,0.00,?,0,0,1,D,9,00,C,8
03/18/1985,14:00,980,1380,757,1,9,928,1,9,101,1,13,789,1,9,925,1,9,131,1,13,248,1,18,0,A,7,0,A,7,2.2,A,7,-12.2,A,7,34,A,7,991,A,7,310,A,7,3.6,A,7,24100,B,7,77777,A,7,0.5,E,8,0.000,F,8,0.00,?,0,0,1,D,9,00,C,8
03/18/1985,15:00,897,1380,678,1,9,902,1,9,95,1,13,709,1,9,895,1,9,125,1,13,214,1,18,0,A,7,0,A,7,2.8,A,7,-10.0,A,7,39,A,7,990,A,7,300,A,7,3.6,A,7,24100,B,7,77777,A,7,0.6,E,8,0.000,F,8,0.00,?,0,0,1,D,9,00,C,8
03/18/1985,16:00,752,1380,546,1,9,853,1,9,84,1,13,584,1,9,848,1,9,121,1,13,194,1,18,0,A,7,0,A,7,2.8,A,7,-9.4,A,7,41,A,7,990,A,7,260,A,7,4.1,A,7,24100,B,7,77777,A,7,0.6,E,8,0.000,F,8,0.00,?,0,0,1,D,9,00,C,8
03/18/1985,17:00,555,1380,370,1,9,760,1,9,67,1,13,391,1,9,724,1,9,99,1,13,140,1,18,0,A,7,0,A,7,3.3,A,7,-9.4,A,7,39,A,7,989,A,7,200,A,7,3.6,A,7,24100,B,7,77777,A,7,0.6,E,8,0.000,F,8,0.00,?,0,0,1,D,9,00,C,8
03/18/1985,18:00,320,1380,176,1,13,567,1,9,46,1,13,181,1,13,470,1,9,72,1,13,88,1,21,0,A,7,0,A,7,3.3,A,7,-10.0,A,7,37,A,7,989,A,7,200,A,7,4.1,A,7,24100,B,7,77777,A,7,0.6,E,8,0.000,F,8,0.00,?,0,0,1,D,9,00,C,8
03/18/1985,19:00,74,1070,35,1,13,145,1,9,20,1,13,33,1,13,62,1,9,28,1,13,35,1,21,0,A,7,0,A,7,1.7,A,7,-9.4,A,7,44,A,7,988,A,7,220,A,7,3.1,A,7,24100,B,7,77777,A,7,0.6,E,8,0.000,F,8,0.00,?,0,0,1,D,9,00,C,8
03/18/1985,20:00,0,0,0,1,0,0,1,0,0,1,0,0,1,0,0,1,0,0,1,0,0,1,0,0,A,7,0,A,7,0.6,A,7,-8.3,A,7,52,A,7,988,A,7,200,A,7,3.1,A,7,24100,B,7,77777,A,7,0.7,E,8,0.000,?,0,0.00,?,0,0,1,D,9,00,C,8
03/18/1985,21:00,0,0,0,1,0,0,1,0,0,1,0,0,1,0,0,1,0,0,1,0,0,1,0,0,A,7,0,A,7,0.0,A,7,-8.9,A,7,52,A,7,988,A,7,200,A,7,4.1,A,7,24100,B,7,77777,A,7,0.6,E,8,0.000,?,0,0.00,?,0,0,1,D,9,00,C,8
03/18/1985,22:00,0,0,0,1,0,0,1,0,0,1,0,0,1,0,0,1,0,0,1,0,0,1,0,0,A,7,0,A,7,0.0,A,7,-8.9,A,7,52,A,7,987,A,7,200,A,7,5.7,A,7,24100,B,7,77777,A,7,0.6,E,8,0.000,?,0,0.00,?,0,0,1,D,9,00,C,8
03/18/1985,23:00,0,0,0,1,0,0,1,0,0,1,0,0,1,0,0,1,0,0,1,0,0,1,0,0,A,7,0,A,7,-0.6,A,7,-8.3,A,7,56,A,7,987,A,7,210,A,7,5.2,A,7,24100,B,7,77777,A,7,0.7,E,8,0.000,?,0,0.00,?,0,0,1,D,9,00,C,8
03/18/1985,24:00,0,0,0,1,0,0,1,0,0,1,0,0,1,0,0,1,0,0,1,0,0,1,0,0,A,7,0,A,7,-0.6,A,7,-7.8,A,7,59,A,7,987,A,7,200,A,7,5.2,A,7,24100,B,7,77777,A,7,0.7,E,8,0.000,?,0,0.00,?,0,0,1,D,9,00,C,8
03/19/1985,01:00,0,0,0,1,0,0,1,0,0,1,0,0,1,0,0,1,0,0,1,0,0,1,0,0,A,7,0,A,7,-1.1,A,7,-7.8,A,7,61,A,7,986,A,7,190,A,7,4.6,A,7,24100,B,7,77777,A,7,0.7,E,8,0.000,?,0,0.00,?,0,0,1,D,9,00,C,8
03/19/1985,02:00,0,0,0,1,0,0,1,0,0,1,0,0,1,0,0,1,0,0,1,0,0,1,0,0,A,7,0,A,7,-1.1,A,7,-7.2,A,7,64,A,7,986,A,7,190,A,7,4.6,A,7,24100,B,7,77777,A,7,0.7,E,8,0.000,?,0,0.00,?,0,0,1,D,9,00,C,8
03/19/1985,03:00,0,0,0,1,0,0,1,0,0,1,0,0,1,0,0,1,0,0,1,0,0,1,0,0,A,7,0,A,7,-1.1,A,7,-7.2,A,7,64,A,7,985,A,7,190,A,7,5.2,A,7,24100,B,7,77777,A,7,0.7,E,8,0.000,?,0,0.00,?,0,0,1,D,9,00,C,8
03/19/1985,04:00,0,0,0,1,0,0,1,0,0,1,0,0,1,0,0,1,0,0,1,0,0,1,0,0,A,7,0,A,7,-1.1,A,7,-7.2,A,7,64,A,7,984,A,7,180,A,7,4.1,A,7,24100,B,7,77777,A,7,0.7,E,8,0.000,?,0,0.00,?,0,0,1,D,9,00,C,8
03/19/1985,05:00,0,0,0,1,0,0,1,0,0,1,0,0,1,0,0,1,0,0,1,0,0,1,0,6,A,7,6,A,7,0.0,A,7,-6.7,A,7,61,A,7,983,A,7,190,A,7,6.2,A,7,24100,B,7,1220,A,7,0.7,E,8,0.000,?,0,0.00,?,0,0,1,D,9,00,C,8
03/19/1985,06:00,0,0,0,1,0,0,1,0,0,1,0,0,1,0,0,1,0,0,1,0,0,1,0,3,A,7,3,A,7,-0.6,A,7,-6.7,A,7,64,A,7,982,A,7,200,A,7,4.1,A,7,24100,B,7,77777,A,7,0.7,E,8,0.000,?,0,0.00,?,0,0,1,D,9,00,C,8
03/19/1985,07:00,7,356,1,1,13,0,1,9,1,1,13,0,1,13,0,1,9,0,1,13,0,1,21,10,A,7,8,A,7,0.6,A,7,-5.6,A,7,64,A,7,982,A,7,190,A,7,4.6,A,7,16100,B,7,3050,A,7,0.8,E,8,0.000,F,8,0.00,?,0,0,1,D,9,00,C,8
03/19/1985,08:00,188,1379,23,1,13,0,1,9,23,1,13,27,1,13,0,1,9,27,1,13,89,1,21,10,A,7,10,A,7,1.7,A,7,-4.4,A,7,64,A,7,981,A,7,190,A,7,4.6,A,7,16100,B,7,3660,A,7,0.8,E,8,0.000,F,8,0.00,?,0,0,1,D,9,00,C,8
03/19/1985,09:00,436,1379,154,1,13,107,1,13,121,1,13,169,1,13,99,1,13,137,1,13,272,1,23,10,A,7,7,A,7,3.9,A,7,-2.2,A,7,65,A,7,981,A,7,210,A,7,5.7,A,7,16100,B,7,6100,A,7,0.9,E,8,0.000,F,8,0.00,?,0,0,1,D,9,00,C,8
03/19/1985,10:00,656,1379,330,1,13,226,1,13,224,1,13,359,1,13,229,1,13,250,1,13,549,1,23,8,A,7,7,A,7,4.4,A,7,-0.6,A,7,70,A,7,980,A,7,200,A,7,4.6,A,7,16100,B,7,3050,A,7,1.0,E,8,0.000,F,8,0.00,?,0,0,1,D,9,00,C,8
03/19/1985,11:00,830,1379,307,1,9,3,1,9,306,1,13,347,1,9,3,1,9,345,1,13,1170,1,18,10,A,7,9,A,7,5.6,A,7,0.6,A,7,71,A,7,980,A,7,220,A,7,5.2,A,7,16100,B,7,2440,A,7,1.1,E,8,0.000,F,8,0.00,?,0,0,1,D,9,00,C,8
03/19/1985,12:00,948,1379,441,1,9,118,1,9,361,1,13,486,1,9,121,1,9,403,1,13,1219,1,18,10,A,7,9,A,7,6.7,A,7,1.7,A,7,71,A,7,981,A,7,230,A,7,6.2,A,7,16100,B,7,2130,A,7,1.2,E,8,0.000,F,8,0.00,?,0,0,1,D,9,00,C,8
03/19/1985,13:00,1001,1379,547,1,13,387,1,13,267,1,13,583,1,13,402,1,13,291,1,13,796,1,23,5,A,7,5,A,7,8.9,A,7,3.3,A,7,69,A,7,980,A,7,230,A,7,6.2,A,7,16100,B,7,77777,A,7,1.3,E,8,0.000,F,8,0.00,?,0,0,1,D,9,00,C,8
03/19/1985,14:00,985,1379,699,1,13,720,1,13,187,1,13,740,1,13,729,1,13,218,1,13,534,1,23,4,A,7,4,A,7,10.6,A,7,4.4,A,7,66,A,7,979,A,7,270,A,7,5.2,A,7,16100,B,7,77777,A,7,1.4,E,8,0.000,F,8,0.00,?,0,0,1,D,9,00,C,8
03/19/1985,15:00,902,1379,647,1,9,806,1,9,122,1,13,680,1,9,806,1,9,152,1,13,296,1,18,0,A,7,0,A,7,13.3,A,7,6.1,A,7,62,A,7,979,A,7,260,A,7,8.2,A,7,16100,B,7,77777,A,7,1.5,E,8,0.000,F,8,0.00,?,0,0,1,D,9,00,C,8
03/19/1985,16:00,757,1379,523,1,9,761,1,9,107,1,13,545,1,9,749,1,9,132,1,13,225,1,18,0,A,7,0,A,7,13.9,A,7,6.1,A,7,60,A,7,979,A,7,270,A,7,8.8,A,7,16100,B,7,77777,A,7,1.5,E,8,0.000,F,8,0.00,?,0,0,1,D,9,00,C,8
03/19/1985,17:00,560,1379,351,1,9,659,1,9,85,1,13,372,1,9,631,1,9,115,1,13,171,1,18,0,A,7,0,A,7,13.9,A,7,5.0,A,7,55,A,7,979,A,7,240,A,7,8.8,A,7,16100,B,7,77777,A,7,1.4,E,8,0.000,F,8,0.00,?,0,0,1,D,9,00,C,8
03/19/1985,18:00,325,1379,155,1,13,372,1,9,69,1,13,166,1,13,301,1,9,94,1,13,125,1,21,1,A,7,1,A,7,12.2,A,7,2.8,A,7,53,A,7,980,A,7,290,A,7,8.8,A,7,16100,B,7,77777,A,7,1.3,E,8,0.000,F,8,0.00,?,0,0,1,D,9,00,C,8
03/19/1985,19:00,78,1115,31,1,13,81,1,9,22,1,13,30,1,13,32,1,9,28,1,13,38,1,21,0,A,7,0,A,7,8.3,A,7,2.2,A,7,66,A,7,980,A,7,290,A,7,4.6,A,7,16100,B,7,77777,A,7,1.2,E,8,0.000,F,8,0.00,?,0,0,1,D,9,00,C,8
03/19/1985,20:00,0,0,0,1,0,0,1,0,0,1,0,0,1,0,0,1,0,0,1,0,0,1,0,0,A,7,0,A,7,6.1,A,7,1.1,A,7,71,A,7,981,A,7,270,A,7,4.1,A,7,16100,B,7,77777,A,7,1.1,E,8,0.000,?,0,0.00,?,0,0,1,D,9,00,C,8
03/19/1985,21:00,0,0,0,1,0,0,1,0,0,1,0,0,1,0,0,1,0,0,1,0,0,1,0,0,A,7,0,A,7,3.9,A,7,0.0,A,7,76,A,7,981,A,7,270,A,7,3.6,A,7,16100,B,7,77777,A,7,1.1,E,8,0.000,?,0,0.00,?,0,0,1,D,9,00,C,8
03/19/1985,22:00,0,0,0,1,0,0,1,0,0,1,0,0,1,0,0,1,0,0,1,0,0,1,0,0,A,7,0,A,7,2.8,A,7,-1.1,A,7,76,A,7,982,A,7,260,A,7,3.1,A,7,16100,B,7,77777,A,7,1.0,E,8,0.000,?,0,0.00,?,0,0,1,D,9,00,C,8
03/19/1985,23:00,0,0,0,1,0,0,1,0,0,1,0,0,1,0,0,1,0,0,1,0,0,1,0,0,A,7,0,A,7,0.0,A,7,-1.7,A,7,89,A,7,982,A,7,270,A,7,2.6,A,7,16100,B,7,77777,A,7,1.0,E,8,0.000,?,0,0.00,?,0,0,1,D,9,00,C,8
03/19/1985,24:00,0,0,0,1,0,0,1,0,0,1,0,0,1,0,0,1,0,0,1,0,0,1,0,0,A,7,0,A,7,-0.6,A,7,-2.2,A,7,89,A,7,982,A,7,250,A,7,3.1,A,7,16100,B,7,77777,A,7,0.9,E,8,0.000,?,0,0.00,?,0,0,1,D,9,00,C,8
03/20/1985,01:00,0,0,0,1,0,0,1,0,0,1,0,0,1,0,0,1,0,0,1,0,0,1,0,0,A,7,0,A,7,-0.6,A,7,-2.2,A,7,89,A,7,982,A,7,260,A,7,2.6,A,7,12900,B,7,77777,A,7,0.9,E,8,0.000,?,0,0.00,?,0,0,1,D,9,00,C,8
03/20/1985,02:00,0,0,0,1,0,0,1,0,0,1,0,0,1,0,0,1,0,0,1,0,0,1,0,0,A,7,0,A,7,-1.1,A,7,-2.8,A,7,89,A,7,983,A,7,240,A,7,2.6,A,7,12900,B,7,77777,A,7,0.9,E,8,0.000,?,0,0.00,?,0,0,1,D,9,00,C,8
03/20/1985,03:00,0,0,0,1,0,0,1,0,0,1,0,0,1,0,0,1,0,0,1,0,0,1,0,0,A,7,0,A,7,0.0,A,7,-1.7,A,7,89,A,7,983,A,7,250,A,7,3.6,A,7,12900,B,7,77777,A,7,1.0,E,8,0.000,?,0,0.00,?,0,0,1,D,9,00,C,8
03/20/1985,04:00,0,0,0,1,0,0,1,0,0,1,0,0,1,0,0,1,0,0,1,0,0,1,0,0,A,7,0,A,7,-1.1,A,7,-2.8,A,7,89,A,7,983,A,7,230,A,7,4.1,A,7,12900,B,7,77777,A,7,0.9,E,8,0.000,?,0,0.00,?,0,0,1,D,9,00,C,8
03/20/1985,05:00,0,0,0,1,0,0,1,0,0,1,0,0,1,0,0,1,0,0,1,0,0,1,0,0,A,7,0,A,7,-2.2,A,7,-3.9,A,7,89,A,7,983,A,7,250,A,7,3.1,A,7,12900,B,7,77777,A,7,0.9,E,8,0.000,?,0,0.00,?,0,0,1,D,9,00,C,8
03/20/1985,06:00,0,0,0,1,0,0,1,0,0,1,0,0,1,0,0,1,0,0,1,0,0,1,0,0,A,7,0,A,7,-2.2,A,7,-3.9,A,7,89,A,7,984,A,7,270,A,7,3.1,A,7,12900,B,7,77777,A,7,0.9,E,8,0.000,?,0,0.00,?,0,0,1,D,9,00,C,8
03/20/1985,07:00,9,379,7,1,13,29,1,9,4,1,13,0,1,13,0,1,9,0,1,13,0,1,21,0,A,7,0,A,7,-1.7,A,7,-3.3,A,7,89,A,7,985,A,7,340,A,7,2.6,A,7,11300,B,7,77777,A,7,0.9,E,8,0.000,F,8,0.00,?,0,0,1,D,9,00,C,8
03/20/1985,08:00,195,1379,89,1,13,450,1,9,28,1,13,93,1,13,317,1,9,48,1,13,55,1,21,0,A,7,0,A,7,0.0,A,7,-1.7,A,7,89,A,7,987,A,7,340,A,7,3.6,A,7,12900,B,7,77777,A,7,1.0,E,8,0.000,F,8,0.00,?,0,0,1,D,9,00,C,8
03/20/1985,09:00,443,1379,262,1,9,668,1,9,52,1,13,280,1,9,609,1,9,83,1,13,108,1,18,1,A,7,1,A,7,1.7,A,7,-0.6,A,7,85,A,7,988,A,7,350,A,7,6.2,A,7,12900,B,7,77777,A,7,1.0,E,8,0.000,F,8,0.00,?,0,0,1,D,9,00,C,8
03/20/1985,10:00,663,1379,444,1,9,773,1,9,77,1,13,474,1,9,757,1,9,109,1,13,168,1,18,1,A,7,1,A,7,3.3,A,7,-1.1,A,7,73,A,7,989,A,7,360,A,7,7.7,A,7,12900,B,7,77777,A,7,1.0,E,8,0.000,F,8,0.00,?,0,0,1,D,9,00,C,8
03/20/1985,11:00,837,1379,615,1,9,898,1,9,74,1,13,649,1,9,889,1,9,108,1,13,183,1,18,0,A,7,0,A,7,5.0,A,7,-3.9,A,7,53,A,7,990,A,7,20,A,7,7.2,A,7,12900,B,7,77777,A,7,0.9,E,8,0.000,F,8,0.00,?,0,0,1,D,9,00,C,8
03/20/1985,12:00,955,1379,718,1,9,924,1,9,82,1,13,755,1,9,921,1,9,115,1,13,221,1,18,0,A,7,0,A,7,5.6,A,7,-5.0,A,7,47,A,7,990,A,7,20,A,7,6.7,A,7,16100,B,7,77777,A,7,0.8,E,8,0.000,F,8,0.00,?,0,0,1,D,9,00,C,8
03/20/1985,13:00,1007,1379,780,1,9,956,1,9,85,1,13,818,1,9,955,1,9,118,1,13,242,1,18,0,A,7,0,A,7,5.6,A,7,-5.0,A,7,47,A,7,991,A,7,350,A,7,7.7,A,7,16100,B,7,77777,A,7,0.8,E,8,0.000,F,8,0.00,?,0,0,1,D,9,00,C,8
03/20/1985,14:00,991,1379,760,1,9,945,1,9,84,1,13,797,1,9,944,1,9,117,1,13,235,1,18,0,A,7,0,A,7,6.1,A,7,-5.0,A,7,45,A,7,992,A,7,340,A,7,6.2,A,7,16100,B,7,77777,A,7,0.8,E,8,0.000,F,8,0.00,?,0,0,1,D,9,00,C,8
03/20/1985,15:00,908,1379,685,1,9,926,1,9,79,1,13,721,1,9,921,1,9,112,1,13,204,1,18,0,A,7,0,A,7,6.1,A,7,-5.6,A,7,43,A,7,992,A,7,350,A,7,7.2,A,7,16100,B,7,77777,A,7,0.8,E,8,0.000,F,8,0.00,?,0,0,1,D,9,00,C,8
03/20/1985,16:00,762,1379,559,1,9,890,1,9,70,1,13,590,1,9,875,1,9,105,1,13,166,1,18,0,A,7,0,A,7,6.1,A,7,-7.2,A,7,38,A,7,992,A,7,330,A,7,7.2,A,7,16100,B,7,77777,A,7,0.7,E,8,0.000,F,8,0.00,?,0,0,1,D,9,00,C,8
03/20/1985,17:00,565,1379,387,1,9,815,1,9,56,1,13,411,1,9,775,1,9,92,1,13,128,1,18,0,A,7,0,A,7,5.6,A,7,-9.4,A,7,33,A,7,992,A,7,350,A,7,5.7,A,7,16100,B,7,77777,A,7,0.6,E,8,0.000,F,8,0.00,?,0,0,1,D,9,00,C,8
03/20/1985,18:00,330,1379,192,1,13,648,1,9,39,1,13,203,1,13,548,1,9,71,1,13,81,1,21,0,A,7,0,A,7,5.0,A,7,-11.1,A,7,30,A,7,993,A,7,10,A,7,4.1,A,7,16100,B,7,77777,A,7,0.6,E,8,0.000,F,8,0.00,?,0,0,1,D,9,00,C,8
03/20/1985,19:00,82,1137,41,1,13,221,1,9,19,1,13,37,1,13,111,1,9,29,1,13,35,1,21,0,A,7,0,A,7,1.1,A,7,-11.7,A,7,38,A,7,994,A,7,360,A,7,2.6,A,7,16100,B,7,77777,A,7,0.6,E,8,0.000,F,8,0.00,?,0,0,1,D,9,00,C,8
03/20/1985,20:00,0,0,0,1,0,0,1,0,0,1,0,0,1,0,0,1,0,0,1,0,0,1,0,0,A,7,0,A,7,-0.6,A,7,-10.0,A,7,49,A,7,994,A,7,360,A,7,2.6,A,7,16100,B,7,77777,A,7,0.6,E,8,0.000,?,0,0.00,?,0,0,1,D,9,00,C,8
03/20/1985,21:00,0,0,0,1,0,0,1,0,0,1,0,0,1,0,0,1,0,0,1,0,0,1,0,0,A,7,0,A,7,-1.1,A,7,-9.4,A,7,54,A,7,995,A,7,310,A,7,3.1,A,7,24100,B,7,77777,A,7,0.6,E,8,0.000,?,0,0.00,?,0,0,1,D,9,00,C,8
03/20/1985,22:00,0,0,0,1,0,0,1,0,0,1,0,0,1,0,0,1,0,0,1,0,0,1,0,0,A,7,0,A,7,-2.2,A,7,-9.4,A,7,58,A,7,995,A,7,20,A,7,2.1,A,7,32200,B,7,77777,A,7,0.6,E,8,0.000,?,0,0.00,?,0,0,1,D,9,00,C,8
03/20/1985,23:00,0,0,0,1,0,0,1,0,0,1,0,0,1,0,0,1,0,0,1,0,0,1,0,0,A,7,0,A,7,-4.4,A,7,-8.9,A,7,72,A,7,995,A,7,10,A,7,2.6,A,7,32200,B,7,77777,A,7,0.7,E,8,0.000,?,0,0.00,?,0,0,1,D,9,00,C,8
03/20/1985,24:00,0,0,0,1,0,0,1,0,0,1,0,0,1,0,0,1,0,0,1,0,0,1,0,0,A,7,0,A,7,-5.0,A,7,-9.4,A,7,71,A,7,995,A,7,30,A,7,3.1,A,7,32200,B,7,77777,A,7,0.6,E,8,0.000,?,0,0.00,?,0,0,1,D,9,00,C,8
03/21/1985,01:00,0,0,0,1,0,0,1,0,0,1,0,0,1,0,0,1,0,0,1,0,0,1,0,0,A,7,0,A,7,-4.4,A,7,-8.9,A,7,72,A,7,995,A,7,40,A,7,4.1,A,7,32200,B,7,77777,A,7,0.7,E,8,0.000,?,0,0.00,?,0,0,1,D,9,00,C,8
03/21/1985,02:00,0,0,0,1,0,0,1,0,0,1,0,0,1,0,0,1,0,0,1,0,0,1,0,0,A,7,0,A,7,-5.0,A,7,-8.9,A,7,75,A,7,996,A,7,70,A,7,3.1,A,7,32200,B,7,77777,A,7,0.7,E,8,0.000,?,0,0.00,?,0,0,1,D,9,00,C,8
03/21/1985,03:00,0,0,0,1,0,0,1,0,0,1,0,0,1,0,0,1,0,0,1,0,0,1,0,0,A,7,0,A,7,-5.6,A,7,-8.9,A,7,78,A,7,996,A,7,60,A,7,3.1,A,7,32200,B,7,77777,A,7,0.6,E,8,0.000,?,0,0.00,?,0,0,1,D,9,00,C,8
03/21/1985,04:00,0,0,0,1,0,0,1,0,0,1,0,0,1,0,0,1,0,0,1,0,0,1,0,0,A,7,0,A,7,-6.7,A,7,-8.9,A,7,84,A,7,996,A,7,70,A,7,2.6,A,7,32200,B,7,77777,A,7,0.6,E,8,0.000,?,0,0.00,?,0,0,1,D,9,00,C,8
03/21/1985,05:00,0,0,0,1,0,0,1,0,0,1,0,0,1,0,0,1,0,0,1,0,0,1,0,0,A,7,0,A,7,-6.7,A,7,-8.9,A,7,84,A,7,996,A,7,70,A,7,2.6,A,7,24100,B,7,77777,A,7,0.6,E,8,0.000,?,0,0.00,?,0,0,1,D,9,00,C,8
03/21/1985,06:00,0,0,0,1,0,0,1,0,0,1,0,0,1,0,0,1,0,0,1,0,0,1,0,0,A,7,0,A,7,-6.7,A,7,-8.9,A,7,84,A,7,996,A,7,80,A,7,2.6,A,7,16100,B,7,77777,A,7,0.6,E,8,0.000,?,0,0.00,?,0,0,1,D,9,00,C,8
03/21/1985,07:00,11,425,7,1,13,22,1,9,5,1,13,0,1,13,0,1,9,0,1,13,0,1,21,0,A,7,0,A,7,-7.2,A,7,-8.9,A,7,88,A,7,997,A,7,70,A,7,3.1,A,7,16100,B,7,77777,A,7,0.6,E,8,0.000,F,8,0.00,?,0,0,1,D,9,00,C,8
03/21/1985,08:00,203,1378,91,1,13,416,1,9,33,1,13,97,1,13,282,1,9,56,1,13,61,1,21,0,A,7,0,A,7,-4.4,A,7,-6.7,A,7,85,A,7,997,A,7,90,A,7,4.6,A,7,24100,B,7,77777,A,7,0.7,E,8,0.000,F,8,0.00,?,0,0,1,D,9,00,C,8
03/21/1985,09:00,451,1378,278,1,9,698,1,9,54,1,13,295,1,9,639,1,9,86,1,13,112,1,18,0,A,7,0,A,7,-2.2,A,7,-5.0,A,7,82,A,7,998,A,7,110,A,7,5.2,A,7,24100,B,7,77777,A,7,0.8,E,8,0.000,F,8,0.00,?,0,0,1,D,9,00,C,8
03/21/1985,10:00,670,1378,469,1,9,827,1,9,72,1,13,505,1,9,813,1,9,109,1,13,162,1,18,0,A,7,0,A,7,0.0,A,7,-6.7,A,7,61,A,7,997,A,7,110,A,7,3.6,A,7,24100,B,7,77777,A,7,0.7,E,8,0.000,F,8,0.00,?,0,0,1,D,9,00,C,8
03/21/1985,11:00,844,1378,628,1,9,893,1,9,85,1,13,660,1,9,884,1,9,117,1,13,194,1,18,0,A,7,0,A,7,1.1,A,7,-6.7,A,7,57,A,7,998,A,7,120,A,7,4.6,A,7,24100,B,7,77777,A,7,0.7,E,8,0.000,F,8,0.00,?,0,0,1,D,9,00,C,8
03/21/1985,12:00,961,1378,735,1,9,926,1,9,94,1,13,770,1,9,923,1,9,125,1,13,236,1,18,0,A,7,0,A,7,2.8,A,7,-7.8,A,7,46,A,7,997,A,7,120,A,7,5.2,A,7,24100,B,7,77777,A,7,0.7,E,8,0.000,F,8,0.00,?,0,0,1,D,9,00,C,8
03/21/1985,13:00,1013,1378,783,1,9,937,1,9,97,1,13,817,1,9,936,1,9,127,1,13,260,1,18,0,A,7,0,A,7,4.4,A,7,-8.3,A,7,39,A,7,996,A,7,110,A,7,3.6,A,7,24100,B,7,77777,A,7,0.7,E,8,0.000,F,8,0.00,?,0,0,1,D,9,00,C,8
03/21/1985,14:00,997,1378,768,1,9,933,1,9,96,1,13,802,1,9,931,1,9,126,1,13,252,1,18,0,A,7,0,A,7,5.6,A,7,-8.3,A,7,36,A,7,995,A,7,110,A,7,5.2,A,7,24100,B,7,77777,A,7,0.7,E,8,0.000,F,8,0.00,?,0,0,1,D,9,00,C,8
03/21/1985,15:00,913,1378,694,1,9,914,1,9,90,1,13,725,1,9,909,1,9,121,1,13,216,1,18,0,A,7,0,A,7,6.1,A,7,-8.3,A,7,35,A,7,994,A,7,130,A,7,6.2,A,7,24100,B,7,77777,A,7,0.7,E,8,0.000,F,8,0.00,?,0,0,1,D,9,00,C,8
03/21/1985,16:00,767,1378,561,1,9,869,1,9,80,1,13,590,1,9,854,1,9,112,1,13,174,1,18,0,A,7,0,A,7,6.7,A,7,-8.3,A,7,34,A,7,994,A,7,150,A,7,6.2,A,7,24100,B,7,77777,A,7,0.7,E,8,0.000,F,8,0.00,?,0,0,1,D,9,00,C,8
03/21/1985,17:00,570,1378,387,1,9,786,1,9,64,1,13,412,1,9,754,1,9,99,1,13,138,1,18,0,A,7,0,A,7,6.7,A,7,-9.4,A,7,31,A,7,993,A,7,130,A,7,5.2,A,7,24100,B,7,77777,A,7,0.6,E,8,0.000,F,8,0.00,?,0,0,1,D,9,00,C,8
03/21/1985,18:00,335,1378,188,1,13,582,1,9,48,1,13,194,1,13,490,1,9,74,1,13,92,1,21,2,A,7,0,A,7,5.6,A,7,-8.9,A,7,35,A,7,992,A,7,130,A,7,5.2,A,7,24100,B,7,77777,A,7,0.7,E,8,0.000,F,8,0.00,?,0,0,1,D,9,00,C,8
03/21/1985,19:00,86,1160,40,1,13,142,1,9,26,1,13,39,1,13,63,1,9,34,1,13,46,1,21,6,A,7,0,A,7,3.9,A,7,-8.9,A,7,39,A,7,992,A,7,110,A,7,4.1,A,7,24100,B,7,77777,A,7,0.6,E,8,0.000,F,8,0.00,?,0,0,1,D,9,00,C,8
03/21/1985,20:00,0,0,0,1,0,0,1,0,0,1,0,0,1,0,0,1,0,0,1,0,0,1,0,5,A,7,0,A,7,1.1,A,7,-8.9,A,7,48,A,7,992,A,7,110,A,7,4.6,A,7,24100,B,7,77777,A,7,0.6,E,8,0.000,?,0,0.00,?,0,0,1,D,9,00,C,8
03/21/1985,21:00,0,0,0,1,0,0,1,0,0,1,0,0,1,0,0,1,0,0,1,0,0,1,0,3,A,7,0,A,7,-0.6,A,7,-8.9,A,7,54,A,7,992,A,7,110,A,7,3.1,A,7,24100,B,7,77777,A,7,0.6,E,8,0.000,?,0,0.00,?,0,0,1,D,9,00,C,8
03/21/1985,22:00,0,0,0,1,0,0,1,0,0,1,0,0,1,0,0,1,0,0,1,0,0,1,0,5,A,7,0,A,7,-1.7,A,7,-9.4,A,7,56,A,7,993,A,7,110,A,7,3.6,A,7,24100,B,7,77777,A,7,0.6,E,8,0.000,?,0,0.00,?,0,0,1,D,9,00,C,8
03/21/1985,23:00,0,0,0,1,0,0,1,0,0,1,0,0,1,0,0,1,0,0,1,0,0,1,0,2,A,7,0,A,7,-2.8,A,7,-10.0,A,7,58,A,7,992,A,7,90,A,7,4.1,A,7,32200,B,7,77777,A,7,0.6,E,8,0.000,?,0,0.00,?,0,0,1,D,9,00,C,8
03/21/1985,24:00,0,0,0,1,0,0,1,0,0,1,0,0,1,0,0,1,0,0,1,0,0,1,0,0,A,7,0,A,7,-2.8,A,7,-10.0,A,7,58,A,7,991,A,7,120,A,7,3.1,A,7,32200,B,7,77777,A,7,0.6,E,8,0.000,?,0,0.00,?,0,0,1,D,9,00,C,8
03/22/1985,01:00,0,0,0,1,0,0,1,0,0,1,0,0,1,0,0,1,0,0,1,0,0,1,0,0,A,7,0,A,7,-3.3,A,7,-7.2,A,7,75,A,7,991,A,7,100,A,7,4.6,A,7,24100,B,7,77777,A,7,0.7,E,8,0.000,?,0,0.00,?,0,0,1,D,9,00,C,8
03/22/1985,02:00,0,0,0,1,0,0,1,0,0,1,0,0,1,0,0,1,0,0,1,0,0,1,0,0,A,7,0,A,7,-3.9,A,7,-7.2,A,7,78,A,7,991,A,7,110,A,7,3.6,A,7,24100,B,7,77777,A,7,0.7,E,8,0.000,?,0,0.00,?,0,0,1,D,9,00,C,8
03/22/1985,03:00,0,0,0,1,0,0,1,0,0,1,0,0,1,0,0,1,0,0,1,0,0,1,0,3,A,7,1,A,7,-4.4,A,7,-6.7,A,7,85,A,7,990,A,7,60,A,7,4.1,A,7,24100,B,7,77777,A,7,0.7,E,8,0.000,?,0,0.00,?,0,0,1,D,9,00,C,8
03/22/1985,04:00,0,0,0,1,0,0,1,0,0,1,0,0,1,0,0,1,0,0,1,0,0,1,0,4,A,7,1,A,7,-5.0,A,7,-6.7,A,7,88,A,7,990,A,7,50,A,7,3.6,A,7,16100,B,7,77777,A,7,0.7,E,8,0.000,?,0,0.00,?,0,0,1,D,9,00,C,8
03/22/1985,05:00,0,0,0,1,0,0,1,0,0,1,0,0,1,0,0,1,0,0,1,0,0,1,0,2,A,7,1,A,7,-5.6,A,7,-7.2,A,7,88,A,7,989,A,7,50,A,7,3.1,A,7,16100,B,7,77777,A,7,0.7,E,8,0.000,?,0,0.00,?,0,0,1,D,9,00,C,8
03/22/1985,06:00,0,0,0,1,0,0,1,0,0,1,0,0,1,0,0,1,0,0,1,0,0,1,0,2,A,7,1,A,7,-5.6,A,7,-7.2,A,7,88,A,7,989,A,7,60,A,7,2.6,A,7,16100,B,7,77777,A,7,0.7,E,8,0.000,?,0,0.00,?,0,0,1,D,9,00,C,8
03/22/1985,07:00,14,470,5,1,13,13,1,9,3,1,13,0,1,13,0,1,9,0,1,13,0,1,21,3,A,7,2,A,7,-6.1,A,7,-7.2,A,7,92,A,7,989,A,7,60,A,7,2.6,A,7,16100,B,7,77777,A,7,0.7,E,8,0.000,F,8,0.00,?,0,0,1,D,9,00,C,8
03/22/1985,08:00,210,1377,73,1,13,177,1,13,47,1,13,77,1,13,116,1,13,60,1,13,84,1,23,7,A,7,3,A,7,-3.9,A,7,-5.0,A,7,92,A,7,989,A,7,90,A,7,3.1,A,7,16100,B,7,77777,A,7,0.8,E,8,0.000,F,8,0.00,?,0,0,1,D,9,00,C,8
03/22/1985,09:00,458,1377,255,1,13,422,1,13,117,1,13,268,1,13,385,1,13,140,1,13,223,1,23,7,A,7,3,A,7,-0.6,A,7,-5.0,A,7,72,A,7,989,A,7,70,A,7,3.6,A,7,16100,B,7,77777,A,7,0.8,E,8,0.000,F,8,0.00,?,0,0,1,D,9,00,C,8
03/22/1985,10:00,677,1377,410,1,13,531,1,13,152,1,13,441,1,13,531,1,13,179,1,13,316,1,23,8,A,7,3,A,7,3.9,A,7,-5.0,A,7,53,A,7,988,A,7,70,A,7,4.1,A,7,16100,B,7,77777,A,7,0.8,E,8,0.000,F,8,0.00,?,0,0,1,D,9,00,C,8
03/22/1985,11:00,850,1377,467,1,13,466,1,13,181,1,13,507,1,13,480,1,13,210,1,13,433,1,23,7,A,7,3,A,7,6.7,A,7,-5.6,A,7,42,A,7,988,A,7,70,A,7,5.2,A,7,16100,B,7,77777,A,7,0.8,E,8,0.000,F,8,0.00,?,0,0,1,D,9,00,C,8
03/22/1985,12:00,967,1377,657,1,13,618,1,13,226,1,13,685,1,13,618,1,13,250,1,13,611,1,23,7,A,7,3,A,7,8.3,A,7,-4.4,A,7,41,A,7,987,A,7,50,A,7,4.6,A,7,16100,B,7,77777,A,7,0.8,E,8,0.000,F,8,0.00,?,0,0,1,D,9,00,C,8
03/22/1985,13:00,1019,1377,513,1,13,301,1,13,292,1,13,563,1,13,325,1,13,322,1,13,890,1,23,8,A,7,5,A,7,9.4,A,7,-4.4,A,7,38,A,7,987,A,7,60,A,7,3.6,A,7,16100,B,7,7620,A,7,0.8,E,8,0.000,F,8,0.00,?,0,0,1,D,9,00,C,8
03/22/1985,14:00,1002,1377,577,1,13,395,1,13,290,1,13,631,1,13,427,1,13,319,1,13,865,1,23,8,A,7,6,A,7,10.6,A,7,-5.0,A,7,34,A,7,986,A,7,70,A,7,6.7,A,7,16100,B,7,4270,A,7,0.8,E,8,0.000,F,8,0.00,?,0,0,1,D,9,00,C,8
03/22/1985,15:00,918,1377,493,1,9,355,1,9,257,1,13,538,1,9,381,1,9,283,1,13,688,1,18,9,A,7,9,A,7,10.0,A,7,-6.7,A,7,31,A,7,985,A,7,60,A,7,6.2,A,7,16100,B,7,4880,A,7,0.7,E,8,0.000,F,8,0.00,?,0,0,1,D,9,00,C,8
03/22/1985,16:00,772,1377,307,1,9,167,1,9,214,1,13,339,1,9,174,1,9,241,1,13,559,1,18,10,A,7,9,A,7,10.6,A,7,-6.1,A,7,31,A,7,984,A,7,80,A,7,6.2,A,7,16100,B,7,3660,A,7,0.8,E,8,0.000,F,8,0.00,?,0,0,1,D,9,00,C,8
03/22/1985,17:00,575,1377,165,1,9,3,1,9,164,1,13,187,1,9,2,1,9,186,1,13,624,1,18,10,A,7,10,A,7,10.6,A,7,-7.8,A,7,27,A,7,984,A,7,70,A,7,7.2,A,7,16100,B,7,3050,A,7,0.7,E,8,0.000,F,8,0.00,?,0,0,1,D,9,00,C,8
03/22/1985,18:00,340,1377,61,1,13,6,1,9,60,1,13,71,1,13,2,1,9,70,1,13,234,1,21,10,A,7,10,A,7,10.0,A,7,-8.3,A,7,27,A,7,984,A,7,60,A,7,5.7,A,7,16100,B,7,3050,A,7,0.7,E,8,0.000,F,8,0.00,?,0,0,1,D,9,00,C,8
03/22/1985,19:00,90,1182,29,1,13,20,1,9,26,1,13,30,1,13,12,1,9,29,1,13,62,1,21,10,A,7,8,A,7,8.3,A,7,-7.2,A,7,33,A,7,984,A,7,60,A,7,5.7,A,7,16100,B,7,7620,A,7,0.7,E,8,0.000,F,8,0.00,?,0,0,1,D,9,00,C,8
03/22/1985,20:00,0,0,0,1,0,0,1,0,0,1,0,0,1,0,0,1,0,0,1,0,0,1,0,10,A,7,10,A,7,7.2,A,7,-7.2,A,7,35,A,7,984,A,7,70,A,7,5.7,A,7,24100,B,7,7620,A,7,0.7,E,8,0.000,?,0,0.00,?,0,0,1,D,9,00,C,8
03/22/1985,21:00,0,0,0,1,0,0,1,0,0,1,0,0,1,0,0,1,0,0,1,0,0,1,0,10,A,7,10,A,7,5.6,A,7,-5.0,A,7,47,A,7,984,A,7,70,A,7,3.6,A,7,24100,B,7,2130,A,7,0.8,E,8,0.000,?,0,0.00,?,0,0,1,D,9,00,C,8
03/22/1985,22:00,0,0,0,1,0,0,1,0,0,1,0,0,1,0,0,1,0,0,1,0,0,1,0,10,A,7,10,A,7,5.6,A,7,-4.4,A,7,49,A,7,984,A,7,60,A,7,3.6,A,7,24100,B,7,2130,A,7,0.8,E,8,0.000,?,0,0.00,?,0,0,1,D,9,00,C,8
03/22/1985,23:00,0,0,0,1,0,0,1,0,0,1,0,0,1,0,0,1,0,0,1,0,0,1,0,10,A,7,10,A,7,4.4,A,7,-3.9,A,7,55,A,7,984,A,7,60,A,7,4.1,A,7,24100,B,7,2130,A,7,0.8,E,8,0.000,?,0,0.00,?,0,0,1,D,9,00,C,8
03/22/1985,24:00,0,0,0,1,0,0,1,0,0,1,0,0,1,0,0,1,0,0,1,0,0,1,0,10,A,7,10,A,7,3.9,A,7,-3.3,A,7,60,A,7,984,A,7,50,A,7,3.6,A,7,24100,B,7,2130,A,7,0.9,E,8,0.000,?,0,0.00,?,0,0,1,D,9,00,C,8
03/23/1985,01:00,0,0,0,1,0,0,1,0,0,1,0,0,1,0,0,1,0,0,1,0,0,1,0,10,A,7,10,A,7,2.8,A,7,-1.1,A,7,76,A,7,983,A,7,50,A,7,5.2,A,7,16100,B,7,2130,A,7,1.0,E,8,0.000,?,0,0.00,?,0,0,1,D,9,00,C,8
03/23/1985,02:00,0,0,0,1,0,0,1,0,0,1,0,0,1,0,0,1,0,0,1,0,0,1,0,10,A,7,10,A,7,1.7,A,7,-1.1,A,7,82,A,7,983,A,7,50,A,7,3.6,A,7,16100,B,7,2130,A,7,1.0,E,8,0.000,?,0,0.00,?,0,0,1,D,9,00,C,8
03/23/1985,03:00,0,0,0,1,0,0,1,0,0,1,0,0,1,0,0,1,0,0,1,0,0,1,0,10,A,7,10,A,7,1.7,A,7,-0.6,A,7,85,A,7,983,A,7,60,A,7,4.1,A,7,16100,B,7,430,A,7,1.0,E,8,0.000,?,0,0.00,?,0,0,1,D,9,00,C,8
03/23/1985,04:00,0,0,0,1,0,0,1,0,0,1,0,0,1,0,0,1,0,0,1,0,0,1,0,10,A,7,10,A,7,1.7,A,7,-0.6,A,7,85,A,7,982,A,7,60,A,7,4.1,A,7,16100,B,7,1220,A,7,1.0,E,8,0.000,?,0,0.00,?,0,0,1,D,9,00,C,8
03/23/1985,05:00,0,0,0,1,0,0,1,0,0,1,0,0,1,0,0,1,0,0,1,0,0,1,0,10,A,7,10,A,7,1.7,A,7,-0.6,A,7,85,A,7,982,A,7,70,A,7,3.6,A,7,11300,B,7,760,A,7,1.0,E,8,0.000,?,0,0.00,?,0,0,1,D,9,00,C,8
03/23/1985,06:00,0,0,0,1,0,0,1,0,0,1,0,0,1,0,0,1,0,0,1,0,0,1,0,10,A,7,10,A,7,1.7,A,7,-0.6,A,7,85,A,7,982,A,7,50,A,7,3.1,A,7,11300,B,7,760,A,7,1.0,E,8,0.000,?,0,0.00,?,0,0,1,D,9,61,C,8
03/23/1985,07:00,16,516,2,1,13,0,1,9,2,1,13,0,1,13,0,1,9,0,1,13,0,1,21,10,A,7,10,A,7,1.1,A,7,0.0,A,7,92,A,7,982,A,7,60,A,7,3.6,A,7,8000,B,7,700,A,7,1.1,E,8,0.000,F,8,0.00,?,0,0,1,D,9,61,C,8
03/23/1985,08:00,218,1376,20,1,13,8,1,9,18,1,13,21,1,13,6,1,9,20,1,13,50,1,21,10,A,7,10,A,7,1.1,A,7,0.0,A,7,92,A,7,982,A,7,70,A,7,3.6,A,7,4800,B,7,640,A,7,1.1,E,8,0.000,F,8,0.00,?,0,3,1,D,9,45,C,8
03/23/1985,09:00,465,1376,87,1,9,4,1,9,86,1,13,101,1,9,2,1,9,101,1,13,351,1,18,10,A,7,10,A,7,1.1,A,7,0.0,A,7,92,A,7,982,A,7,80,A,7,4.6,A,7,4800,B,7,640,A,7,1.1,E,8,0.000,F,8,0.00,?,0,5,1,D,9,45,C,8
03/23/1985,10:00,684,1376,93,1,9,4,1,9,92,1,13,113,1,9,3,1,9,112,1,13,430,1,18,10,A,7,10,A,7,1.7,A,7,0.6,A,7,92,A,7,982,A,7,90,A,7,3.6,A,7,3200,B,7,150,A,7,1.1,E,8,0.000,F,8,0.00,?,0,3,1,D,9,45,C,8
03/23/1985,11:00,857,1376,138,1,9,10,1,9,132,1,13,167,1,9,7,1,9,163,1,13,640,1,18,10,A,7,10,A,7,2.2,A,7,1.1,A,7,93,A,7,981,A,7,90,A,7,5.2,A,7,3200,B,7,150,A,7,1.1,E,8,0.000,F,8,0.00,?,0,3,1,D,9,45,C,8
03/23/1985,12:00,973,1376,178,1,9,3,1,9,176,1,13,215,1,9,2,1,9,213,1,13,858,1,18,10,A,7,10,A,7,3.3,A,7,2.8,A,7,96,A,7,981,A,7,80,A,7,5.7,A,7,3200,B,7,150,A,7,1.2,E,8,0.000,F,8,0.00,?,0,3,1,D,9,45,C,8
03/23/1985,13:00,1025,1376,200,1,9,7,1,9,195,1,13,241,1,9,5,1,9,237,1,13,952,1,18,10,A,7,10,A,7,3.9,A,7,2.8,A,7,93,A,7,981,A,7,100,A,7,5.2,A,7,6400,B,7,210,A,7,1.3,E,8,0.000,F,8,0.00,?,0,0,1,D,9,45,C,8
03/23/1985,14:00,1008,1376,226,1,9,5,1,9,222,1,13,268,1,9,4,1,9,265,1,13,1049,1,18,10,A,7,10,A,7,3.3,A,7,2.8,A,7,96,A,7,980,A,7,100,A,7,4.1,A,7,4800,B,7,210,A,7,1.2,E,8,0.000,F,8,0.00,?,0,0,1,D,9,45,C,8
03/23/1985,15:00,923,1376,172,1,9,0,1,9,172,1,13,206,1,9,0,1,9,206,1,13,824,1,18,10,A,7,10,A,7,3.3,A,7,2.8,A,7,96,A,7,980,A,7,90,A,7,4.1,A,7,4800,B,7,210,A,7,1.2,E,8,0.000,F,8,0.00,?,0,0,1,D,9,45,C,8
03/23/1985,16:00,777,1376,150,1,9,1,1,9,149,1,13,177,1,9,1,1,9,176,1,13,680,1,18,10,A,7,10,A,7,2.8,A,7,2.2,A,7,96,A,7,979,A,7,110,A,7,4.1,A,7,4800,B,7,210,A,7,1.2,E,8,0.000,F,8,0.00,?,0,3,1,D,9,45,C,8
03/23/1985,17:00,580,1376,116,1,9,1,1,9,116,1,13,135,1,9,1,1,9,135,1,13,488,1,18,10,A,7,10,A,7,2.8,A,7,1.7,A,7,93,A,7,979,A,7,100,A,7,3.6,A,7,4800,B,7,210,A,7,1.2,E,8,0.000,F,8,0.00,?,0,0,1,D,9,45,C,8
03/23/1985,18:00,345,1376,55,1,13,1,1,9,55,1,13,64,1,13,0,1,9,64,1,13,219,1,21,10,A,7,10,A,7,2.8,A,7,1.7,A,7,93,A,7,979,A,7,90,A,7,4.1,A,7,4800,B,7,150,A,7,1.2,E,8,0.000,F,8,0.00,?,0,5,1,D,9,45,C,8
03/23/1985,19:00,94,1204,17,1,13,0,1,9,17,1,13,20,1,13,0,1,9,20,1,13,62,1,21,10,A,7,10,A,7,2.8,A,7,1.7,A,7,93,A,7,979,A,7,90,A,7,4.1,A,7,4800,B,7,150,A,7,1.2,E,8,0.000,F,8,0.00,?,0,5,1,D,9,45,C,8
03/23/1985,20:00,0,0,0,1,0,0,1,0,0,1,0,0,1,0,0,1,0,0,1,0,0,1,0,10,A,7,10,A,7,2.8,A,7,2.2,A,7,96,A,7,979,A,7,100,A,7,3.6,A,7,4800,B,7,150,A,7,1.2,E,8,0.000,?,0,0.00,?,0,3,1,D,9,45,C,8
03/23/1985,21:00,0,0,0,1,0,0,1,0,0,1,0,0,1,0,0,1,0,0,1,0,0,1,0,10,A,7,10,A,7,2.8,A,7,2.2,A,7,96,A,7,979,A,7,110,A,7,4.1,A,7,8000,B,7,310,A,7,1.2,E,8,0.000,?,0,0.00,?,0,5,1,D,9,45,C,8
03/23/1985,22:00,0,0,0,1,0,0,1,0,0,1,0,0,1,0,0,1,0,0,1,0,0,1,0,10,A,7,10,A,7,2.2,A,7,1.7,A,7,96,A,7,978,A,7,90,A,7,4.6,A,7,8000,B,7,240,A,7,1.2,E,8,0.000,?,0,0.00,?,0,5,1,D,9,45,C,8
03/23/1985,23:00,0,0,0,1,0,0,1,0,0,1,0,0,1,0,0,1,0,0,1,0,0,1,0,10,A,7,10,A,7,2.2,A,7,1.7,A,7,96,A,7,977,A,7,80,A,7,4.6,A,7,8000,B,7,180,A,7,1.2,E,8,0.000,?,0,0.00,?,0,0,1,D,9,45,C,8
03/23/1985,24:00,0,0,0,1,0,0,1,0,0,1,0,0,1,0,0,1,0,0,1,0,0,1,0,10,A,7,10,A,7,2.2,A,7,1.7,A,7,96,A,7,977,A,7,100,A,7,4.6,A,7,6400,B,7,150,A,7,1.2,E,8,0.000,?,0,0.00,?,0,0,1,D,9,45,C,8
03/24/1985,01:00,0,0,0,1,0,0,1,0,0,1,0,0,1,0,0,1,0,0,1,0,0,1,0,10,A,7,10,A,7,2.2,A,7,1.7,A,7,96,A,7,976,A,7,90,A,7,4.1,A,7,2400,B,7,90,A,7,1.2,E,8,0.000,?,0,0.00,?,0,0,1,D,9,45,C,8
03/24/1985,02:00,0,0,0,1,0,0,1,0,0,1,0,0,1,0,0,1,0,0,1,0,0,1,0,10,A,7,10,A,7,2.2,A,7,1.7,A,7,96,A,7,976,A,7,90,A,7,5.2,A,7,3200,B,7,90,A,7,1.2,E,8,0.000,?,0,0.00,?,0,0,1,D,9,45,C,8
03/24/1985,03:00,0,0,0,1,0,0,1,0,0,1,0,0,1,0,0,1,0,0,1,0,0,1,0,10,A,7,10,A,7,2.2,A,7,1.7,A,7,96,A,7,976,A,7,100,A,7,4.6,A,7,3200,B,7,90,A,7,1.2,E,8,0.000,?,0,0.00,?,0,8,1,D,9,45,C,8
03/24/1985,04:00,0,0,0,1,0,0,1,0,0,1,0,0,1,0,0,1,0,0,1,0,0,1,0,10,A,7,10,A,7,2.2,A,7,2.2,A,7,100,A,7,975,A,7,100,A,7,4.6,A,7,4000,B,7,120,A,7,1.2,E,8,0.000,?,0,0.00,?,0,10,1,D,9,45,C,8
03/24/1985,05:00,0,0,0,1,0,0,1,0,0,1,0,0,1,0,0,1,0,0,1,0,0,1,0,10,A,7,10,A,7,2.2,A,7,2.2,A,7,100,A,7,975,A,7,110,A,7,3.6,A,7,4800,B,7,120,A,7,1.2,E,8,0.000,?,0,0.00,?,0,0,1,D,9,45,C,8
03/24/1985,06:00,0,0,0,1,0,0,1,0,0,1,0,0,1,0,0,1,0,0,1,0,0,1,0,10,A,7,10,A,7,2.8,A,7,2.8,A,7,100,A,7,975,A,7,110,A,7,3.1,A,7,6400,B,7,120,A,7,1.2,E,8,0.000,?,0,0.00,?,0,0,1,D,9,45,C,8
03/24/1985,07:00,19,539,7,1,13,0,1,9,7,1,13,0,1,13,0,1,9,0,1,13,0,1,21,10,A,7,10,A,7,2.2,A,7,2.2,A,7,100,A,7,976,A,7,110,A,7,3.1,A,7,4000,B,7,90,A,7,1.2,E,8,0.000,F,8,0.00,?,0,0,1,D,9,45,C,8
03/24/1985,08:00,225,1375,62,1,13,1,1,9,62,1,13,69,1,13,0,1,9,69,1,13,202,1,21,10,A,7,10,A,7,2.2,A,7,2.2,A,7,100,A,7,976,A,7,110,A,7,3.1,A,7,3200,B,7,90,A,7,1.2,E,8,0.000,F,8,0.00,?,0,0,1,D,9,45,C,8
03/24/1985,09:00,473,1375,146,1,9,1,1,9,146,1,13,163,1,9,1,1,9,163,1,13,515,1,18,10,A,7,10,A,7,2.2,A,7,2.2,A,7,100,A,7,976,A,7,110,A,7,3.6,A,7,3200,B,7,90,A,7,1.2,E,8,0.000,F,8,0.00,?,0,0,1,D,9,45,C,8
03/24/1985,10:00,691,1375,233,1,9,1,1,9,233,1,13,262,1,9,1,1,9,262,1,13,877,1,18,10,A,7,10,A,7,2.2,A,7,1.7,A,7,96,A,7,977,A,7,100,A,7,4.6,A,7,3200,B,7,90,A,7,1.2,E,8,0.000,F,8,0.00,?,0,0,1,D,9,45,C,8
03/24/1985,11:00,864,1375,201,1,9,1,1,9,200,1,13,235,1,9,1,1,9,235,1,13,901,1,18,10,A,7,10,A,7,2.2,A,7,2.2,A,7,100,A,7,977,A,7,60,A,7,4.6,A,7,2400,B,7,120,A,7,1.2,E,8,0.000,F,8,0.00,?,0,3,1,D,9,45,C,8
03/24/1985,12:00,979,1375,209,1,9,2,1,9,208,1,13,249,1,9,2,1,9,248,1,13,985,1,18,10,A,7,10,A,7,2.2,A,7,2.2,A,7,100,A,7,978,A,7,60,A,7,6.2,A,7,2400,B,7,120,A,7,1.2,E,8,0.000,F,8,0.00,?,0,3,1,D,9,45,C,8
03/24/1985,13:00,1030,1375,359,1,9,1,1,9,359,1,13,413,1,9,1,1,9,413,1,13,1494,1,18,10,A,7,10,A,7,2.2,A,7,1.7,A,7,96,A,7,978,A,7,50,A,7,6.2,A,7,4800,B,7,120,A,7,1.2,E,8,0.000,F,8,0.00,?,0,0,1,D,9,45,C,8
03/24/1985,14:00,1013,1375,393,1,9,1,1,9,392,1,13,447,1,9,1,1,9,446,1,13,1556,1,18,10,A,7,10,A,7,2.2,A,7,1.7,A,7,96,A,7,979,A,7,50,A,7,7.2,A,7,4800,B,7,120,A,7,1.2,E,8,0.000,F,8,0.00,?,0,0,1,D,9,45,C,8
03/24/1985,15:00,928,1375,330,1,9,1,1,9,329,1,13,375,1,9,1,1,9,375,1,13,1325,1,18,10,A,7,10,A,7,2.2,A,7,1.7,A,7,96,A,7,980,A,7,50,A,7,7.2,A,7,4800,B,7,150,A,7,1.2,E,8,0.000,F,8,0.00,?,0,0,1,D,9,45,C,8
03/24/1985,16:00,782,1375,294,1,9,1,1,9,293,1,13,329,1,9,1,1,9,329,1,13,1094,1,18,10,A,7,10,A,7,1.7,A,7,1.1,A,7,96,A,7,981,A,7,50,A,7,7.7,A,7,4800,B,7,150,A,7,1.1,E,8,0.000,F,8,0.00,?,0,0,1,D,9,45,C,8
03/24/1985,17:00,585,1375,209,1,9,0,1,9,209,1,13,232,1,9,0,1,9,232,1,13,731,1,18,10,A,7,10,A,7,1.7,A,7,0.0,A,7,89,A,7,981,A,7,50,A,7,6.2,A,7,11300,B,7,150,A,7,1.1,E,8,0.000,F,8,0.00,?,0,0,1,D,9,45,C,8
03/24/1985,18:00,350,1375,112,1,13,0,1,9,112,1,13,123,1,13,0,1,9,123,1,13,366,1,21,10,A,7,10,A,7,1.1,A,7,-0.6,A,7,89,A,7,983,A,7,50,A,7,6.2,A,7,11300,B,7,210,A,7,1.0,E,8,0.000,F,8,0.00,?,0,0,1,D,9,00,C,8
03/24/1985,19:00,99,1226,33,1,13,1,1,9,33,1,13,36,1,13,0,1,9,36,1,13,103,1,21,10,A,7,10,A,7,1.1,A,7,-0.6,A,7,89,A,7,984,A,7,60,A,7,5.7,A,7,11300,B,7,210,A,7,1.0,E,8,0.000,F,8,0.00,?,0,0,1,D,9,00,C,8
03/24/1985,20:00,0,0,0,1,0,0,1,0,0,1,0,0,1,0,0,1,0,0,1,0,0,1,0,10,A,7,10,A,7,0.6,A,7,-1.1,A,7,89,A,7,985,A,7,60,A,7,6.7,A,7,11300,B,7,210,A,7,1.0,E,8,0.000,?,0,0.00,?,0,0,1,D,9,00,C,8
03/24/1985,21:00,0,0,0,1,0,0,1,0,0,1,0,0,1,0,0,1,0,0,1,0,0,1,0,10,A,7,10,A,7,1.1,A,7,-0.6,A,7,89,A,7,986,A,7,50,A,7,8.2,A,7,11300,B,7,210,A,7,1.0,E,8,0.000,?,0,0.00,?,0,0,1,D,9,00,C,8
03/24/1985,22:00,0,0,0,1,0,0,1,0,0,1,0,0,1,0,0,1,0,0,1,0,0,1,0,10,A,7,10,A,7,0.6,A,7,-1.1,A,7,89,A,7,987,A,7,50,A,7,5.7,A,7,11300,B,7,210,A,7,1.0,E,8,0.000,?,0,0.00,?,0,0,1,D,9,00,C,8
03/24/1985,23:00,0,0,0,1,0,0,1,0,0,1,0,0,1,0,0,1,0,0,1,0,0,1,0,10,A,7,10,A,7,0.6,A,7,-1.1,A,7,89,A,7,988,A,7,40,A,7,5.7,A,7,11300,B,7,270,A,7,1.0,E,8,0.000,?,0,0.00,?,0,0,1,D,9,00,C,8
03/24/1985,24:00,0,0,0,1,0,0,1,0,0,1,0,0,1,0,0,1,0,0,1,0,0,1,0,10,A,7,10,A,7,0.0,A,7,-1.7,A,7,89,A,7,989,A,7,50,A,7,5.2,A,7,16100,B,7,760,A,7,1.0,E,8,0.000,?,0,0.00,?,0,0,1,D,9,00,C,8
03/25/1985,01:00,0,0,0,1,0,0,1,0,0,1,0,0,1,0,0,1,0,0,1,0,0,1,0,10,A,7,10,A,7,0.0,A,7,-1.7,A,7,89,A,7,990,A,7,40,A,7,5.2,A,7,24100,B,7,850,A,7,1.0,E,8,0.000,?,0,0.00,?,0,0,1,D,9,00,C,8
03/25/1985,02:00,0,0,0,1,0,0,1,0,0,1,0,0,1,0,0,1,0,0,1,0,0,1,0,10,A,7,10,A,7,0.0,A,7,-2.2,A,7,85,A,7,991,A,7,50,A,7,4.6,A,7,24100,B,7,980,A,7,0.9,E,8,0.000,?,0,0.00,?,0,0,1,D,9,00,C,8
03/25/1985,03:00,0,0,0,1,0,0,1,0,0,1,0,0,1,0,0,1,0,0,1,0,0,1,0,6,A,7,6,A,7,-1.1,A,7,-3.3,A,7,85,A,7,991,A,7,40,A,7,5.2,A,7,24100,B,7,1070,A,7,0.9,E,8,0.000,?,0,0.00,?,0,0,1,D,9,00,C,8
03/25/1985,04:00,0,0,0,1,0,0,1,0,0,1,0,0,1,0,0,1,0,0,1,0,0,1,0,0,A,7,0,A,7,-1.7,A,7,-3.9,A,7,85,A,7,992,A,7,50,A,7,4.1,A,7,24100,B,7,77777,A,7,0.9,E,8,0.000,?,0,0.00,?,0,0,1,D,9,00,C,8
03/25/1985,05:00,0,0,0,1,0,0,1,0,0,1,0,0,1,0,0,1,0,0,1,0,0,1,0,0,A,7,0,A,7,-2.2,A,7,-3.9,A,7,89,A,7,993,A,7,40,A,7,4.6,A,7,24100,B,7,77777,A,7,0.9,E,8,0.000,?,0,0.00,?,0,0,1,D,9,00,C,8
03/25/1985,06:00,0,0,0,1,0,0,1,0,0,1,0,0,1,0,0,1,0,0,1,0,0,1,0,0,A,7,0,A,7,-3.3,A,7,-4.4,A,7,92,A,7,994,A,7,30,A,7,4.6,A,7,24100,B,7,77777,A,7,0.8,E,8,0.000,?,0,0.00,?,0,0,1,D,9,00,C,8
03/25/1985,07:00,22,584,8,1,13,1,1,9,8,1,13,0,1,13,0,1,9,0,1,13,0,1,21,0,A,7,0,A,7,-3.3,A,7,-4.4,A,7,92,A,7,994,A,7,40,A,7,3.1,A,7,24100,B,7,77777,A,7,0.8,E,8,0.000,F,8,0.00,?,0,0,1,D,9,00,C,8
03/25/1985,08:00,233,1375,85,1,13,173,1,9,56,1,13,91,1,13,118,1,9,71,1,13,104,1,21,0,A,7,0,A,7,-2.2,A,7,-3.3,A,7,92,A,7,995,A,7,50,A,7,5.2,A,7,24100,B,7,77777,A,7,0.9,E,8,0.000,F,8,0.00,?,0,0,1,D,9,00,C,8
03/25/1985,09:00,480,1375,257,1,9,446,1,9,104,1,13,276,1,9,414,1,9,131,1,13,196,1,18,0,A,7,0,A,7,-0.6,A,7,-3.3,A,7,82,A,7,996,A,7,60,A,7,4.1,A,7,24100,B,7,77777,A,7,0.9,E,8,0.000,F,8,0.00,?,0,0,1,D,9,00,C,8
03/25/1985,10:00,697,1375,442,1,9,596,1,9,143,1,13,462,1,9,583,1,9,165,1,13,297,1,18,0,A,7,0,A,7,1.7,A,7,-3.3,A,7,70,A,7,997,A,7,50,A,7,4.6,A,7,24100,B,7,77777,A,7,0.9,E,8,0.000,F,8,0.00,?,0,0,1,D,9,00,C,8
03/25/1985,11:00,870,1375,602,1,9,685,1,9,172,1,13,634,1,9,687,1,9,198,1,13,420,1,18,0,A,7,0,A,7,2.2,A,7,-3.3,A,7,67,A,7,997,A,7,70,A,7,2.6,A,7,24100,B,7,77777,A,7,0.9,E,8,0.000,F,8,0.00,?,0,0,1,D,9,00,C,8
03/25/1985,12:00,985,1375,710,1,9,731,1,9,189,1,13,752,1,9,740,1,9,220,1,13,542,1,18,0,A,7,0,A,7,4.4,A,7,-2.8,A,7,60,A,7,997,A,7,50,A,7,3.1,A,7,24100,B,7,77777,A,7,0.9,E,8,0.000,F,8,0.00,?,0,0,1,D,9,00,C,8
03/25/1985,13:00,1036,1375,757,1,9,748,1,9,196,1,13,804,1,9,759,1,9,230,1,13,615,1,18,0,A,7,0,A,7,5.6,A,7,-3.9,A,7,51,A,7,997,A,7,40,A,7,2.6,A,7,24100,B,7,77777,A,7,0.9,E,8,0.000,F,8,0.00,?,0,0,1,D,9,00,C,8
03/25/1985,14:00,1018,1375,746,1,9,750,1,9,194,1,13,792,1,9,761,1,9,227,1,13,589,1,18,0,A,7,0,A,7,6.1,A,7,-5.0,A,7,45,A,7,997,A,7,90,A,7,2.6,A,7,24100,B,7,77777,A,7,0.8,E,8,0.000,F,8,0.00,?,0,0,1,D,9,00,C,8
03/25/1985,15:00,933,1375,669,1,9,721,1,9,182,1,13,706,1,9,727,1,9,211,1,13,483,1,18,0,A,7,0,A,7,6.1,A,7,-6.7,A,7,40,A,7,997,A,7,80,A,7,2.1,A,7,24100,B,7,77777,A,7,0.7,E,8,0.000,F,8,0.00,?,0,0,1,D,9,00,C,8
03/25/1985,16:00,787,1375,534,1,9,658,1,9,159,1,13,558,1,9,653,1,9,183,1,13,356,1,18,0,A,7,0,A,7,6.7,A,7,-6.7,A,7,38,A,7,996,A,7,40,A,7,2.6,A,7,24100,B,7,77777,A,7,0.7,E,8,0.000,F,8,0.00,?,0,0,1,D,9,00,C,8
03/25/1985,17:00,590,1375,355,1,9,541,1,9,125,1,13,382,1,9,528,1,9,155,1,13,246,1,18,0,A,7,0,A,7,7.8,A,7,-7.8,A,7,33,A,7,996,A,7,60,A,7,2.6,A,7,24100,B,7,77777,A,7,0.7,E,8,0.000,F,8,0.00,?,0,0,1,D,9,00,C,8
03/25/1985,18:00,355,1375,165,1,13,331,1,9,81,1,13,175,1,13,277,1,9,103,1,13,149,1,21,0,A,7,0,A,7,7.2,A,7,-7.8,A,7,34,A,7,996,A,7,50,A,7,3.1,A,7,24100,B,7,77777,A,7,0.7,E,8,0.000,F,8,0.00,?,0,0,1,D,9,00,C,8
03/25/1985,19:00,103,1271,34,1,13,37,1,9,30,1,13,36,1,13,19,1,9,35,1,13,62,1,21,1,A,7,0,A,7,4.4,A,7,-6.7,A,7,45,A,7,996,A,7,60,A,7,3.1,A,7,24100,B,7,77777,A,7,0.7,E,8,0.000,F,8,0.00,?,0,0,1,D,9,00,C,8
03/25/1985,20:00,0,0,0,1,0,0,1,0,0,1,0,0,1,0,0,1,0,0,1,0,0,1,0,1,A,7,0,A,7,0.6,A,7,-6.1,A,7,61,A,7,996,A,7,40,A,7,3.1,A,7,24100,B,7,77777,A,7,0.8,E,8,0.000,?,0,0.00,?,0,0,1,D,9,00,C,8
03/25/1985,21:00,0,0,0,1,0,0,1,0,0,1,0,0,1,0,0,1,0,0,1,0,0,1,0,1,A,7,0,A,7,0.6,A,7,-5.0,A,7,67,A,7,996,A,7,70,A,7,3.1,A,7,32200,B,7,77777,A,7,0.8,E,8,0.000,?,0,0.00,?,0,0,1,D,9,00,C,8
03/25/1985,22:00,0,0,0,1,0,0,1,0,0,1,0,0,1,0,0,1,0,0,1,0,0,1,0,2,A,7,0,A,7,-0.6,A,7,-5.0,A,7,72,A,7,996,A,7,100,A,7,3.1,A,7,32200,B,7,77777,A,7,0.8,E,8,0.000,?,0,0.00,?,0,0,1,D,9,00,C,8
03/25/1985,23:00,0,0,0,1,0,0,1,0,0,1,0,0,1,0,0,1,0,0,1,0,0,1,0,2,A,7,0,A,7,-0.6,A,7,-3.9,A,7,79,A,7,996,A,7,110,A,7,3.1,A,7,32200,B,7,77777,A,7,0.9,E,8,0.000,?,0,0.00,?,0,0,1,D,9,00,C,8
03/25/1985,24:00,0,0,0,1,0,0,1,0,0,1,0,0,1,0,0,1,0,0,1,0,0,1,0,3,A,7,1,A,7,-1.1,A,7,-3.9,A,7,82,A,7,996,A,7,160,A,7,3.1,A,7,32200,B,7,77777,A,7,0.9,E,8,0.000,?,0,0.00,?,0,0,1,D,9,00,C,8
03/26/1985,01:00,0,0,0,1,0,0,1,0,0,1,0,0,1,0,0,1,0,0,1,0,0,1,0,0,A,7,0,A,7,-1.7,A,7,-3.9,A,7,85,A,7,996,A,7,160,A,7,3.6,A,7,16100,B,7,77777,A,7,0.9,E,8,0.000,?,0,0.00,?,0,0,1,D,9,00,C,8
03/26/1985,02:00,0,0,0,1,0,0,1,0,0,1,0,0,1,0,0,1,0,0,1,0,0,1,0,0,A,7,0,A,7,-2.2,A,7,-4.4,A,7,85,A,7,996,A,7,160,A,7,4.6,A,7,16100,B,7,77777,A,7,0.8,E,8,0.000,?,0,0.00,?,0,0,1,D,9,00,C,8
03/26/1985,03:00,0,0,0,1,0,0,1,0,0,1,0,0,1,0,0,1,0,0,1,0,0,1,0,0,A,7,0,A,7,-1.7,A,7,-5.0,A,7,78,A,7,995,A,7,180,A,7,4.6,A,7,16100,B,7,77777,A,7,0.8,E,8,0.000,?,0,0.00,?,0,0,1,D,9,00,C,8
03/26/1985,04:00,0,0,0,1,0,0,1,0,0,1,0,0,1,0,0,1,0,0,1,0,0,1,0,0,A,7,0,A,7,-1.7,A,7,-5.0,A,7,78,A,7,995,A,7,170,A,7,4.1,A,7,16100,B,7,77777,A,7,0.8,E,8,0.000,?,0,0.00,?,0,0,1,D,9,00,C,8
03/26/1985,05:00,0,0,0,1,0,0,1,0,0,1,0,0,1,0,0,1,0,0,1,0,0,1,0,2,A,7,1,A,7,-2.2,A,7,-5.6,A,7,78,A,7,995,A,7,170,A,7,3.6,A,7,16100,B,7,77777,A,7,0.8,E,8,0.000,?,0,0.00,?,0,0,1,D,9,00,C,8
03/26/1985,06:00,0,0,0,1,0,0,1,0,0,1,0,0,1,0,0,1,0,0,1,0,0,1,0,1,A,7,0,A,7,-1.7,A,7,-5.6,A,7,75,A,7,995,A,7,170,A,7,4.1,A,7,16100,B,7,77777,A,7,0.8,E,8,0.000,?,0,0.00,?,0,0,1,D,9,00,C,8
03/26/1985,07:00,25,630,12,1,13,13,1,9,10,1,13,0,1,13,0,1,9,0,1,13,0,1,21,0,A,7,0,A,7,-1.7,A,7,-5.6,A,7,75,A,7,996,A,7,180,A,7,4.6,A,7,16100,B,7,77777,A,7,0.8,E,8,0.000,F,8,0.00,?,0,0,1,D,9,00,C,8
03/26/1985,08:00,240,1374,102,1,13,319,1,9,48,1,13,110,1,13,225,1,9,71,1,13,85,1,21,0,A,7,0,A,7,0.6,A,7,-4.4,A,7,70,A,7,995,A,7,190,A,7,5.7,A,7,16100,B,7,77777,A,7,0.8,E,8,0.000,F,8,0.00,?,0,0,1,D,9,00,C,8
03/26/1985,09:00,487,1374,288,1,9,595,1,9,80,1,13,304,1,9,551,1,9,108,1,13,155,1,18,0,A,7,0,A,7,2.8,A,7,-3.3,A,7,65,A,7,995,A,7,190,A,7,6.2,A,7,16100,B,7,77777,A,7,0.9,E,8,0.000,F,8,0.00,?,0,0,1,D,9,00,C,8
03/26/1985,10:00,704,1374,476,1,9,727,1,9,107,1,13,509,1,9,723,1,9,137,1,13,234,1,18,0,A,7,0,A,7,6.7,A,7,-1.7,A,7,56,A,7,994,A,7,190,A,7,6.2,A,7,16100,B,7,77777,A,7,1.0,E,8,0.000,F,8,0.00,?,0,0,1,D,9,00,C,8
03/26/1985,11:00,876,1374,629,1,9,794,1,9,126,1,13,658,1,9,790,1,9,153,1,13,292,1,18,0,A,7,0,A,7,9.4,A,7,1.7,A,7,59,A,7,993,A,7,190,A,7,7.7,A,7,16100,B,7,77777,A,7,1.2,E,8,0.000,F,8,0.00,?,0,0,1,D,9,00,C,8
03/26/1985,12:00,991,1374,734,1,9,830,1,9,138,1,13,773,1,9,832,1,9,170,1,13,375,1,18,0,A,7,0,A,7,11.1,A,7,2.8,A,7,57,A,7,992,A,7,230,A,7,8.2,A,7,16100,B,7,77777,A,7,1.3,E,8,0.000,F,8,0.00,?,0,0,1,D,9,00,C,8
03/26/1985,13:00,1042,1374,780,1,9,845,1,9,143,1,13,824,1,9,850,1,9,178,1,13,425,1,18,0,A,7,0,A,7,12.8,A,7,3.3,A,7,53,A,7,992,A,7,220,A,7,7.7,A,7,11300,B,7,77777,A,7,1.3,E,8,0.000,F,8,0.00,?,0,0,1,D,9,00,C,8
03/26/1985,14:00,1024,1374,763,1,9,839,1,9,141,1,13,805,1,9,843,1,9,175,1,13,405,1,18,0,A,7,0,A,7,13.9,A,7,3.3,A,7,49,A,7,990,A,7,220,A,7,8.2,A,7,11300,B,7,77777,A,7,1.3,E,8,0.000,F,8,0.00,?,0,0,1,D,9,00,C,8
03/26/1985,15:00,938,1374,653,1,13,657,1,13,206,1,13,682,1,13,658,1,13,231,1,13,541,1,23,4,A,7,3,A,7,14.4,A,7,2.8,A,7,46,A,7,989,A,7,210,A,7,8.8,A,7,11300,B,7,77777,A,7,1.3,E,8,0.000,F,8,0.00,?,0,0,1,D,9,00,C,8
03/26/1985,16:00,792,1374,479,1,13,499,1,13,193,1,13,512,1,13,509,1,13,217,1,13,442,1,23,8,A,7,5,A,7,15.0,A,7,2.8,A,7,44,A,7,988,A,7,190,A,7,7.2,A,7,11300,B,7,7620,A,7,1.3,E,8,0.000,F,8,0.00,?,0,0,1,D,9,00,C,8
03/26/1985,17:00,595,1374,230,1,9,132,1,9,174,1,13,253,1,9,132,1,9,195,1,13,415,1,18,10,A,7,8,A,7,13.3,A,7,2.2,A,7,47,A,7,987,A,7,200,A,7,6.7,A,7,11300,B,7,7620,A,7,1.2,E,8,0.000,F,8,0.00,?,0,0,1,D,9,00,C,8
03/26/1985,18:00,360,1374,162,1,13,307,1,13,83,1,13,171,1,13,258,1,13,104,1,13,153,1,23,8,A,7,4,A,7,13.3,A,7,1.7,A,7,45,A,7,986,A,7,200,A,7,7.2,A,7,11300,B,7,77777,A,7,1.2,E,8,0.000,F,8,0.00,?,0,0,1,D,9,00,C,8
03/26/1985,19:00,107,1294,33,1,13,42,1,13,29,1,13,36,1,13,22,1,13,34,1,13,60,1,23,8,A,7,3,A,7,12.8,A,7,2.2,A,7,49,A,7,986,A,7,190,A,7,6.2,A,7,11300,B,7,77777,A,7,1.2,E,8,0.000,F,8,0.00,?,0,0,1,D,9,00,C,8
03/26/1985,20:00,0,0,0,1,0,0,1,0,0,1,0,0,1,0,0,1,0,0,1,0,0,1,0,6,A,7,2,A,7,11.1,A,7,2.2,A,7,55,A,7,985,A,7,190,A,7,5.7,A,7,11300,B,7,77777,A,7,1.2,E,8,0.000,?,0,0.00,?,0,0,1,D,9,00,C,8
03/26/1985,21:00,0,0,0,1,0,0,1,0,0,1,0,0,1,0,0,1,0,0,1,0,0,1,0,5,A,7,2,A,7,10.6,A,7,2.8,A,7,59,A,7,984,A,7,190,A,7,6.7,A,7,11300,B,7,77777,A,7,1.3,E,8,0.000,?,0,0.00,?,0,0,1,D,9,00,C,8
03/26/1985,22:00,0,0,0,1,0,0,1,0,0,1,0,0,1,0,0,1,0,0,1,0,0,1,0,5,A,7,3,A,7,10.0,A,7,3.3,A,7,64,A,7,984,A,7,200,A,7,7.7,A,7,11300,B,7,77777,A,7,1.3,E,8,0.000,?,0,0.00,?,0,0,1,D,9,00,C,8
03/26/1985,23:00,0,0,0,1,0,0,1,0,0,1,0,0,1,0,0,1,0,0,1,0,0,1,0,7,A,7,5,A,7,10.6,A,7,3.3,A,7,61,A,7,983,A,7,200,A,7,7.2,A,7,11300,B,7,7620,A,7,1.3,E,8,0.000,?,0,0.00,?,0,0,1,D,9,00,C,8
03/26/1985,24:00,0,0,0,1,0,0,1,0,0,1,0,0,1,0,0,1,0,0,1,0,0,1,0,10,A,7,9,A,7,10.0,A,7,3.3,A,7,64,A,7,982,A,7,210,A,7,8.2,A,7,16100,B,7,3660,A,7,1.3,E,8,0.000,?,0,0.00,?,0,0,1,D,9,00,C,8
03/27/1985,01:00,0,0,0,1,0,0,1,0,0,1,0,0,1,0,0,1,0,0,1,0,0,1,0,10,A,7,7,A,7,10.6,A,7,3.3,A,7,61,A,7,981,A,7,200,A,7,8.8,A,7,16100,B,7,6100,A,7,1.3,E,8,0.000,?,0,0.00,?,0,0,1,D,9,00,C,8
03/27/1985,02:00,0,0,0,1,0,0,1,0,0,1,0,0,1,0,0,1,0,0,1,0,0,1,0,10,A,7,10,A,7,10.6,A,7,3.3,A,7,61,A,7,981,A,7,210,A,7,7.7,A,7,16100,B,7,3660,A,7,1.3,E,8,0.000,?,0,0.00,?,0,0,1,D,9,00,C,8
03/27/1985,03:00,0,0,0,1,0,0,1,0,0,1,0,0,1,0,0,1,0,0,1,0,0,1,0,10,A,7,9,A,7,10.6,A,7,3.3,A,7,61,A,7,979,A,7,220,A,7,7.7,A,7,16100,B,7,3050,A,7,1.3,E,8,0.000,?,0,0.00,?,0,0,1,D,9,00,C,8
03/27/1985,04:00,0,0,0,1,0,0,1,0,0,1,0,0,1,0,0,1,0,0,1,0,0,1,0,10,A,7,8,A,7,11.7,A,7,3.3,A,7,57,A,7,978,A,7,200,A,7,6.7,A,7,16100,B,7,2740,A,7,1.3,E,8,0.000,?,0,0.00,?,0,0,1,D,9,00,C,8
03/27/1985,05:00,0,0,0,1,0,0,1,0,0,1,0,0,1,0,0,1,0,0,1,0,0,1,0,10,A,7,10,A,7,11.7,A,7,3.3,A,7,57,A,7,977,A,7,210,A,7,6.2,A,7,16100,B,7,2740,A,7,1.3,E,8,0.000,?,0,0.00,?,0,0,1,D,9,00,C,8
03/27/1985,06:00,0,0,0,1,0,0,1,0,0,1,0,0,1,0,0,1,0,0,1,0,0,1,0,10,A,7,10,A,7,11.1,A,7,3.3,A,7,59,A,7,977,A,7,210,A,7,6.2,A,7,16100,B,7,2440,A,7,1.3,E,8,0.000,?,0,0.00,?,0,0,1,D,9,00,C,8
03/27/1985,07:00,28,675,12,1,13,3,1,9,12,1,13,14,1,13,0,1,9,14,1,13,42,1,21,10,A,7,9,A,7,11.1,A,7,3.9,A,7,61,A,7,976,A,7,190,A,7,5.2,A,7,16100,B,7,2440,A,7,1.3,E,8,0.000,F,8,0.00,?,0,0,1,D,9,00,C,8
03/27/1985,08:00,247,1373,61,1,13,27,1,9,56,1,13,67,1,13,21,1,9,63,1,13,143,1,21,10,A,7,10,A,7,11.7,A,7,5.0,A,7,64,A,7,975,A,7,200,A,7,6.2,A,7,16100,B,7,2130,A,7,1.4,E,8,0.000,F,8,0.00,?,0,0,1,D,9,00,C,8
03/27/1985,09:00,494,1373,113,1,9,6,1,9,110,1,13,129,1,9,4,1,9,127,1,13,435,1,18,10,A,7,10,A,7,13.3,A,7,5.0,A,7,57,A,7,974,A,7,200,A,7,6.7,A,7,16100,B,7,2130,A,7,1.4,E,8,0.000,F,8,0.00,?,0,0,1,D,9,00,C,8
03/27/1985,10:00,711,1373,189,1,9,12,1,9,183,1,13,218,1,9,10,1,9,213,1,13,762,1,18,10,A,7,10,A,7,13.9,A,7,5.0,A,7,55,A,7,973,A,7,220,A,7,7.2,A,7,16100,B,7,2130,A,7,1.4,E,8,0.000,F,8,0.00,?,0,0,1,D,9,00,C,8
03/27/1985,11:00,883,1373,141,1,9,10,1,9,134,1,13,170,1,9,7,1,9,166,1,13,657,1,18,10,A,7,10,A,7,12.8,A,7,7.2,A,7,69,A,7,973,A,7,220,A,7,9.8,A,7,11300,B,7,1220,A,7,1.6,E,8,0.000,F,8,0.00,?,0,0,1,D,9,00,C,8
03/27/1985,12:00,997,1373,174,1,9,4,1,9,172,1,13,212,1,9,3,1,9,210,1,13,850,1,18,10,A,7,10,A,7,10.6,A,7,8.3,A,7,86,A,7,972,A,7,230,A,7,10.8,A,7,4000,B,7,460,A,7,1.7,E,8,0.000,F,8,0.00,?,0,38,1,D,9,61,C,8
03/27/1985,13:00,1047,1373,187,1,9,8,1,9,181,1,13,227,1,9,6,1,9,223,1,13,902,1,18,10,A,7,10,A,7,10.6,A,7,8.9,A,7,90,A,7,972,A,7,210,A,7,5.2,A,7,4000,B,7,240,A,7,1.8,E,8,0.000,F,8,0.00,?,0,38,1,D,9,45,C,8
03/27/1985,14:00,1029,1373,195,1,9,6,1,9,191,1,13,236,1,9,5,1,9,232,1,13,937,1,18,10,A,7,10,A,7,11.7,A,7,9.4,A,7,86,A,7,972,A,7,220,A,7,4.1,A,7,6400,B,7,460,A,7,1.8,E,8,0.000,F,8,0.00,?,0,30,1,D,9,45,C,8
03/27/1985,15:00,943,1373,213,1,9,5,1,9,209,1,13,251,1,9,4,1,9,249,1,13,974,1,18,10,A,7,10,A,7,11.7,A,7,10.0,A,7,90,A,7,972,A,7,210,A,7,7.2,A,7,3200,B,7,240,A,7,1.9,E,8,0.000,F,8,0.00,?,0,23,1,D,9,45,C,8
03/27/1985,16:00,797,1373,272,1,9,1,1,9,272,1,13,308,1,9,1,1,9,308,1,13,1064,1,18,10,A,7,10,A,7,13.3,A,7,11.7,A,7,90,A,7,972,A,7,220,A,7,7.2,A,7,11300,B,7,520,A,7,2.1,E,8,0.000,F,8,0.00,?,0,0,1,D,9,45,C,8
03/27/1985,17:00,599,1373,193,1,9,1,1,9,193,1,13,217,1,9,1,1,9,216,1,13,711,1,18,10,A,7,10,A,7,15.0,A,7,12.8,A,7,87,A,7,972,A,7,240,A,7,7.2,A,7,11300,B,7,760,A,7,2.3,E,8,0.000,F,8,0.00,?,0,0,1,D,9,00,C,8
03/27/1985,18:00,365,1373,129,1,9,51,1,9,116,1,13,142,1,9,45,1,9,130,1,13,290,1,18,10,A,7,9,A,7,15.0,A,7,12.8,A,7,87,A,7,973,A,7,270,A,7,8.2,A,7,11300,B,7,1220,A,7,2.3,E,8,0.000,F,8,0.00,?,0,0,1,D,9,00,C,8
03/27/1985,19:00,112,1316,36,1,13,16,1,13,35,1,13,40,1,13,10,1,13,39,1,13,81,1,23,10,A,7,6,A,7,13.9,A,7,11.1,A,7,84,A,7,974,A,7,270,A,7,5.7,A,7,16100,B,7,7620,A,7,2.1,E,8,0.000,F,8,0.00,?,0,0,1,D,9,00,C,8
03/27/1985,20:00,0,0,0,1,0,0,1,0,0,1,0,0,1,0,0,1,0,0,1,0,0,1,0,8,A,7,6,A,7,10.6,A,7,8.3,A,7,86,A,7,974,A,7,240,A,7,4.1,A,7,16100,B,7,7620,A,7,1.7,E,8,0.000,?,0,0.00,?,0,0,1,D,9,00,C,8
03/27/1985,21:00,0,0,0,1,0,0,1,0,0,1,0,0,1,0,0,1,0,0,1,0,0,1,0,8,A,7,6,A,7,9.4,A,7,7.2,A,7,86,A,7,974,A,7,200,A,7,4.1,A,7,16100,B,7,7620,A,7,1.6,E,8,0.000,?,0,0.00,?,0,0,1,D,9,00,C,8
03/27/1985,22:00,0,0,0,1,0,0,1,0,0,1,0,0,1,0,0,1,0,0,1,0,0,1,0,8,A,7,6,A,7,10.6,A,7,8.3,A,7,86,A,7,974,A,7,210,A,7,4.1,A,7,16100,B,7,910,A,7,1.7,E,8,0.000,?,0,0.00,?,0,0,1,D,9,00,C,8
03/27/1985,23:00,0,0,0,1,0,0,1,0,0,1,0,0,1,0,0,1,0,0,1,0,0,1,0,10,A,7,10,A,7,8.9,A,7,6.7,A,7,86,A,7,974,A,7,230,A,7,3.1,A,7,16100,B,7,7620,A,7,1.6,E,8,0.000,?,0,0.00,?,0,0,1,D,9,00,C,8
03/27/1985,24:00,0,0,0,1,0,0,1,0,0,1,0,0,1,0,0,1,0,0,1,0,0,1,0,10,A,7,8,A,7,8.3,A,7,6.7,A,7,89,A,7,974,A,7,200,A,7,4.1,A,7,16100,B,7,7620,A,7,1.6,E,8,0.000,?,0,0.00,?,0,0,1,D,9,00,C,8
03/28/1985,01:00,0,0,0,1,0,0,1,0,0,1,0,0,1,0,0,1,0,0,1,0,0,1,0,10,A,7,9,A,7,8.9,A,7,7.8,A,7,93,A,7,973,A,7,120,A,7,2.6,A,7,11300,B,7,910,A,7,1.7,E,8,0.000,?,0,0.00,?,0,0,1,D,9,00,C,8
03/28/1985,02:00,0,0,0,1,0,0,1,0,0,1,0,0,1,0,0,1,0,0,1,0,0,1,0,10,A,7,10,A,7,9.4,A,7,8.9,A,7,96,A,7,972,A,7,120,A,7,3.6,A,7,9700,B,7,640,A,7,1.8,E,8,0.000,?,0,0.00,?,0,0,1,D,9,00,C,8
03/28/1985,03:00,0,0,0,1,0,0,1,0,0,1,0,0,1,0,0,1,0,0,1,0,0,1,0,10,A,7,10,A,7,11.1,A,7,11.1,A,7,100,A,7,971,A,7,140,A,7,3.1,A,7,4800,B,7,610,A,7,2.0,E,8,0.000,?,0,0.00,?,0,5,1,D,9,45,C,8
03/28/1985,04:00,0,0,0,1,0,0,1,0,0,1,0,0,1,0,0,1,0,0,1,0,0,1,0,10,A,7,10,A,7,12.8,A,7,12.8,A,7,100,A,7,970,A,7,290,A,7,3.1,A,7,3200,B,7,310,A,7,2.2,E,8,0.000,?,0,0.00,?,0,71,1,D,9,45,C,8
03/28/1985,05:00,0,0,0,1,0,0,1,0,0,1,0,0,1,0,0,1,0,0,1,0,0,1,0,10,A,7,10,A,7,11.1,A,7,11.1,A,7,100,A,7,968,A,7,60,A,7,4.1,A,7,2000,B,7,60,A,7,2.0,E,8,0.000,?,0,0.00,?,0,102,1,D,9,45,C,8
03/28/1985,06:00,0,0,0,1,0,0,1,0,0,1,0,0,1,0,0,1,0,0,1,0,0,1,0,10,A,7,10,A,7,10.0,A,7,10.0,A,7,100,A,7,968,A,7,80,A,7,4.1,A,7,4800,B,7,850,A,7,1.9,E,8,0.000,?,0,0.00,?,0,38,1,D,9,45,C,8
03/28/1985,07:00,32,720,3,1,13,0,1,9,3,1,13,4,1,13,0,1,9,4,1,13,12,1,21,10,A,7,10,A,7,10.0,A,7,10.0,A,7,100,A,7,967,A,7,70,A,7,2.1,A,7,4000,B,7,760,A,7,1.9,E,8,0.000,F,8,0.00,?,0,13,1,D,9,45,C,8
03/28/1985,08:00,255,1372,52,1,13,1,1,9,52,1,13,59,1,13,0,1,9,59,1,13,189,1,21,10,A,7,10,A,7,12.2,A,7,12.2,A,7,100,A,7,967,A,7,190,A,7,3.6,A,7,4800,B,7,340,A,7,2.2,E,8,0.000,F,8,0.00,?,0,0,1,D,9,45,C,8
03/28/1985,09:00,501,1372,126,1,9,6,1,9,124,1,13,143,1,9,4,1,9,142,1,13,479,1,18,10,A,7,10,A,7,13.3,A,7,12.2,A,7,93,A,7,967,A,7,260,A,7,3.6,A,7,11300,B,7,340,A,7,2.2,E,8,0.000,F,8,0.00,?,0,0,1,D,9,45,C,8
03/28/1985,10:00,718,1372,177,1,9,1,1,9,176,1,13,204,1,9,1,1,9,204,1,13,745,1,18,10,A,7,10,A,7,13.9,A,7,12.2,A,7,90,A,7,968,A,7,260,A,7,10.3,A,7,11300,B,7,370,A,7,2.2,E,8,0.000,F,8,0.00,?,0,0,1,D,9,00,C,8
03/28/1985,11:00,889,1372,330,1,9,5,1,9,327,1,13,374,1,9,5,1,9,371,1,13,1283,1,18,10,A,7,10,A,7,7.8,A,7,6.7,A,7,93,A,7,970,A,7,330,A,7,6.2,A,7,8000,B,7,90,A,7,1.6,E,8,0.000,F,8,0.00,?,0,0,1,D,9,00,C,8
03/28/1985,12:00,1003,1372,327,1,9,2,1,9,325,1,13,377,1,9,2,1,9,375,1,13,1383,1,18,10,A,7,10,A,7,6.7,A,7,4.4,A,7,86,A,7,971,A,7,360,A,7,3.6,A,7,9700,B,7,90,A,7,1.4,E,8,0.000,F,8,0.00,?,0,0,1,D,9,45,C,8
03/28/1985,13:00,1053,1372,319,1,9,1,1,9,318,1,13,371,1,9,1,1,9,370,1,13,1397,1,18,10,A,7,10,A,7,6.1,A,7,4.4,A,7,89,A,7,972,A,7,10,A,7,4.1,A,7,9700,B,7,90,A,7,1.4,E,8,0.000,F,8,0.00,?,0,0,1,D,9,45,C,8
03/28/1985,14:00,1034,1372,320,1,9,2,1,9,318,1,13,371,1,9,2,1,9,370,1,13,1385,1,18,10,A,7,10,A,7,5.0,A,7,2.8,A,7,86,A,7,972,A,7,30,A,7,5.2,A,7,11300,B,7,90,A,7,1.2,E,8,0.000,F,8,0.00,?,0,0,1,D,9,45,C,8
03/28/1985,15:00,948,1372,355,1,9,3,1,9,353,1,13,404,1,9,3,1,9,401,1,13,1403,1,18,10,A,7,10,A,7,5.0,A,7,2.8,A,7,86,A,7,972,A,7,50,A,7,5.2,A,7,11300,B,7,210,A,7,1.2,E,8,0.000,F,8,0.00,?,0,0,1,D,9,00,C,8
03/28/1985,16:00,802,1372,280,1,9,1,1,9,280,1,13,317,1,9,1,1,9,317,1,13,1088,1,18,10,A,7,10,A,7,5.6,A,7,2.8,A,7,83,A,7,972,A,7,50,A,7,7.2,A,7,11300,B,7,210,A,7,1.2,E,8,0.000,F,8,0.00,?,0,0,1,D,9,00,C,8
03/28/1985,17:00,604,1372,106,1,9,1,1,9,106,1,13,125,1,9,1,1,9,125,1,13,463,1,18,10,A,7,10,A,7,5.6,A,7,4.4,A,7,93,A,7,971,A,7,70,A,7,7.2,A,7,8000,B,7,580,A,7,1.4,E,8,0.000,F,8,0.00,?,0,3,1,D,9,00,C,8
03/28/1985,18:00,369,1372,58,1,9,0,1,9,58,1,13,68,1,9,0,1,9,68,1,13,234,1,18,10,A,7,10,A,7,5.6,A,7,4.4,A,7,93,A,7,971,A,7,90,A,7,6.2,A,7,4800,B,7,210,A,7,1.4,E,8,0.000,F,8,0.00,?,0,13,1,D,9,80,C,8
03/28/1985,19:00,116,1338,20,1,13,0,1,9,20,1,13,23,1,13,0,1,9,23,1,13,73,1,21,10,A,7,10,A,7,5.6,A,7,4.4,A,7,93,A,7,970,A,7,130,A,7,6.7,A,7,6400,B,7,910,A,7,1.4,E,8,0.000,F,8,0.00,?,0,3,1,D,9,80,C,8
03/28/1985,20:00,0,0,0,1,0,0,1,0,0,1,0,0,1,0,0,1,0,0,1,0,0,1,0,10,A,7,10,A,7,6.1,A,7,4.4,A,7,89,A,7,971,A,7,110,A,7,5.2,A,7,11300,B,7,760,A,7,1.4,E,8,0.000,?,0,0.00,?,0,0,1,D,9,80,C,8
03/28/1985,21:00,0,0,0,1,0,0,1,0,0,1,0,0,1,0,0,1,0,0,1,0,0,1,0,10,A,7,10,A,7,6.7,A,7,4.4,A,7,86,A,7,971,A,7,60,A,7,4.1,A,7,6400,B,7,210,A,7,1.4,E,8,0.000,?,0,0.00,?,0,0,1,D,9,95,C,8
03/28/1985,22:00,0,0,0,1,0,0,1,0,0,1,0,0,1,0,0,1,0,0,1,0,0,1,0,10,A,7,10,A,7,6.1,A,7,4.4,A,7,89,A,7,970,A,7,70,A,7,4.6,A,7,11300,B,7,610,A,7,1.4,E,8,0.000,?,0,0.00,?,0,3,1,D,9,80,C,8
03/28/1985,23:00,0,0,0,1,0,0,1,0,0,1,0,0,1,0,0,1,0,0,1,0,0,1,0,10,A,7,10,A,7,6.1,A,7,4.4,A,7,89,A,7,970,A,7,110,A,7,4.6,A,7,4800,B,7,210,A,7,1.4,E,8,0.000,?,0,0.00,?,0,0,1,D,9,00,C,8
03/28/1985,24:00,0,0,0,1,0,0,1,0,0,1,0,0,1,0,0,1,0,0,1,0,0,1,0,10,A,7,10,A,7,6.7,A,7,5.0,A,7,89,A,7,970,A,7,130,A,7,4.1,A,7,4000,B,7,150,A,7,1.4,E,8,0.000,?,0,0.00,?,0,0,1,D,9,95,C,8
03/29/1985,01:00,0,0,0,1,0,0,1,0,0,1,0,0,1,0,0,1,0,0,1,0,0,1,0,10,A,7,10,A,7,7.8,A,7,7.8,A,7,100,A,7,970,A,7,200,A,7,4.1,A,7,2400,B,7,120,A,7,1.7,E,8,0.000,?,0,0.00,?,0,0,1,D,9,45,C,8
03/29/1985,02:00,0,0,0,1,0,0,1,0,0,1,0,0,1,0,0,1,0,0,1,0,0,1,0,10,A,7,10,A,7,7.8,A,7,7.8,A,7,100,A,7,970,A,7,170,A,7,3.1,A,7,2400,B,7,120,A,7,1.7,E,8,0.000,?,0,0.00,?,0,0,1,D,9,45,C,8
03/29/1985,03:00,0,0,0,1,0,0,1,0,0,1,0,0,1,0,0,1,0,0,1,0,0,1,0,10,A,7,10,A,7,8.9,A,7,8.3,A,7,96,A,7,970,A,7,230,A,7,4.6,A,7,2400,B,7,120,A,7,1.7,E,8,0.000,?,0,0.00,?,0,0,1,D,9,45,C,8
03/29/1985,04:00,0,0,0,1,0,0,1,0,0,1,0,0,1,0,0,1,0,0,1,0,0,1,0,10,A,7,10,A,7,9.4,A,7,8.9,A,7,96,A,7,971,A,7,270,A,7,7.7,A,7,2400,B,7,180,A,7,1.8,E,8,0.000,?,0,0.00,?,0,0,1,D,9,45,C,8
03/29/1985,05:00,0,0,0,1,0,0,1,0,0,1,0,0,1,0,0,1,0,0,1,0,0,1,0,10,A,7,10,A,7,7.8,A,7,7.2,A,7,96,A,7,973,A,7,270,A,7,7.7,A,7,4000,B,7,180,A,7,1.6,E,8,0.000,?,0,0.00,?,0,0,1,D,9,45,C,8
03/29/1985,06:00,0,0,0,1,0,0,1,0,0,1,0,0,1,0,0,1,0,0,1,0,0,1,0,10,A,7,10,A,7,7.2,A,7,6.1,A,7,93,A,7,974,A,7,270,A,7,7.7,A,7,6400,B,7,210,A,7,1.5,E,8,0.000,?,0,0.00,?,0,0,1,D,9,45,C,8
03/29/1985,07:00,36,743,15,1,13,0,1,9,15,1,13,17,1,13,0,1,9,17,1,13,51,1,21,10,A,7,10,A,7,6.7,A,7,6.1,A,7,96,A,7,975,A,7,290,A,7,6.7,A,7,8000,B,7,270,A,7,1.5,E,8,0.000,F,8,0.00,?,0,0,1,D,9,45,C,8
03/29/1985,08:00,262,1371,69,1,13,0,1,9,69,1,13,77,1,13,0,1,9,77,1,13,233,1,21,10,A,7,10,A,7,5.0,A,7,4.4,A,7,96,A,7,977,A,7,280,A,7,7.7,A,7,8000,B,7,150,A,7,1.4,E,8,0.000,F,8,0.00,?,0,0,1,D,9,45,C,8
03/29/1985,09:00,508,1371,165,1,9,0,1,9,165,1,13,184,1,9,0,1,9,184,1,13,581,1,18,10,A,7,10,A,7,5.0,A,7,3.9,A,7,93,A,7,978,A,7,270,A,7,7.2,A,7,11300,B,7,210,A,7,1.3,E,8,0.000,F,8,0.00,?,0,0,1,D,9,45,C,8
03/29/1985,10:00,724,1371,254,1,9,0,1,9,254,1,13,285,1,9,0,1,9,285,1,13,956,1,18,10,A,7,10,A,7,5.6,A,7,3.9,A,7,89,A,7,979,A,7,280,A,7,7.2,A,7,11300,B,7,270,A,7,1.3,E,8,0.000,F,8,0.00,?,0,0,1,D,9,00,C,8
03/29/1985,11:00,895,1371,306,1,9,2,1,9,305,1,13,349,1,9,2,1,9,348,1,13,1237,1,18,10,A,7,10,A,7,7.2,A,7,5.0,A,7,86,A,7,980,A,7,280,A,7,6.2,A,7,11300,B,7,370,A,7,1.4,E,8,0.000,F,8,0.00,?,0,0,1,D,9,00,C,8
03/29/1985,12:00,1009,1371,747,1,9,869,1,9,111,1,13,777,1,9,867,1,9,137,1,13,273,1,18,4,A,7,1,A,7,8.3,A,7,5.6,A,7,83,A,7,980,A,7,290,A,7,5.2,A,7,11300,B,7,77777,A,7,1.5,E,8,0.000,F,8,0.00,?,0,0,1,D,9,00,C,8
03/29/1985,13:00,1058,1371,654,1,13,549,1,13,233,1,13,715,1,13,573,1,13,272,1,13,768,1,23,6,A,7,3,A,7,10.6,A,7,6.1,A,7,74,A,7,980,A,7,250,A,7,4.1,A,7,11300,B,7,77777,A,7,1.5,E,8,0.000,F,8,0.00,?,0,0,1,D,9,00,C,8
03/29/1985,14:00,1039,1371,713,1,9,780,1,9,124,1,13,764,1,9,789,1,9,164,1,13,383,1,18,6,A,7,2,A,7,11.7,A,7,6.1,A,7,69,A,7,980,A,7,180,A,7,3.6,A,7,11300,B,7,77777,A,7,1.5,E,8,0.000,F,8,0.00,?,0,0,1,D,9,00,C,8
03/29/1985,15:00,953,1371,560,1,13,469,1,13,235,1,13,601,1,13,486,1,13,262,1,13,651,1,23,9,A,7,6,A,7,12.2,A,7,5.0,A,7,62,A,7,980,A,7,280,A,7,7.7,A,7,16100,B,7,7620,A,7,1.4,E,8,0.000,F,8,0.00,?,0,0,1,D,9,00,C,8
03/29/1985,16:00,806,1371,209,1,9,17,1,9,199,1,13,243,1,9,14,1,9,235,1,13,868,1,18,10,A,7,9,A,7,12.8,A,7,5.0,A,7,60,A,7,981,A,7,330,A,7,3.1,A,7,16100,B,7,7620,A,7,1.4,E,8,0.000,F,8,0.00,?,0,0,1,D,9,00,C,8
03/29/1985,17:00,609,1371,190,1,9,97,1,9,148,1,13,211,1,9,98,1,9,168,1,13,355,1,18,10,A,7,9,A,7,11.1,A,7,5.0,A,7,66,A,7,981,A,7,310,A,7,2.1,A,7,16100,B,7,7620,A,7,1.4,E,8,0.000,F,8,0.00,?,0,0,1,D,9,00,C,8
03/29/1985,18:00,374,1371,93,1,9,2,1,9,92,1,13,104,1,9,1,1,9,104,1,13,335,1,18,10,A,7,10,A,7,10.6,A,7,5.0,A,7,69,A,7,982,A,7,340,A,7,2.6,A,7,16100,B,7,7620,A,7,1.4,E,8,0.000,F,8,0.00,?,0,0,1,D,9,00,C,8
03/29/1985,19:00,121,1360,21,1,13,1,1,9,21,1,13,24,1,13,0,1,9,24,1,13,76,1,21,10,A,7,10,A,7,10.0,A,7,5.0,A,7,71,A,7,983,A,7,330,A,7,2.6,A,7,16100,B,7,4570,A,7,1.4,E,8,0.000,F,8,0.00,?,0,0,1,D,9,00,C,8
03/29/1985,20:00,0,0,0,1,0,0,1,0,0,1,0,0,1,0,0,1,0,0,1,0,0,1,0,10,A,7,10,A,7,7.8,A,7,4.4,A,7,80,A,7,984,A,7,10,A,7,7.2,A,7,16100,B,7,3050,A,7,1.4,E,8,0.000,?,0,0.00,?,0,0,1,D,9,00,C,8
03/29/1985,21:00,0,0,0,1,0,0,1,0,0,1,0,0,1,0,0,1,0,0,1,0,0,1,0,10,A,7,10,A,7,5.6,A,7,3.3,A,7,86,A,7,985,A,7,30,A,7,7.2,A,7,16100,B,7,520,A,7,1.3,E,8,0.000,?,0,0.00,?,0,0,1,D,9,00,C,8
03/29/1985,22:00,0,0,0,1,0,0,1,0,0,1,0,0,1,0,0,1,0,0,1,0,0,1,0,10,A,7,10,A,7,3.9,A,7,1.7,A,7,86,A,7,985,A,7,30,A,7,7.2,A,7,16100,B,7,520,A,7,1.2,E,8,0.000,?,0,0.00,?,0,0,1,D,9,00,C,8
03/29/1985,23:00,0,0,0,1,0,0,1,0,0,1,0,0,1,0,0,1,0,0,1,0,0,1,0,10,A,7,10,A,7,3.3,A,7,1.1,A,7,86,A,7,986,A,7,40,A,7,6.2,A,7,16100,B,7,850,A,7,1.1,E,8,0.000,?,0,0.00,?,0,0,1,D,9,00,C,8
03/29/1985,24:00,0,0,0,1,0,0,1,0,0,1,0,0,1,0,0,1,0,0,1,0,0,1,0,10,A,7,10,A,7,2.8,A,7,0.0,A,7,82,A,7,986,A,7,40,A,7,6.2,A,7,16100,B,7,370,A,7,1.1,E,8,0.000,?,0,0.00,?,0,0,1,D,9,00,C,8
03/30/1985,01:00,0,0,0,1,0,0,1,0,0,1,0,0,1,0,0,1,0,0,1,0,0,1,0,10,A,7,10,A,7,2.2,A,7,1.7,A,7,96,A,7,986,A,7,50,A,7,7.7,A,7,11300,B,7,310,A,7,1.2,E,8,0.000,?,0,0.00,?,0,0,1,D,9,00,C,8
03/30/1985,02:00,0,0,0,1,0,0,1,0,0,1,0,0,1,0,0,1,0,0,1,0,0,1,0,10,A,7,10,A,7,1.1,A,7,0.6,A,7,96,A,7,987,A,7,40,A,7,9.3,A,7,11300,B,7,400,A,7,1.1,E,8,0.000,?,0,0.00,?,0,0,1,D,9,00,C,8
03/30/1985,03:00,0,0,0,1,0,0,1,0,0,1,0,0,1,0,0,1,0,0,1,0,0,1,0,10,A,7,10,A,7,0.6,A,7,0.0,A,7,96,A,7,988,A,7,50,A,7,7.7,A,7,11300,B,7,520,A,7,1.1,E,8,0.000,?,0,0.00,?,0,0,1,D,9,00,C,8
03/30/1985,04:00,0,0,0,1,0,0,1,0,0,1,0,0,1,0,0,1,0,0,1,0,0,1,0,10,A,7,10,A,7,0.6,A,7,-0.6,A,7,92,A,7,989,A,7,40,A,7,7.2,A,7,11300,B,7,460,A,7,1.0,E,8,0.000,?,0,0.00,?,0,0,1,D,9,00,C,8
03/30/1985,05:00,0,0,0,1,0,0,1,0,0,1,0,0,1,0,0,1,0,0,1,0,0,1,0,10,A,7,10,A,7,0.6,A,7,-0.6,A,7,92,A,7,989,A,7,40,A,7,7.2,A,7,11300,B,7,430,A,7,1.0,E,8,0.000,?,0,0.00,?,0,0,1,D,9,00,C,8
03/30/1985,06:00,0,0,0,1,0,0,1,0,0,1,0,0,1,0,0,1,0,0,1,0,0,1,0,10,A,7,10,A,7,0.0,A,7,-0.6,A,7,96,A,7,990,A,7,60,A,7,8.2,A,7,11300,B,7,430,A,7,1.0,E,8,0.000,?,0,0.00,?,0,0,1,D,9,00,C,8
03/30/1985,07:00,40,788,16,1,13,0,1,9,16,1,13,18,1,13,0,1,9,18,1,13,54,1,21,10,A,7,10,A,7,0.0,A,7,-1.1,A,7,92,A,7,990,A,7,50,A,7,7.7,A,7,11300,B,7,460,A,7,1.0,E,8,0.000,F,8,0.00,?,0,0,1,D,9,00,C,8
03/30/1985,08:00,269,1371,45,1,13,4,1,9,45,1,13,53,1,13,1,1,9,53,1,13,172,1,21,10,A,7,10,A,7,-0.6,A,7,-1.1,A,7,96,A,7,991,A,7,50,A,7,7.2,A,7,11300,B,7,430,A,7,1.0,E,8,0.000,F,8,0.00,?,0,0,1,D,9,00,C,8
03/30/1985,09:00,515,1371,140,1,9,5,1,9,138,1,13,158,1,9,4,1,9,157,1,13,523,1,18,10,A,7,10,A,7,-0.6,A,7,-3.3,A,7,82,A,7,992,A,7,60,A,7,6.2,A,7,11300,B,7,370,A,7,0.9,E,8,0.000,F,8,0.00,?,0,0,1,D,9,00,C,8
03/30/1985,10:00,731,1371,236,1,9,1,1,9,235,1,13,267,1,9,1,1,9,266,1,13,918,1,18,10,A,7,10,A,7,0.0,A,7,-3.3,A,7,79,A,7,992,A,7,50,A,7,8.2,A,7,11300,B,7,490,A,7,0.9,E,8,0.000,F,8,0.00,?,0,0,1,D,9,00,C,8
03/30/1985,11:00,901,1371,258,1,9,2,1,9,257,1,13,299,1,9,2,1,9,298,1,13,1110,1,18,10,A,7,10,A,7,0.6,A,7,-3.3,A,7,76,A,7,992,A,7,60,A,7,8.8,A,7,16100,B,7,490,A,7,0.9,E,8,0.000,F,8,0.00,?,0,0,1,D,9,00,C,8
03/30/1985,12:00,1015,1371,312,1,9,3,1,9,310,1,13,362,1,9,3,1,9,360,1,13,1349,1,18,10,A,7,10,A,7,1.1,A,7,-3.3,A,7,73,A,7,991,A,7,60,A,7,9.3,A,7,24100,B,7,550,A,7,0.9,E,8,0.000,F,8,0.00,?,0,0,1,D,9,00,C,8
03/30/1985,13:00,1063,1371,365,1,9,2,1,9,363,1,13,421,1,9,2,1,9,419,1,13,1533,1,18,10,A,7,10,A,7,1.1,A,7,-3.3,A,7,73,A,7,991,A,7,40,A,7,9.8,A,7,24100,B,7,550,A,7,0.9,E,8,0.000,F,8,0.00,?,0,0,1,D,9,00,C,8
03/30/1985,14:00,1044,1371,344,1,9,0,1,9,344,1,13,398,1,9,0,1,9,398,1,13,1467,1,18,10,A,7,10,A,7,1.1,A,7,-3.3,A,7,73,A,7,992,A,7,50,A,7,7.7,A,7,24100,B,7,550,A,7,0.9,E,8,0.000,F,8,0.00,?,0,0,1,D,9,00,C,8
03/30/1985,15:00,958,1371,345,1,9,1,1,9,344,1,13,393,1,9,1,1,9,393,1,13,1393,1,18,10,A,7,10,A,7,1.7,A,7,-3.3,A,7,70,A,7,991,A,7,60,A,7,7.2,A,7,24100,B,7,550,A,7,0.9,E,8,0.000,F,8,0.00,?,0,0,1,D,9,00,C,8
03/30/1985,16:00,811,1371,258,1,9,1,1,9,257,1,13,294,1,9,1,1,9,293,1,13,1041,1,18,10,A,7,10,A,7,1.1,A,7,-2.8,A,7,76,A,7,990,A,7,50,A,7,10.3,A,7,24100,B,7,550,A,7,0.9,E,8,0.000,F,8,0.00,?,0,0,1,D,9,00,C,8
03/30/1985,17:00,613,1371,184,1,9,0,1,9,184,1,13,208,1,9,0,1,9,208,1,13,702,1,18,10,A,7,10,A,7,0.6,A,7,-2.8,A,7,79,A,7,990,A,7,60,A,7,7.7,A,7,24100,B,7,550,A,7,0.9,E,8,0.000,F,8,0.00,?,0,0,1,D,9,00,C,8
03/30/1985,18:00,379,1371,105,1,9,1,1,9,104,1,13,117,1,9,1,1,9,116,1,13,367,1,18,10,A,7,10,A,7,0.0,A,7,-2.8,A,7,82,A,7,990,A,7,60,A,7,8.8,A,7,24100,B,7,550,A,7,0.9,E,8,0.000,F,8,0.00,?,0,0,1,D,9,00,C,8
03/30/1985,19:00,126,1371,32,1,13,0,1,9,32,1,13,36,1,13,0,1,9,36,1,13,103,1,21,10,A,7,10,A,7,0.6,A,7,-2.8,A,7,79,A,7,989,A,7,60,A,7,8.8,A,7,24100,B,7,580,A,7,0.9,E,8,0.000,F,8,0.00,?,0,0,1,D,9,00,C,8
03/30/1985,20:00,0,11,0,1,0,0,1,0,0,1,0,0,1,1,0,1,2,0,1,2,0,1,1,10,A,7,10,A,7,0.0,A,7,-2.8,A,7,82,A,7,989,A,7,60,A,7,7.2,A,7,24100,B,7,2130,A,7,0.9,E,8,0.000,?,0,0.00,?,0,0,1,D,9,00,C,8
03/30/1985,21:00,0,0,0,1,0,0,1,0,0,1,0,0,1,0,0,1,0,0,1,0,0,1,0,10,A,7,10,A,7,-0.6,A,7,-2.8,A,7,85,A,7,989,A,7,70,A,7,6.7,A,7,24100,B,7,2130,A,7,0.9,E,8,0.000,?,0,0.00,?,0,0,1,D,9,00,C,8
03/30/1985,22:00,0,0,0,1,0,0,1,0,0,1,0,0,1,0,0,1,0,0,1,0,0,1,0,10,A,7,10,A,7,-0.6,A,7,-2.8,A,7,85,A,7,988,A,7,60,A,7,6.7,A,7,24100,B,7,2290,A,7,0.9,E,8,0.000,?,0,0.00,?,0,0,1,D,9,00,C,8
03/30/1985,23:00,0,0,0,1,0,0,1,0,0,1,0,0,1,0,0,1,0,0,1,0,0,1,0,10,A,7,10,A,7,-1.1,A,7,-2.8,A,7,89,A,7,987,A,7,60,A,7,7.7,A,7,24100,B,7,2290,A,7,0.9,E,8,0.000,?,0,0.00,?,0,0,1,D,9,00,C,8
03/30/1985,24:00,0,0,0,1,0,0,1,0,0,1,0,0,1,0,0,1,0,0,1,0,0,1,0,10,A,7,10,A,7,-0.6,A,7,-2.8,A,7,85,A,7,986,A,7,70,A,7,7.7,A,7,24100,B,7,2290,A,7,0.9,E,8,0.000,?,0,0.00,?,0,0,1,D,9,00,C,8
03/31/1985,01:00,0,0,0,1,0,0,1,0,0,1,0,0,1,0,0,1,0,0,1,0,0,1,0,10,A,7,10,A,7,0.6,A,7,-1.1,A,7,89,A,7,985,A,7,60,A,7,6.7,A,7,16100,B,7,1160,A,7,1.0,E,8,0.000,?,0,0.00,?,0,0,1,D,9,00,C,8
03/31/1985,02:00,0,0,0,1,0,0,1,0,0,1,0,0,1,0,0,1,0,0,1,0,0,1,0,10,A,7,10,A,7,0.6,A,7,-1.1,A,7,89,A,7,983,A,7,60,A,7,7.2,A,7,16100,B,7,980,A,7,1.0,E,8,0.000,?,0,0.00,?,0,0,1,D,9,00,C,8
03/31/1985,03:00,0,0,0,1,0,0,1,0,0,1,0,0,1,0,0,1,0,0,1,0,0,1,0,10,A,7,10,A,7,0.6,A,7,-1.1,A,7,89,A,7,982,A,7,70,A,7,7.2,A,7,16100,B,7,980,A,7,1.0,E,8,0.000,?,0,0.00,?,0,0,1,D,9,00,C,8
03/31/1985,04:00,0,0,0,1,0,0,1,0,0,1,0,0,1,0,0,1,0,0,1,0,0,1,0,10,A,7,10,A,7,0.6,A,7,-1.1,A,7,89,A,7,980,A,7,90,A,7,7.2,A,7,9700,B,7,700,A,7,1.0,E,8,0.000,?,0,0.00,?,0,0,1,D,9,00,C,8
03/31/1985,05:00,0,0,0,1,0,0,1,0,0,1,0,0,1,0,0,1,0,0,1,0,0,1,0,10,A,7,10,A,7,0.6,A,7,-1.7,A,7,85,A,7,978,A,7,90,A,7,8.2,A,7,9700,B,7,850,A,7,1.0,E,8,0.000,?,0,0.00,?,0,0,1,D,9,61,C,8
03/31/1985,06:00,0,0,0,1,0,0,1,0,0,1,0,0,1,0,0,1,0,0,1,0,0,1,0,10,A,7,10,A,7,-0.6,A,7,-1.7,A,7,92,A,7,976,A,7,80,A,7,8.2,A,7,11300,B,7,580,A,7,1.0,E,8,0.000,?,0,0.00,?,0,0,1,D,9,61,C,8
03/31/1985,07:00,44,833,9,1,13,0,1,9,9,1,13,11,1,13,0,1,9,11,1,13,34,1,21,10,A,7,10,A,7,0.0,A,7,-1.1,A,7,92,A,7,976,A,7,90,A,7,8.2,A,7,11300,B,7,430,A,7,1.0,E,8,0.000,F,8,0.00,?,0,0,1,D,9,56,C,8
03/31/1985,08:00,277,1370,38,1,13,0,1,9,38,1,13,45,1,13,0,1,9,45,1,13,151,1,21,10,A,7,10,A,7,0.0,A,7,0.0,A,7,100,A,7,974,A,7,90,A,7,7.7,A,7,11300,B,7,310,A,7,1.1,E,8,0.000,F,8,0.00,?,0,0,1,D,9,66,C,8
03/31/1985,09:00,522,1370,153,1,9,1,1,9,153,1,13,172,1,9,1,1,9,172,1,13,565,1,18,10,A,7,10,A,7,0.0,A,7,-1.1,A,7,92,A,7,973,A,7,100,A,7,8.8,A,7,11300,B,7,210,A,7,1.0,E,8,0.000,F,8,0.00,?,0,0,1,D,9,66,C,8
03/31/1985,10:00,737,1370,135,1,9,1,1,9,135,1,13,160,1,9,1,1,9,160,1,13,614,1,18,10,A,7,10,A,7,0.6,A,7,-0.6,A,7,92,A,7,972,A,7,80,A,7,6.7,A,7,4800,B,7,210,A,7,1.0,E,8,0.000,F,8,0.00,?,0,0,1,D,9,00,C,8
03/31/1985,11:00,907,1370,331,1,9,1,1,9,331,1,13,377,1,9,1,1,9,376,1,13,1312,1,18,10,A,7,10,A,7,1.1,A,7,0.0,A,7,92,A,7,969,A,7,100,A,7,7.7,A,7,3200,B,7,180,A,7,1.0,E,8,0.000,F,8,0.00,?,0,0,1,D,9,45,C,8
03/31/1985,12:00,1020,1370,220,1,9,0,1,9,220,1,13,262,1,9,0,1,9,262,1,13,1049,1,18,10,A,7,10,A,7,1.7,A,7,0.0,A,7,89,A,7,967,A,7,120,A,7,7.2,A,7,3200,B,7,120,A,7,1.0,E,8,0.000,F,8,0.00,?,0,0,1,D,9,45,C,8
03/31/1985,13:00,1069,1370,224,1,9,1,1,9,224,1,13,270,1,9,1,1,9,269,1,13,1082,1,18,10,A,7,10,A,7,2.2,A,7,1.1,A,7,93,A,7,966,A,7,120,A,7,6.7,A,7,3200,B,7,120,A,7,1.1,E,8,0.000,F,8,0.00,?,0,3,1,D,9,45,C,8
03/31/1985,14:00,1049,1370,217,1,9,2,1,9,215,1,13,260,1,9,2,1,9,259,1,13,1040,1,18,10,A,7,10,A,7,3.9,A,7,2.8,A,7,93,A,7,966,A,7,170,A,7,6.2,A,7,2400,B,7,120,A,7,1.2,E,8,0.000,F,8,0.00,?,0,0,1,D,9,45,C,8
03/31/1985,15:00,962,1370,336,1,9,1,1,9,335,1,13,384,1,9,1,1,9,383,1,13,1376,1,18,10,A,7,10,A,7,6.1,A,7,4.4,A,7,89,A,7,965,A,7,180,A,7,6.2,A,7,11300,B,7,460,A,7,1.4,E,8,0.000,F,8,0.00,?,0,0,1,D,9,45,C,8
03/31/1985,16:00,815,1370,386,1,9,183,1,9,278,1,13,422,1,9,191,1,9,307,1,13,748,1,18,8,A,7,8,A,7,9.4,A,7,7.2,A,7,86,A,7,963,A,7,230,A,7,5.2,A,7,11300,B,7,270,A,7,1.6,E,8,0.000,F,8,0.00,?,0,0,1,D,9,00,C,8
03/31/1985,17:00,618,1370,115,1,9,7,1,9,112,1,13,135,1,9,5,1,9,133,1,13,489,1,18,10,A,7,10,A,7,7.8,A,7,6.1,A,7,89,A,7,964,A,7,250,A,7,12.9,A,7,2400,B,7,580,A,7,1.5,E,8,0.000,F,8,0.00,?,0,13,1,D,9,00,C,8
03/31/1985,18:00,383,1370,108,1,9,6,1,9,106,1,13,120,1,9,3,1,9,119,1,13,374,1,18,10,A,7,10,A,7,4.4,A,7,2.2,A,7,86,A,7,965,A,7,240,A,7,11.3,A,7,11300,B,7,850,A,7,1.2,E,8,0.000,F,8,0.00,?,0,3,1,D,9,81,C,8
03/31/1985,19:00,130,1370,34,1,13,0,1,9,34,1,13,38,1,13,0,1,9,38,1,13,109,1,21,10,A,7,10,A,7,3.9,A,7,1.7,A,7,86,A,7,966,A,7,230,A,7,9.3,A,7,16100,B,7,1220,A,7,1.2,E,8,0.000,F,8,0.00,?,0,0,1,D,9,00,C,8
03/31/1985,20:00,0,34,0,1,0,0,1,0,0,1,0,0,1,1,0,1,2,0,1,2,0,1,1,10,A,7,10,A,7,2.8,A,7,0.6,A,7,86,A,7,966,A,7,220,A,7,11.8,A,7,16100,B,7,2440,A,7,1.1,E,8,0.000,?,0,0.00,?,0,0,1,D,9,00,C,8
03/31/1985,21:00,0,0,0,1,0,0,1,0,0,1,0,0,1,0,0,1,0,0,1,0,0,1,0,10,A,7,10,A,7,1.1,A,7,0.0,A,7,92,A,7,966,A,7,230,A,7,11.8,A,7,2400,B,7,310,A,7,1.0,E,8,0.000,?,0,0.00,?,0,0,1,D,9,00,C,8
03/31/1985,22:00,0,0,0,1,0,0,1,0,0,1,0,0,1,0,0,1,0,0,1,0,0,1,0,10,A,7,10,A,7,1.5,A,7,-0.5,A,7,89,A,7,966,A,7,220,A,7,10.9,A,7,16100,B,7,370,A,7,1.0,E,8,0.000,?,0,0.00,?,0,0,1,D,9,85,C,8
03/31/1985,23:00,0,0,0,1,0,0,1,0,0,1,0,0,1,0,0,1,0,0,1,0,0,1,0,10,A,7,10,A,7,1.9,A,7,-1.2,A,7,85,A,7,966,A,7,220,A,7,10.1,A,7,16100,B,7,610,A,7,1.0,E,8,0.000,?,0,0.00,?,0,0,1,D,9,80,C,8
03/31/1985,24:00,0,0,0,1,0,0,1,0,0,1,0,0,1,0,0,1,0,0,1,0,0,1,0,10,A,7,10,A,7,2.3,A,7,-1.8,A,7,85,A,7,966,A,7,240,A,7,9.2,A,7,12900,B,7,700,A,7,0.9,E,8,0.000,?,0,0.00,?,0,0,1,D,9,38,C,8
04/01/1994,01:00,0,0,0,1,0,0,1,0,0,1,0,0,1,0,0,1,0,0,1,0,0,1,0,0,A,7,0,A,7,2.7,A,7,-2.4,A,7,52,A,7,985,A,7,210,A,7,8.3,A,7,16000,B,7,77777,A,7,1.1,E,8,0.000,F,8,0.00,F,8,0,1,D,9,00,C,8
04/01/1994,02:00,0,0,0,1,0,0,1,0,0,1,0,0,1,0,0,1,0,0,1,0,0,1,0,2,A,7,2,A,7,3.1,A,7,-3.0,A,7,55,A,7,984,A,7,220,A,7,7.4,A,7,16000,B,7,77777,A,7,1.1,E,8,0.000,F,8,0.00,F,8,0,1,D,9,00,C,8
04/01/1994,03:00,0,0,0,1,0,0,1,0,0,1,0,0,1,0,0,1,0,0,1,0,0,1,0,1,A,7,1,A,7,3.5,A,7,-3.7,A,7,57,A,7,983,A,7,220,A,7,6.6,A,7,16000,B,7,77777,A,7,1.1,E,8,0.000,F,8,0.00,F,8,0,1,D,9,00,C,8
04/01/1994,04:00,0,0,0,1,0,0,1,0,0,1,0,0,1,0,0,1,0,0,1,0,0,1,0,7,A,7,7,A,7,3.9,A,7,-4.4,A,7,52,A,7,983,A,7,210,A,7,5.7,A,7,16000,B,7,2438,A,7,1.1,E,8,0.000,F,8,0.00,F,8,0,1,D,9,00,C,8
04/01/1994,05:00,0,0,0,1,0,0,1,0,0,1,0,0,1,0,0,1,0,0,1,0,0,1,0,0,A,7,0,A,7,2.8,A,7,-4.4,A,7,57,A,7,983,A,7,210,A,7,4.6,A,7,16000,B,7,77777,A,7,1.2,E,8,0.000,F,8,0.00,F,8,0,1,D,9,00,C,8
04/01/1994,06:00,0,0,0,1,0,0,1,0,0,1,0,0,1,0,0,1,0,0,1,0,0,1,0,0,A,7,0,A,7,2.2,A,7,-3.9,A,7,62,A,7,983,A,7,220,A,7,4.1,A,7,16000,B,7,77777,A,7,1.2,E,8,0.000,F,8,0.00,F,8,0,1,D,9,00,C,8
04/01/1994,07:00,47,856,16,1,10,126,1,16,9,1,10,17,1,10,58,1,16,14,1,10,17,1,21,0,A,7,0,A,7,2.2,A,7,-3.9,A,7,62,A,7,983,A,7,220,A,7,6.2,A,7,16000,B,7,77777,A,7,1.2,E,8,0.000,F,8,0.00,F,8,0,1,D,9,00,C,8
04/01/1994,08:00,282,1369,139,1,10,442,1,16,47,1,10,143,1,10,344,1,16,72,1,10,87,1,21,2,A,7,2,A,7,4.4,A,7,-2.8,A,7,58,A,7,984,A,7,240,A,7,5.2,A,7,16000,B,7,77777,A,7,1.2,E,8,0.000,F,8,0.00,F,8,0,1,D,9,00,C,8
04/01/1994,09:00,528,1369,323,1,10,693,1,16,56,1,10,344,1,10,659,1,16,89,1,10,122,1,21,1,A,7,1,A,7,6.1,A,7,-2.2,A,7,54,A,7,984,A,7,260,A,7,5.7,A,7,19200,B,7,77777,A,7,1.2,E,8,0.000,F,8,0.00,F,8,0,1,D,9,00,C,8
04/01/1994,10:00,742,1369,472,1,10,563,1,16,167,1,10,506,1,10,571,1,16,195,1,10,364,1,21,2,A,7,2,A,7,8.3,A,7,-1.1,A,7,51,A,7,984,A,7,290,A,7,4.6,A,7,16000,B,7,77777,A,7,1.2,E,8,0.000,F,8,0.00,F,8,0,1,D,9,00,C,8
04/01/1994,11:00,912,1369,642,1,10,836,1,16,84,1,10,669,1,10,832,1,16,114,1,10,212,1,21,1,A,7,1,A,7,10.6,A,7,0.0,A,7,48,A,7,984,A,7,250,A,7,3.1,A,7,16000,B,7,77777,A,7,1.2,E,8,0.000,F,8,0.00,F,8,0,1,D,9,00,C,8
04/01/1994,12:00,1025,1369,761,1,10,845,1,16,127,1,10,808,1,10,853,1,16,167,1,10,380,1,21,1,A,7,1,A,7,12.2,A,7,0.0,A,7,43,A,7,984,A,7,250,A,7,3.1,A,7,16000,B,7,77777,A,7,1.2,E,8,0.000,F,8,0.00,F,8,0,1,D,9,00,C,8
04/01/1994,13:00,1073,1369,835,1,10,944,1,16,95,1,10,868,1,10,945,1,16,126,1,10,292,1,21,0,A,7,0,A,7,14.4,A,7,-0.6,A,7,35,A,7,984,A,7,340,A,7,2.6,A,7,19200,B,7,77777,A,7,1.2,E,8,0.000,F,8,0.00,F,8,0,1,D,9,00,C,8
04/01/1994,14:00,1053,1369,766,1,10,822,1,16,134,1,10,813,1,10,830,1,16,173,1,10,419,1,21,5,A,7,1,A,7,14.4,A,7,-0.6,A,7,35,A,7,984,A,7,290,A,7,5.2,A,7,16000,B,7,77777,A,7,1.2,E,8,0.000,F,8,0.00,F,8,0,1,D,9,00,C,8
04/01/1994,15:00,966,1369,739,1,10,921,1,16,89,1,10,770,1,10,919,1,16,120,1,10,235,1,21,0,A,7,0,A,7,15.0,A,7,-0.6,A,7,34,A,7,983,A,7,270,A,7,3.1,A,7,16000,B,7,77777,A,7,1.2,E,8,0.000,F,8,0.00,F,8,0,1,D,9,00,C,8
04/01/1994,16:00,819,1369,564,1,10,797,1,16,87,1,10,605,1,10,800,1,16,125,1,10,214,1,21,2,A,7,1,A,7,16.1,A,7,-1.1,A,7,30,A,7,983,A,7,270,A,7,2.6,A,7,16000,B,7,77777,A,7,1.2,E,8,0.000,F,8,0.00,F,8,0,1,D,9,00,C,8
04/01/1994,17:00,621,1369,432,1,10,809,1,16,64,1,10,453,1,10,779,1,16,98,1,10,141,1,21,0,A,7,0,A,7,15.6,A,7,-0.6,A,7,33,A,7,983,A,7,220,A,7,3.6,A,7,16000,B,7,77777,A,7,1.2,E,8,0.000,F,8,0.00,F,8,0,1,D,9,00,C,8
04/01/1994,18:00,387,1369,234,1,10,666,1,16,46,1,10,245,1,10,589,1,16,78,1,10,95,1,21,0,A,7,0,A,7,15.6,A,7,-0.6,A,7,33,A,7,983,A,7,240,A,7,2.6,A,7,14400,B,7,77777,A,7,1.2,E,8,0.000,F,8,0.00,F,8,0,1,D,9,00,C,8
04/01/1994,19:00,134,1369,56,1,10,327,1,16,24,1,10,57,1,10,182,1,16,40,1,10,43,1,21,0,A,7,0,A,7,12.8,A,7,-1.1,A,7,38,A,7,983,A,7,230,A,7,3.6,A,7,16000,B,7,77777,A,7,1.1,E,8,0.000,F,8,0.00,F,8,0,1,D,9,00,C,8
04/01/1994,20:00,0,57,0,1,10,4,1,16,0,1,10,0,1,10,0,1,16,0,1,10,0,1,21,0,A,7,0,A,7,7.8,A,7,-0.6,A,7,55,A,7,983,A,7,260,A,7,1.5,A,7,16000,B,7,77777,A,7,1.1,E,8,0.000,F,8,0.00,F,8,0,1,D,9,00,C,8
04/01/1994,21:00,0,0,0,1,0,0,1,0,0,1,0,0,1,0,0,1,0,0,1,0,0,1,0,0,A,7,0,A,7,6.1,A,7,0.0,A,7,65,A,7,984,A,7,280,A,7,2.1,A,7,16000,B,7,77777,A,7,1.1,E,8,0.000,F,8,0.00,F,8,0,1,D,9,00,C,8
04/01/1994,22:00,0,0,0,1,0,0,1,0,0,1,0,0,1,0,0,1,0,0,1,0,0,1,0,0,A,7,0,A,7,2.8,A,7,-0.6,A,7,78,A,7,984,A,7,20,A,7,1.5,A,7,16000,B,7,77777,A,7,1.1,E,8,0.000,F,8,0.00,F,8,0,1,D,9,00,C,8
04/01/1994,23:00,0,0,0,1,0,0,1,0,0,1,0,0,1,0,0,1,0,0,1,0,0,1,0,0,A,7,0,A,7,1.7,A,7,-0.6,A,7,84,A,7,983,A,7,240,A,7,1.5,A,7,16000,B,7,77777,A,7,1.1,E,8,0.000,F,8,0.00,F,8,0,1,D,9,00,C,8
04/01/1994,24:00,0,0,0,1,0,0,1,0,0,1,0,0,1,0,0,1,0,0,1,0,0,1,0,0,A,7,0,A,7,1.1,A,7,-1.1,A,7,84,A,7,983,A,7,0,A,7,0.0,A,7,16000,B,7,77777,A,7,1.1,E,8,0.000,F,8,0.00,F,8,0,1,D,9,00,C,8
04/02/1994,01:00,0,0,0,1,0,0,1,0,0,1,0,0,1,0,0,1,0,0,1,0,0,1,0,0,A,7,0,A,7,0.0,A,7,-1.7,A,7,87,A,7,983,A,7,110,A,7,1.5,A,7,16000,B,7,77777,A,7,1.1,E,8,0.000,F,8,0.00,F,8,0,1,D,9,00,C,8
04/02/1994,02:00,0,0,0,1,0,0,1,0,0,1,0,0,1,0,0,1,0,0,1,0,0,1,0,0,A,7,0,A,7,-0.6,A,7,-1.7,A,7,91,A,7,983,A,7,60,A,7,2.6,A,7,11200,B,7,77777,A,7,1.1,E,8,0.000,F,8,0.00,F,8,0,1,D,9,00,C,8
04/02/1994,03:00,0,0,0,1,0,0,1,0,0,1,0,0,1,0,0,1,0,0,1,0,0,1,0,0,A,7,0,A,7,-1.1,A,7,-2.2,A,7,91,A,7,982,A,7,90,A,7,2.6,A,7,11200,B,7,77777,A,7,1.1,E,8,0.000,F,8,0.00,F,8,0,1,D,9,00,C,8
04/02/1994,04:00,0,0,0,1,0,0,1,0,0,1,0,0,1,0,0,1,0,0,1,0,0,1,0,0,A,7,0,A,7,2.2,A,7,-0.6,A,7,81,A,7,981,A,7,140,A,7,2.6,A,7,11200,B,7,77777,A,7,1.1,E,8,0.000,F,8,0.00,F,8,0,1,D,9,00,C,8
04/02/1994,05:00,0,0,0,1,0,0,1,0,0,1,0,0,1,0,0,1,0,0,1,0,0,1,0,0,A,7,0,A,7,1.7,A,7,-1.1,A,7,81,A,7,981,A,7,160,A,7,2.6,A,7,11200,B,7,77777,A,7,1.1,E,8,0.000,F,8,0.00,F,8,0,1,D,9,00,C,8
04/02/1994,06:00,0,0,0,1,0,0,1,0,0,1,0,0,1,0,0,1,0,0,1,0,0,1,0,0,A,7,0,A,7,4.4,A,7,0.6,A,7,76,A,7,980,A,7,190,A,7,3.6,A,7,11200,B,7,77777,A,7,1.1,E,8,0.000,F,8,0.00,F,8,0,1,D,9,00,C,8
04/02/1994,07:00,52,901,14,1,10,16,1,16,13,1,10,16,1,10,7,1,16,15,1,10,27,1,21,10,A,7,4,A,7,6.7,A,7,2.8,A,7,76,A,7,980,A,7,200,A,7,4.6,A,7,11200,B,7,77777,A,7,1.1,E,8,0.000,F,8,0.00,F,8,0,1,D,9,00,C,8
04/02/1994,08:00,290,1368,85,1,10,105,1,16,63,1,10,94,1,10,85,1,16,76,1,10,136,1,21,10,A,7,5,A,7,9.4,A,7,4.4,A,7,71,A,7,980,A,7,210,A,7,6.2,A,7,11200,B,7,77777,A,7,1.1,E,8,0.000,F,8,0.00,F,8,0,1,D,9,00,C,8
04/02/1994,09:00,534,1368,193,1,10,89,1,16,158,1,10,212,1,10,85,1,16,178,1,10,440,1,21,10,A,7,5,A,7,11.7,A,7,5.0,A,7,63,A,7,979,A,7,200,A,7,6.7,A,7,12800,B,7,77777,A,7,1.1,E,8,0.000,F,8,0.00,F,8,0,1,D,9,00,C,8
04/02/1994,10:00,749,1368,503,1,10,473,1,16,244,1,10,518,1,10,478,1,16,256,1,10,558,1,21,10,A,7,4,A,7,15.0,A,7,6.1,A,7,55,A,7,979,A,7,200,A,7,6.7,A,7,16000,B,7,77777,A,7,1.1,E,8,0.000,F,8,0.00,F,8,0,1,D,9,00,C,8
04/02/1994,11:00,918,1368,597,1,10,566,1,16,217,1,10,642,1,10,586,1,16,247,1,10,572,1,21,9,A,7,4,A,7,17.2,A,7,5.6,A,7,46,A,7,979,A,7,230,A,7,8.2,A,7,19200,B,7,77777,A,7,1.1,E,8,0.000,F,8,0.00,F,8,0,1,D,9,00,C,8
04/02/1994,12:00,1030,1368,587,1,10,483,1,16,223,1,10,640,1,10,504,1,16,259,1,10,699,1,21,8,A,7,4,A,7,18.9,A,7,5.0,A,7,40,A,7,978,A,7,230,A,7,9.8,A,7,19200,B,7,77777,A,7,1.1,E,8,0.000,F,8,0.00,F,8,0,1,D,9,00,C,8
04/02/1994,13:00,1078,1368,690,1,10,599,1,16,218,1,10,728,1,10,607,1,16,248,1,10,745,1,21,7,A,7,2,A,7,20.6,A,7,3.9,A,7,33,A,7,977,A,7,200,A,7,10.3,A,7,24000,B,7,77777,A,7,1.0,E,8,0.000,F,8,0.00,F,8,0,1,D,9,00,C,8
04/02/1994,14:00,1057,1368,801,1,10,837,1,16,154,1,10,838,1,10,840,1,16,187,1,10,467,1,21,4,A,7,0,A,7,20.6,A,7,3.3,A,7,32,A,7,976,A,7,210,A,7,9.8,A,7,24000,B,7,77777,A,7,1.0,E,8,0.000,F,8,0.00,F,8,0,1,D,9,00,C,8
04/02/1994,15:00,971,1368,528,1,10,199,1,16,386,1,10,571,1,10,210,1,16,422,1,10,1186,1,21,7,A,7,6,A,7,20.0,A,7,2.2,A,7,31,A,7,975,A,7,220,A,7,10.3,A,7,24000,B,7,2743,A,7,1.0,E,8,0.000,F,8,0.00,F,8,0,1,D,9,00,C,8
04/02/1994,16:00,823,1368,373,1,10,283,1,16,202,1,10,408,1,10,302,1,16,226,1,10,486,1,21,10,A,7,5,A,7,20.0,A,7,1.1,A,7,28,A,7,975,A,7,270,A,7,10.8,A,7,24000,B,7,77777,A,7,1.0,E,8,0.000,F,8,0.00,F,8,0,1,D,9,00,C,8
04/02/1994,17:00,626,1368,383,1,10,342,1,16,227,1,10,403,1,10,348,1,16,244,1,10,520,1,21,7,A,7,5,A,7,18.3,A,7,1.7,A,7,33,A,7,975,A,7,260,A,7,13.9,A,7,16000,B,7,7620,A,7,1.0,E,8,0.000,F,8,0.00,F,8,0,1,D,9,00,C,8
04/02/1994,18:00,392,1368,79,1,10,0,1,16,79,1,10,91,1,10,0,1,16,91,1,10,307,1,21,10,A,7,10,A,7,15.0,A,7,2.8,A,7,44,A,7,976,A,7,290,A,7,8.8,A,7,16000,B,7,3353,A,7,1.0,E,8,0.000,F,8,0.00,F,8,0,1,D,9,00,C,8
04/02/1994,19:00,139,1368,28,1,10,0,1,16,28,1,10,32,1,10,0,1,16,32,1,10,97,1,21,10,A,7,10,A,7,11.7,A,7,3.9,A,7,59,A,7,977,A,7,300,A,7,8.2,A,7,19200,B,7,4572,A,7,1.0,E,8,0.000,F,8,0.00,F,8,0,1,D,9,00,C,8
04/02/1994,20:00,0,103,0,1,10,0,1,16,0,1,10,0,1,10,0,1,16,0,1,10,0,1,21,10,A,7,10,A,7,9.4,A,7,2.8,A,7,63,A,7,978,A,7,300,A,7,6.7,A,7,19200,B,7,3353,A,7,1.0,E,8,0.000,F,8,0.00,F,8,0,1,D,9,00,C,8
04/02/1994,21:00,0,0,0,1,0,0,1,0,0,1,0,0,1,0,0,1,0,0,1,0,0,1,0,10,A,7,10,A,7,6.7,A,7,-0.6,A,7,59,A,7,980,A,7,310,A,7,7.7,A,7,19200,B,7,2896,A,7,1.0,E,8,0.000,F,8,0.00,F,8,0,1,D,9,00,C,8
04/02/1994,22:00,0,0,0,1,0,0,1,0,0,1,0,0,1,0,0,1,0,0,1,0,0,1,0,10,A,7,10,A,7,5.0,A,7,0.0,A,7,70,A,7,980,A,7,280,A,7,4.1,A,7,16000,B,7,1981,A,7,1.0,E,8,0.000,F,8,0.00,F,8,0,1,D,9,00,C,8
04/02/1994,23:00,0,0,0,1,0,0,1,0,0,1,0,0,1,0,0,1,0,0,1,0,0,1,0,10,A,7,10,A,7,5.0,A,7,-0.6,A,7,67,A,7,980,A,7,300,A,7,4.1,A,7,16000,B,7,1341,A,7,1.0,E,8,0.000,F,8,0.00,F,8,0,1,D,9,00,C,8
04/02/1994,24:00,0,0,0,1,0,0,1,0,0,1,0,0,1,0,0,1,0,0,1,0,0,1,0,10,A,7,10,A,7,4.4,A,7,-2.2,A,7,61,A,7,981,A,7,340,A,7,6.7,A,7,16000,B,7,2286,A,7,0.9,E,8,0.000,F,8,0.00,F,8,0,1,D,9,61,C,8
04/03/1994,01:00,0,0,0,1,0,0,1,0,0,1,0,0,1,0,0,1,0,0,1,0,0,1,0,10,A,7,10,A,7,1.7,A,7,-4.4,A,7,61,A,7,981,A,7,320,A,7,5.7,A,7,16000,B,7,1524,A,7,0.9,E,8,0.000,F,8,0.00,F,8,0,1,D,9,61,C,8
04/03/1994,02:00,0,0,0,1,0,0,1,0,0,1,0,0,1,0,0,1,0,0,1,0,0,1,0,10,B,8,10,B,8,1.2,B,8,-5.2,B,8,59,A,7,981,B,8,330,B,8,4.9,B,8,16000,C,8,1448,B,8,0.9,E,8,0.000,F,8,0.00,F,8,0,1,D,9,00,C,8
04/03/1994,03:00,0,0,0,1,0,0,1,0,0,1,0,0,1,0,0,1,0,0,1,0,0,1,0,10,A,7,10,A,7,0.6,A,7,-6.1,A,7,57,A,7,981,A,7,330,A,7,4.1,A,7,16000,B,7,1372,A,7,0.9,E,8,0.000,F,8,0.00,F,8,0,1,D,9,00,C,8
04/03/1994,04:00,0,0,0,1,0,0,1,0,0,1,0,0,1,0,0,1,0,0,1,0,0,1,0,10,A,7,10,A,7,0.0,A,7,-5.0,A,7,66,A,7,982,A,7,350,A,7,3.6,A,7,16000,B,7,1250,A,7,0.9,E,8,0.000,F,8,0.00,F,8,0,1,D,9,00,C,8
04/03/1994,05:00,0,0,0,1,0,0,1,0,0,1,0,0,1,0,0,1,0,0,1,0,0,1,0,10,A,7,10,A,7,-1.1,A,7,-6.1,A,7,66,A,7,983,A,7,330,A,7,4.6,A,7,16000,B,7,1311,A,7,0.9,E,8,0.000,F,8,0.00,F,8,0,1,D,9,00,C,8
04/03/1994,06:00,0,0,0,1,0,0,1,0,0,1,0,0,1,0,0,1,0,0,1,0,0,1,0,10,A,7,10,A,7,-1.1,A,7,-6.7,A,7,62,A,7,983,A,7,350,A,7,6.2,A,7,16000,B,7,701,A,7,0.9,E,8,0.000,F,8,0.00,F,8,0,1,D,9,00,C,8
04/03/1994,07:00,57,946,9,1,10,0,1,16,9,1,10,11,1,10,0,1,16,11,1,10,34,1,21,10,A,7,10,A,7,-1.1,A,7,-6.7,A,7,62,A,7,984,A,7,330,A,7,5.2,A,7,16000,B,7,701,A,7,0.9,E,8,0.000,F,8,0.00,F,8,0,1,D,9,00,C,8
04/03/1994,08:00,297,1367,43,1,10,0,1,16,43,1,10,50,1,10,0,1,16,50,1,10,171,1,21,10,A,7,10,A,7,-1.7,A,7,-7.2,A,7,63,A,7,984,A,7,320,A,7,6.7,A,7,16000,B,7,701,A,7,0.9,E,8,0.000,F,8,0.00,F,8,0,1,D,9,00,C,8
04/03/1994,09:00,541,1367,93,1,10,0,1,16,93,1,10,109,1,10,0,1,16,109,1,10,398,1,21,10,A,7,10,A,7,-1.1,A,7,-7.2,A,7,60,A,7,985,A,7,340,A,7,5.2,A,7,16000,B,7,701,A,7,0.9,E,8,0.000,F,8,0.00,F,8,0,1,D,9,00,C,8
04/03/1994,10:00,755,1367,147,1,10,0,1,16,147,1,10,173,1,10,0,1,16,173,1,10,666,1,21,10,A,7,10,A,7,-0.6,A,7,-6.7,A,7,60,A,7,985,A,7,350,A,7,6.2,A,7,16000,B,7,701,A,7,0.9,E,8,0.000,F,8,0.00,F,8,0,1,D,9,00,C,8
04/03/1994,11:00,924,1367,190,1,10,0,1,16,190,1,10,226,1,10,0,1,16,226,1,10,896,1,21,10,A,7,10,A,7,-0.6,A,7,-6.7,A,7,60,A,7,986,A,7,350,A,7,3.6,A,7,16000,B,7,701,A,7,0.9,E,8,0.000,F,8,0.00,F,8,0,1,D,9,00,C,8
04/03/1994,12:00,1036,1367,642,1,10,325,1,16,395,1,10,687,1,10,350,1,16,421,1,10,1305,1,21,9,A,7,9,A,7,1.7,A,7,-5.0,A,7,58,A,7,986,A,7,320,A,7,4.1,A,7,16000,B,7,792,A,7,0.9,E,8,0.000,F,8,0.00,F,8,0,1,D,9,00,C,8
04/03/1994,13:00,1083,1367,798,1,10,739,1,16,212,1,10,843,1,10,750,1,16,248,1,10,736,1,21,3,A,7,3,A,7,2.8,A,7,-5.0,A,7,54,A,7,985,A,7,300,A,7,5.7,A,7,16000,B,7,77777,A,7,1.0,E,8,0.000,F,8,0.00,F,8,0,1,D,9,00,C,8
04/03/1994,14:00,1062,1367,807,1,10,844,1,16,151,1,10,846,1,10,848,1,16,186,1,10,466,1,21,0,A,7,0,A,7,5.0,A,7,-4.4,A,7,48,A,7,985,A,7,330,A,7,3.6,A,7,16000,B,7,77777,A,7,1.0,E,8,0.000,F,8,0.00,F,8,0,1,D,9,00,C,8
04/03/1994,15:00,975,1367,727,1,10,819,1,16,142,1,10,758,1,10,819,1,16,172,1,10,373,1,21,0,A,7,0,A,7,6.1,A,7,-4.4,A,7,45,A,7,984,A,7,260,A,7,4.1,A,7,16000,B,7,77777,A,7,1.0,E,8,0.000,F,8,0.00,F,8,0,1,D,9,00,C,8
04/03/1994,16:00,828,1367,591,1,10,768,1,16,126,1,10,630,1,10,777,1,16,158,1,10,307,1,21,0,A,7,0,A,7,6.7,A,7,-5.0,A,7,41,A,7,985,A,7,260,A,7,5.2,A,7,24000,B,7,77777,A,7,1.0,E,8,0.000,F,8,0.00,F,8,0,1,D,9,00,C,8
04/03/1994,17:00,630,1367,414,1,10,675,1,16,102,1,10,435,1,10,659,1,16,130,1,10,212,1,21,0,A,7,0,A,7,7.2,A,7,-5.0,A,7,40,A,7,984,A,7,260,A,7,4.6,A,7,24000,B,7,77777,A,7,1.0,E,8,0.000,F,8,0.00,F,8,0,1,D,9,00,C,8
04/03/1994,18:00,396,1367,217,1,10,500,1,16,72,1,10,224,1,10,436,1,16,97,1,10,134,1,21,0,A,7,0,A,7,6.7,A,7,-5.6,A,7,39,A,7,985,A,7,260,A,7,5.7,A,7,24000,B,7,77777,A,7,1.0,E,8,0.000,F,8,0.00,F,8,0,1,D,9,00,C,8
04/03/1994,19:00,143,1367,50,1,10,149,1,16,34,1,10,52,1,10,79,1,16,43,1,10,61,1,21,1,A,7,0,A,7,4.4,A,7,-3.9,A,7,53,A,7,985,A,7,270,A,7,5.7,A,7,24000,B,7,77777,A,7,1.0,E,8,0.000,F,8,0.00,F,8,0,1,D,9,00,C,8
04/03/1994,20:00,1,125,0,1,10,0,1,16,0,1,10,0,1,10,0,1,16,0,1,10,0,1,21,2,A,7,0,A,7,1.1,A,7,-5.0,A,7,61,A,7,985,A,7,290,A,7,4.6,A,7,24000,B,7,77777,A,7,1.1,E,8,0.000,F,8,0.00,F,8,0,1,D,9,00,C,8
04/03/1994,21:00,0,0,0,1,0,0,1,0,0,1,0,0,1,0,0,1,0,0,1,0,0,1,0,3,A,7,0,A,7,0.6,A,7,-5.0,A,7,63,A,7,985,A,7,250,A,7,4.1,A,7,24000,B,7,77777,A,7,1.1,E,8,0.000,F,8,0.00,F,8,0,1,D,9,00,C,8
04/03/1994,22:00,0,0,0,1,0,0,1,0,0,1,0,0,1,0,0,1,0,0,1,0,0,1,0,0,A,7,0,A,7,-0.6,A,7,-6.7,A,7,60,A,7,985,A,7,230,A,7,4.1,A,7,24000,B,7,77777,A,7,1.1,E,8,0.000,F,8,0.00,F,8,0,1,D,9,00,C,8
04/03/1994,23:00,0,0,0,1,0,0,1,0,0,1,0,0,1,0,0,1,0,0,1,0,0,1,0,0,A,7,0,A,7,-0.6,A,7,-8.3,A,7,52,A,7,985,A,7,240,A,7,4.1,A,7,24000,B,7,77777,A,7,1.1,E,8,0.000,F,8,0.00,F,8,0,1,D,9,00,C,8
04/03/1994,24:00,0,0,0,1,0,0,1,0,0,1,0,0,1,0,0,1,0,0,1,0,0,1,0,0,A,7,0,A,7,-1.7,A,7,-9.4,A,7,52,A,7,985,A,7,210,A,7,3.1,A,7,24000,B,7,77777,A,7,1.1,E,8,0.000,F,8,0.00,F,8,0,1,D,9,00,C,8
04/04/1994,01:00,0,0,0,1,0,0,1,0,0,1,0,0,1,0,0,1,0,0,1,0,0,1,0,0,A,7,0,A,7,-2.2,A,7,-9.4,A,7,54,A,7,985,A,7,200,A,7,2.6,A,7,24000,B,7,77777,A,7,1.1,E,8,0.000,F,8,0.00,F,8,0,1,D,9,00,C,8
04/04/1994,02:00,0,0,0,1,0,0,1,0,0,1,0,0,1,0,0,1,0,0,1,0,0,1,0,0,A,7,0,A,7,-2.2,A,7,-9.4,A,7,54,A,7,985,A,7,210,A,7,3.6,A,7,24000,B,7,77777,A,7,1.1,E,8,0.000,F,8,0.00,F,8,0,1,D,9,00,C,8
04/04/1994,03:00,0,0,0,1,0,0,1,0,0,1,0,0,1,0,0,1,0,0,1,0,0,1,0,0,A,7,0,A,7,-1.1,A,7,-10.0,A,7,47,A,7,984,A,7,210,A,7,4.6,A,7,24000,B,7,77777,A,7,1.1,E,8,0.000,F,8,0.00,F,8,0,1,D,9,00,C,8
04/04/1994,04:00,0,0,0,1,0,0,1,0,0,1,0,0,1,0,0,1,0,0,1,0,0,1,0,0,A,7,0,A,7,0.0,A,7,-9.4,A,7,45,A,7,984,A,7,220,A,7,5.7,A,7,24000,B,7,77777,A,7,1.2,E,8,0.000,F,8,0.00,F,8,0,1,D,9,00,C,8
04/04/1994,05:00,0,0,0,1,0,0,1,0,0,1,0,0,1,0,0,1,0,0,1,0,0,1,0,0,A,7,0,A,7,-0.6,A,7,-8.9,A,7,49,A,7,984,A,7,220,A,7,5.2,A,7,24000,B,7,77777,A,7,1.2,E,8,0.000,F,8,0.00,F,8,0,1,D,9,00,C,8
04/04/1994,06:00,0,0,0,1,0,0,1,0,0,1,0,0,1,0,0,1,0,0,1,0,0,1,0,5,A,7,0,A,7,-0.6,A,7,-7.8,A,7,54,A,7,985,A,7,230,A,7,4.1,A,7,24000,B,7,77777,A,7,1.2,E,8,0.000,F,8,0.00,F,8,0,1,D,9,00,C,8
04/04/1994,07:00,61,968,20,1,10,89,1,16,14,1,10,22,1,10,36,1,16,19,1,10,24,1,21,7,A,7,1,A,7,-0.6,A,7,-6.7,A,7,60,A,7,985,A,7,200,A,7,3.6,A,7,19200,B,7,77777,A,7,1.2,E,8,0.000,F,8,0.00,F,8,0,1,D,9,00,C,8
04/04/1994,08:00,304,1367,153,1,10,388,1,16,66,1,10,160,1,10,306,1,16,92,1,10,119,1,21,10,A,7,1,A,7,2.8,A,7,-5.6,A,7,51,A,7,985,A,7,190,A,7,7.2,A,7,16000,B,7,77777,A,7,1.2,E,8,0.000,F,8,0.00,F,8,0,1,D,9,00,C,8
04/04/1994,09:00,548,1367,350,1,10,629,1,16,97,1,10,364,1,10,596,1,16,124,1,10,190,1,21,10,A,7,1,A,7,5.6,A,7,-4.4,A,7,46,A,7,985,A,7,220,A,7,6.7,A,7,16000,B,7,77777,A,7,1.2,E,8,0.000,F,8,0.00,F,8,0,1,D,9,00,C,8
04/04/1994,10:00,761,1367,529,1,10,666,1,16,157,1,10,549,1,10,659,1,16,181,1,10,344,1,21,10,A,7,3,A,7,8.3,A,7,-3.3,A,7,42,A,7,984,A,7,230,A,7,6.2,A,7,16000,B,7,77777,A,7,1.2,E,8,0.000,F,8,0.00,F,8,0,1,D,9,00,C,8
04/04/1994,11:00,930,1367,462,1,10,408,1,16,184,1,10,505,1,10,424,1,16,216,1,10,487,1,21,10,A,7,2,A,7,10.0,A,7,-3.3,A,7,38,A,7,984,A,7,240,A,7,6.7,A,7,16000,B,7,77777,A,7,1.2,E,8,0.000,F,8,0.00,F,8,0,1,D,9,00,C,8
04/04/1994,12:00,1041,1367,493,1,10,325,1,16,244,1,10,532,1,10,339,1,16,273,1,10,786,1,21,9,A,7,3,A,7,11.1,A,7,-4.4,A,7,32,A,7,983,A,7,210,A,7,8.2,A,7,16000,B,7,77777,A,7,1.2,E,8,0.000,F,8,0.00,F,8,0,1,D,9,00,C,8
04/04/1994,13:00,1088,1367,670,1,10,561,1,16,223,1,10,706,1,10,568,1,16,252,1,10,780,1,21,7,A,7,6,A,7,12.2,A,7,-3.9,A,7,31,A,7,981,A,7,200,A,7,8.2,A,7,16000,B,7,3048,A,7,1.2,E,8,0.000,F,8,0.00,F,8,0,1,D,9,00,C,8
04/04/1994,14:00,1067,1367,424,1,10,124,1,16,327,1,10,468,1,10,132,1,16,365,1,10,1130,1,21,8,A,7,8,A,7,13.3,A,7,-3.9,A,7,29,A,7,980,A,7,190,A,7,8.2,A,7,16000,B,7,2591,A,7,1.2,E,8,0.000,F,8,0.00,F,8,0,1,D,9,00,C,8
04/04/1994,15:00,980,1367,267,1,10,0,1,16,267,1,10,312,1,10,0,1,16,312,1,10,1195,1,21,10,A,7,10,A,7,12.2,A,7,-3.3,A,7,33,A,7,980,A,7,210,A,7,8.8,A,7,16000,B,7,7620,A,7,1.2,E,8,0.000,F,8,0.00,F,8,0,1,D,9,00,C,8
04/04/1994,16:00,832,1367,255,1,10,81,1,16,205,1,10,281,1,10,81,1,16,231,1,10,700,1,21,9,A,7,9,A,7,12.2,A,7,-3.3,A,7,33,A,7,979,A,7,170,A,7,8.8,A,7,19200,B,7,3353,A,7,1.2,E,8,0.000,F,8,0.00,F,8,0,1,D,9,00,C,8
04/04/1994,17:00,635,1367,354,1,10,524,1,16,111,1,10,371,1,10,510,1,16,133,1,10,228,1,21,7,A,7,5,A,7,13.3,A,7,-2.2,A,7,33,A,7,978,A,7,190,A,7,8.2,A,7,19200,B,7,7620,A,7,1.2,E,8,0.000,F,8,0.00,F,8,0,1,D,9,00,C,8
04/04/1994,18:00,401,1367,121,1,10,176,1,16,69,1,10,133,1,10,158,1,16,86,1,10,126,1,21,10,A,7,5,A,7,12.2,A,7,-2.2,A,7,36,A,7,978,A,7,210,A,7,6.2,A,7,19200,B,7,77777,A,7,1.2,E,8,0.000,F,8,0.00,F,8,0,1,D,9,00,C,8
04/04/1994,19:00,148,1367,39,1,10,11,1,16,38,1,10,43,1,10,7,1,16,42,1,10,90,1,21,10,A,7,9,A,7,11.1,A,7,-1.7,A,7,40,A,7,978,A,7,190,A,7,5.2,A,7,19200,B,7,7620,A,7,1.2,E,8,0.000,F,8,0.00,F,8,0,1,D,9,00,C,8
04/04/1994,20:00,1,148,0,1,10,0,1,16,0,1,10,0,1,10,0,1,16,0,1,10,0,1,21,10,A,7,10,A,7,9.4,A,7,-1.7,A,7,45,A,7,977,A,7,190,A,7,3.6,A,7,19200,B,7,7620,A,7,1.2,E,8,0.000,F,8,0.00,F,8,0,1,D,9,00,C,8
04/04/1994,21:00,0,0,0,1,0,0,1,0,0,1,0,0,1,0,0,1,0,0,1,0,0,1,0,10,A,7,10,A,7,9.4,A,7,-1.1,A,7,47,A,7,977,A,7,180,A,7,3.6,A,7,19200,B,7,4267,A,7,1.2,E,8,0.000,F,8,0.00,F,8,0,1,D,9,00,C,8
04/04/1994,22:00,0,0,0,1,0,0,1,0,0,1,0,0,1,0,0,1,0,0,1,0,0,1,0,10,A,7,10,A,7,9.4,A,7,-0.6,A,7,49,A,7,977,A,7,160,A,7,5.2,A,7,19200,B,7,3962,A,7,1.2,E,8,0.000,F,8,0.00,F,8,0,1,D,9,00,C,8
04/04/1994,23:00,0,0,0,1,0,0,1,0,0,1,0,0,1,0,0,1,0,0,1,0,0,1,0,10,A,7,10,A,7,9.4,A,7,0.0,A,7,52,A,7,977,A,7,160,A,7,4.1,A,7,19200,B,7,2743,A,7,1.2,E,8,0.000,F,8,0.00,F,8,0,1,D,9,00,C,8
04/04/1994,24:00,0,0,0,1,0,0,1,0,0,1,0,0,1,0,0,1,0,0,1,0,0,1,0,10,A,7,10,A,7,8.9,A,7,0.0,A,7,54,A,7,977,A,7,180,A,7,1.5,A,7,24000,B,7,2438,A,7,1.2,E,8,0.000,F,8,0.00,F,8,0,1,D,9,00,C,8
04/05/1994,01:00,0,0,0,1,0,0,1,0,0,1,0,0,1,0,0,1,0,0,1,0,0,1,0,10,A,7,10,A,7,7.8,A,7,0.6,A,7,60,A,7,977,A,7,130,A,7,2.1,A,7,24000,B,7,3048,A,7,1.2,E,8,0.000,F,8,0.00,F,8,0,1,D,9,00,C,8
04/05/1994,02:00,0,0,0,1,0,0,1,0,0,1,0,0,1,0,0,1,0,0,1,0,0,1,0,10,A,7,10,A,7,7.2,A,7,1.1,A,7,65,A,7,976,A,7,160,A,7,3.1,A,7,24000,B,7,2896,A,7,1.2,E,8,0.000,F,8,0.00,F,8,0,1,D,9,00,C,8
04/05/1994,03:00,0,0,0,1,0,0,1,0,0,1,0,0,1,0,0,1,0,0,1,0,0,1,0,10,A,7,10,A,7,7.8,A,7,1.1,A,7,63,A,7,975,A,7,160,A,7,3.1,A,7,19200,B,7,1981,A,7,1.2,E,8,0.000,F,8,0.00,F,8,0,1,D,9,00,C,8
04/05/1994,04:00,0,0,0,1,0,0,1,0,0,1,0,0,1,0,0,1,0,0,1,0,0,1,0,10,A,7,10,A,7,7.8,A,7,2.8,A,7,71,A,7,975,A,7,210,A,7,3.6,A,7,19200,B,7,1433,A,7,1.2,E,8,0.000,F,8,0.00,F,8,0,1,D,9,61,C,8
04/05/1994,05:00,0,0,0,1,0,0,1,0,0,1,0,0,1,0,0,1,0,0,1,0,0,1,0,10,A,7,6,A,7,7.2,A,7,1.7,A,7,68,A,7,975,A,7,190,A,7,1.5,A,7,19200,B,7,3658,A,7,1.2,E,8,0.000,F,8,0.00,F,8,0,1,D,9,00,C,8
04/05/1994,06:00,0,0,0,1,0,0,1,0,0,1,0,0,1,0,0,1,0,0,1,0,0,1,0,7,A,7,4,A,7,3.3,A,7,1.1,A,7,85,A,7,975,A,7,0,A,7,0.0,A,7,19200,B,7,77777,A,7,1.2,E,8,0.000,F,8,0.00,F,8,0,1,D,9,00,C,8
04/05/1994,07:00,66,1013,10,1,10,0,1,16,10,1,10,12,1,10,0,1,16,12,1,10,38,1,21,10,A,7,10,A,7,4.4,A,7,3.3,A,7,93,A,7,975,A,7,70,A,7,1.5,A,7,12800,B,7,2591,A,7,1.2,E,8,0.000,F,8,0.00,F,8,0,1,D,9,00,C,8
04/05/1994,08:00,311,1366,50,1,10,0,1,16,50,1,10,58,1,10,0,1,16,58,1,10,196,1,21,10,A,7,10,A,7,6.1,A,7,3.3,A,7,82,A,7,976,A,7,340,A,7,4.6,A,7,12800,B,7,1128,A,7,1.2,E,8,0.000,F,8,0.00,F,8,0,1,D,9,00,C,8
04/05/1994,09:00,554,1366,75,1,10,0,1,16,75,1,10,90,1,10,0,1,16,90,1,10,335,1,21,10,A,7,10,A,7,4.4,A,7,3.3,A,7,93,A,7,977,A,7,30,A,7,6.2,A,7,6400,B,7,183,A,7,1.2,E,8,0.000,F,8,0.00,F,8,0,1,D,9,61,C,8
04/05/1994,10:00,767,1366,112,1,10,0,1,16,112,1,10,135,1,10,0,1,16,135,1,10,534,1,21,10,A,7,10,A,7,2.8,A,7,1.7,A,7,92,A,7,978,A,7,40,A,7,6.7,A,7,12800,B,7,152,A,7,1.2,E,8,0.000,F,8,0.00,F,8,0,1,D,9,45,C,8
04/05/1994,11:00,935,1366,168,1,10,0,1,16,168,1,10,202,1,10,0,1,16,202,1,10,815,1,21,10,A,7,10,A,7,1.7,A,7,0.0,A,7,88,A,7,980,A,7,10,A,7,7.2,A,7,12800,B,7,244,A,7,1.2,E,8,0.000,F,8,0.00,F,8,0,1,D,9,00,C,8
04/05/1994,12:00,1046,1366,191,1,10,0,1,16,191,1,10,231,1,10,0,1,16,231,1,10,944,1,21,10,A,7,10,A,7,1.7,A,7,0.0,A,7,88,A,7,979,A,7,30,A,7,6.7,A,7,12800,B,7,213,A,7,1.2,E,8,0.000,F,8,0.00,F,8,0,1,D,9,00,C,8
04/05/1994,13:00,1093,1366,201,1,10,0,1,16,201,1,10,244,1,10,0,1,16,244,1,10,997,1,21,10,A,7,10,A,7,1.7,A,7,0.0,A,7,88,A,7,979,A,7,10,A,7,6.7,A,7,12800,B,7,213,A,7,1.1,E,8,0.000,F,8,0.00,F,8,0,1,D,9,00,C,8
04/05/1994,14:00,1071,1366,196,1,10,0,1,16,196,1,10,238,1,10,0,1,16,238,1,10,972,1,21,10,A,7,10,A,7,1.7,A,7,-0.6,A,7,84,A,7,980,A,7,10,A,7,6.7,A,7,12800,B,7,244,A,7,1.1,E,8,0.000,F,8,0.00,F,8,0,1,D,9,00,C,8
04/05/1994,15:00,984,1366,178,1,10,0,1,16,178,1,10,215,1,10,0,1,16,215,1,10,872,1,21,10,A,7,10,A,7,1.1,A,7,-0.6,A,7,88,A,7,981,A,7,30,A,7,6.2,A,7,12800,B,7,213,A,7,1.1,E,8,0.000,F,8,0.00,F,8,0,1,D,9,00,C,8
04/05/1994,16:00,836,1366,148,1,10,0,1,16,148,1,10,177,1,10,0,1,16,177,1,10,700,1,21,10,A,7,10,A,7,0.6,A,7,-1.1,A,7,87,A,7,981,A,7,10,A,7,5.7,A,7,16000,B,7,274,A,7,1.1,E,8,0.000,F,8,0.00,F,8,0,1,D,9,00,C,8
04/05/1994,17:00,639,1366,107,1,10,0,1,16,107,1,10,127,1,10,0,1,16,127,1,10,478,1,21,10,A,7,10,A,7,0.6,A,7,-1.1,A,7,87,A,7,982,A,7,20,A,7,7.2,A,7,4800,B,7,274,A,7,1.1,E,8,0.000,F,8,0.00,F,8,0,1,D,9,00,C,8
04/05/1994,18:00,405,1366,59,1,10,0,1,16,59,1,10,70,1,10,0,1,16,70,1,10,245,1,21,10,A,7,10,A,7,0.6,A,7,-0.6,A,7,91,A,7,982,A,7,40,A,7,5.7,A,7,3200,B,7,274,A,7,1.1,E,8,0.000,F,8,0.00,F,8,0,1,D,9,71,C,8
04/05/1994,19:00,153,1366,18,1,10,0,1,16,18,1,10,21,1,10,0,1,16,21,1,10,69,1,21,10,A,7,10,A,7,0.6,A,7,-0.6,A,7,91,A,7,982,A,7,30,A,7,7.2,A,7,11200,B,7,244,A,7,1.1,E,8,0.000,F,8,0.00,F,8,0,1,D,9,71,C,8
04/05/1994,20:00,2,171,0,1,10,0,1,16,0,1,10,0,1,10,0,1,16,0,1,10,0,1,21,10,A,7,10,A,7,0.0,A,7,-1.1,A,7,91,A,7,983,A,7,40,A,7,7.2,A,7,12800,B,7,213,A,7,1.1,E,8,0.000,F,8,0.00,F,8,0,1,D,9,00,C,8
04/05/1994,21:00,0,0,0,1,0,0,1,0,0,1,0,0,1,0,0,1,0,0,1,0,0,1,0,10,A,7,10,A,7,0.0,A,7,-2.2,A,7,83,A,7,983,A,7,40,A,7,5.2,A,7,19200,B,7,335,A,7,1.1,E,8,0.000,F,8,0.00,F,8,0,1,D,9,00,C,8
04/05/1994,22:00,0,0,0,1,0,0,1,0,0,1,0,0,1,0,0,1,0,0,1,0,0,1,0,10,A,7,10,A,7,-0.6,A,7,-2.2,A,7,88,A,7,983,A,7,60,A,7,7.2,A,7,19200,B,7,457,A,7,1.1,E,8,0.000,F,8,0.00,F,8,0,1,D,9,00,C,8
04/05/1994,23:00,0,0,0,1,0,0,1,0,0,1,0,0,1,0,0,1,0,0,1,0,0,1,0,10,A,7,10,A,7,-0.6,A,7,-3.3,A,7,80,A,7,984,A,7,40,A,7,6.7,A,7,19200,B,7,1311,A,7,1.1,E,8,0.000,F,8,0.00,F,8,0,1,D,9,00,C,8
04/05/1994,24:00,0,0,0,1,0,0,1,0,0,1,0,0,1,0,0,1,0,0,1,0,0,1,0,10,A,7,10,A,7,-0.6,A,7,-3.9,A,7,76,A,7,983,A,7,30,A,7,6.2,A,7,19200,B,7,518,A,7,1.0,E,8,0.000,F,8,0.00,F,8,0,1,D,9,00,C,8
04/06/1994,01:00,0,0,0,1,0,0,1,0,0,1,0,0,1,0,0,1,0,0,1,0,0,1,0,10,A,7,10,A,7,-1.1,A,7,-5.6,A,7,68,A,7,984,A,7,20,A,7,7.7,A,7,19200,B,7,1433,A,7,1.0,E,8,0.000,F,8,0.00,F,8,0,1,D,9,85,C,8
04/06/1994,02:00,0,0,0,1,0,0,1,0,0,1,0,0,1,0,0,1,0,0,1,0,0,1,0,10,A,7,10,A,7,-1.1,A,7,-6.1,A,7,66,A,7,983,A,7,20,A,7,8.2,A,7,19200,B,7,1981,A,7,1.0,E,8,0.000,F,8,0.00,F,8,0,1,D,9,00,C,8
04/06/1994,03:00,0,0,0,1,0,0,1,0,0,1,0,0,1,0,0,1,0,0,1,0,0,1,0,10,A,7,10,A,7,-1.1,A,7,-6.7,A,7,62,A,7,983,A,7,30,A,7,6.7,A,7,19200,B,7,1981,A,7,1.0,E,8,0.000,F,8,0.00,F,8,0,1,D,9,00,C,8
04/06/1994,04:00,0,0,0,1,0,0,1,0,0,1,0,0,1,0,0,1,0,0,1,0,0,1,0,10,A,7,10,A,7,-1.7,A,7,-6.1,A,7,69,A,7,983,A,7,30,A,7,6.7,A,7,19200,B,7,2134,A,7,1.0,E,8,0.000,F,8,0.00,F,8,0,1,D,9,00,C,8
04/06/1994,05:00,0,0,0,1,0,0,1,0,0,1,0,0,1,0,0,1,0,0,1,0,0,1,0,10,A,7,10,A,7,-1.7,A,7,-6.1,A,7,69,A,7,983,A,7,30,A,7,5.7,A,7,19200,B,7,3048,A,7,1.0,E,8,0.000,F,8,0.00,F,8,0,1,D,9,00,C,8
04/06/1994,06:00,0,0,0,1,0,0,1,0,0,1,0,0,1,0,0,1,0,0,1,0,0,1,0,10,A,7,10,A,7,-2.2,A,7,-6.7,A,7,68,A,7,983,A,7,30,A,7,7.2,A,7,19200,B,7,2896,A,7,1.0,E,8,0.000,F,8,0.00,F,8,0,1,D,9,00,C,8
04/06/1994,07:00,72,1058,10,1,10,0,1,16,10,1,10,12,1,10,0,1,16,12,1,10,38,1,21,10,A,7,10,A,7,-2.8,A,7,-6.7,A,7,72,A,7,984,A,7,20,A,7,6.2,A,7,19200,B,7,1981,A,7,1.0,E,8,0.000,F,8,0.00,F,8,0,1,D,9,00,C,8
04/06/1994,08:00,318,1365,54,1,10,0,1,16,54,1,10,62,1,10,0,1,16,62,1,10,210,1,21,10,A,7,10,A,7,-2.2,A,7,-6.7,A,7,68,A,7,984,A,7,20,A,7,6.7,A,7,16000,B,7,549,A,7,1.0,E,8,0.000,F,8,0.00,F,8,0,1,D,9,00,C,8
04/06/1994,09:00,561,1365,111,1,10,0,1,16,111,1,10,129,1,10,0,1,16,129,1,10,466,1,21,10,A,7,10,A,7,-1.1,A,7,-6.1,A,7,66,A,7,984,A,7,20,A,7,5.7,A,7,16000,B,7,579,A,7,0.9,E,8,0.000,F,8,0.00,F,8,0,1,D,9,00,C,8
04/06/1994,10:00,774,1365,204,1,10,0,1,16,204,1,10,235,1,10,0,1,16,235,1,10,866,1,21,10,A,7,10,A,7,0.0,A,7,-5.6,A,7,62,A,7,984,A,7,30,A,7,8.2,A,7,16000,B,7,3353,A,7,0.9,E,8,0.000,F,8,0.00,F,8,0,1,D,9,00,C,8
04/06/1994,11:00,941,1365,439,1,10,365,1,16,187,1,10,480,1,10,379,1,16,218,1,10,504,1,21,9,A,7,7,A,7,2.2,A,7,-6.7,A,7,48,A,7,983,A,7,50,A,7,8.8,A,7,16000,B,7,3048,A,7,0.9,E,8,0.000,F,8,0.00,F,8,0,1,D,9,00,C,8
04/06/1994,12:00,1051,1365,372,1,10,154,1,16,253,1,10,417,1,10,165,1,16,289,1,10,857,1,21,9,A,7,9,A,7,2.8,A,7,-8.3,A,7,40,A,7,982,A,7,40,A,7,6.7,A,7,16000,B,7,3048,A,7,0.9,E,8,0.000,F,8,0.00,F,8,0,1,D,9,00,C,8
04/06/1994,13:00,1097,1365,303,1,10,0,1,16,303,1,10,357,1,10,0,1,16,357,1,10,1377,1,21,10,A,7,10,A,7,3.3,A,7,-8.3,A,7,39,A,7,982,A,7,20,A,7,10.3,A,7,16000,B,7,3048,A,7,0.9,E,8,0.000,F,8,0.00,F,8,0,1,D,9,00,C,8
04/06/1994,14:00,1076,1365,297,1,10,0,1,16,297,1,10,349,1,10,0,1,16,349,1,10,1347,1,21,10,A,7,10,A,7,2.2,A,7,-7.8,A,7,44,A,7,983,A,7,10,A,7,9.3,A,7,16000,B,7,7620,A,7,0.8,E,8,0.000,F,8,0.00,F,8,0,1,D,9,00,C,8
04/06/1994,15:00,988,1365,270,1,10,0,1,16,270,1,10,316,1,10,0,1,16,316,1,10,1210,1,21,10,A,7,10,A,7,2.2,A,7,-8.9,A,7,40,A,7,983,A,7,40,A,7,8.8,A,7,16000,B,7,7620,A,7,0.8,E,8,0.000,F,8,0.00,F,8,0,1,D,9,00,C,8
04/06/1994,16:00,841,1365,225,1,10,0,1,16,225,1,10,261,1,10,0,1,16,261,1,10,974,1,21,10,A,7,10,A,7,1.7,A,7,-8.9,A,7,41,A,7,983,A,7,40,A,7,7.7,A,7,16000,B,7,3658,A,7,0.8,E,8,0.000,F,8,0.00,F,8,0,1,D,9,00,C,8
04/06/1994,17:00,643,1365,131,1,10,0,1,16,131,1,10,153,1,10,0,1,16,153,1,10,565,1,21,10,A,7,10,A,7,0.6,A,7,-11.7,A,7,35,A,7,984,A,7,40,A,7,7.2,A,7,16000,B,7,2896,A,7,0.8,E,8,0.000,F,8,0.00,F,8,0,1,D,9,00,C,8
04/06/1994,18:00,409,1365,93,1,10,0,1,16,93,1,10,106,1,10,0,1,16,106,1,10,353,1,21,10,A,7,10,A,7,0.6,A,7,-10.6,A,7,39,A,7,983,A,7,40,A,7,8.8,A,7,16000,B,7,3658,A,7,0.8,E,8,0.000,F,8,0.00,F,8,0,1,D,9,00,C,8
04/06/1994,19:00,157,1365,27,1,10,0,1,16,27,1,10,31,1,10,0,1,16,31,1,10,98,1,21,10,A,7,10,A,7,0.0,A,7,-8.9,A,7,47,A,7,983,A,7,30,A,7,6.2,A,7,16000,B,7,3048,A,7,0.7,E,8,0.000,F,8,0.00,F,8,0,1,D,9,00,C,8
04/06/1994,20:00,2,193,0,1,10,0,1,16,0,1,10,0,1,10,0,1,16,0,1,10,0,1,21,10,A,7,10,A,7,-0.6,A,7,-8.9,A,7,49,A,7,984,A,7,30,A,7,5.7,A,7,16000,B,7,3353,A,7,0.7,E,8,0.000,F,8,0.00,F,8,0,1,D,9,00,C,8
04/06/1994,21:00,0,0,0,1,0,0,1,0,0,1,0,0,1,0,0,1,0,0,1,0,0,1,0,10,A,7,10,A,7,-1.1,A,7,-7.8,A,7,57,A,7,986,A,7,40,A,7,4.6,A,7,16000,B,7,3048,A,7,0.7,E,8,0.000,F,8,0.00,F,8,0,1,D,9,00,C,8
04/06/1994,22:00,0,0,0,1,0,0,1,0,0,1,0,0,1,0,0,1,0,0,1,0,0,1,0,10,A,7,10,A,7,-1.1,A,7,-8.3,A,7,54,A,7,987,A,7,20,A,7,4.6,A,7,16000,B,7,3353,A,7,0.7,E,8,0.000,F,8,0.00,F,8,0,1,D,9,00,C,8
04/06/1994,23:00,0,0,0,1,0,0,1,0,0,1,0,0,1,0,0,1,0,0,1,0,0,1,0,10,A,7,6,A,7,-2.2,A,7,-7.8,A,7,62,A,7,987,A,7,360,A,7,2.6,A,7,16000,B,7,7620,A,7,0.7,E,8,0.000,F,8,0.00,F,8,0,1,D,9,00,C,8
04/06/1994,24:00,0,0,0,1,0,0,1,0,0,1,0,0,1,0,0,1,0,0,1,0,0,1,0,5,A,7,3,A,7,-3.3,A,7,-7.8,A,7,68,A,7,987,A,7,320,A,7,2.6,A,7,24000,B,7,77777,A,7,0.6,E,8,0.000,F,8,0.00,F,8,0,1,D,9,00,C,8
04/07/1994,01:00,0,0,0,1,0,0,1,0,0,1,0,0,1,0,0,1,0,0,1,0,0,1,0,3,A,7,1,A,7,-3.9,A,7,-7.2,A,7,75,A,7,987,A,7,320,A,7,3.1,A,7,24000,B,7,77777,A,7,0.6,E,8,0.000,F,8,0.00,F,8,0,1,D,9,00,C,8
04/07/1994,02:00,0,0,0,1,0,0,1,0,0,1,0,0,1,0,0,1,0,0,1,0,0,1,0,2,A,7,0,A,7,-4.4,A,7,-7.2,A,7,79,A,7,988,A,7,310,A,7,3.1,A,7,24000,B,7,77777,A,7,0.6,E,8,0.000,F,8,0.00,F,8,0,1,D,9,00,C,8
04/07/1994,03:00,0,0,0,1,0,0,1,0,0,1,0,0,1,0,0,1,0,0,1,0,0,1,0,8,A,7,0,A,7,-4.4,A,7,-8.3,A,7,71,A,7,988,A,7,310,A,7,3.6,A,7,24000,B,7,77777,A,7,0.6,E,8,0.000,F,8,0.00,F,8,0,1,D,9,00,C,8
04/07/1994,04:00,0,0,0,1,0,0,1,0,0,1,0,0,1,0,0,1,0,0,1,0,0,1,0,2,A,7,0,A,7,-4.4,A,7,-9.4,A,7,65,A,7,989,A,7,320,A,7,3.6,A,7,24000,B,7,77777,A,7,0.6,E,8,0.000,F,8,0.00,F,8,0,1,D,9,00,C,8
04/07/1994,05:00,0,0,0,1,0,0,1,0,0,1,0,0,1,0,0,1,0,0,1,0,0,1,0,0,A,7,0,A,7,-6.1,A,7,-9.4,A,7,75,A,7,990,A,7,300,A,7,3.1,A,7,24000,B,7,77777,A,7,0.5,E,8,0.000,F,8,0.00,F,8,0,1,D,9,00,C,8
04/07/1994,06:00,0,0,0,1,0,0,1,0,0,1,0,0,1,0,0,1,0,0,1,0,0,1,0,0,A,7,0,A,7,-6.7,A,7,-9.4,A,7,79,A,7,991,A,7,310,A,7,3.1,A,7,24000,B,7,77777,A,7,0.5,E,8,0.000,F,8,0.00,F,8,0,1,D,9,00,C,8
04/07/1994,07:00,77,1103,25,1,10,119,1,16,16,1,10,27,1,10,52,1,16,23,1,10,27,1,21,0,A,7,0,A,7,-5.0,A,7,-8.3,A,7,75,A,7,992,A,7,300,A,7,3.6,A,7,24000,B,7,77777,A,7,0.5,E,8,0.000,F,8,0.00,F,8,0,1,D,9,00,C,8
04/07/1994,08:00,324,1364,177,1,10,520,1,16,53,1,10,183,1,10,427,1,16,82,1,10,99,1,21,0,A,7,0,A,7,-2.2,A,7,-7.8,A,7,62,A,7,993,A,7,300,A,7,3.1,A,7,24000,B,7,77777,A,7,0.5,E,8,0.000,F,8,0.00,F,8,0,1,D,9,00,C,8
04/07/1994,09:00,567,1364,379,1,10,722,1,16,79,1,10,392,1,10,687,1,16,106,1,10,156,1,21,0,A,7,0,A,7,0.0,A,7,-10.0,A,7,43,A,7,993,A,7,330,A,7,4.1,A,7,24000,B,7,77777,A,7,0.5,E,8,0.000,F,8,0.00,F,8,0,1,D,9,00,C,8
04/07/1994,10:00,780,1364,571,1,10,823,1,16,100,1,10,599,1,10,817,1,16,131,1,10,225,1,21,0,A,7,0,A,7,1.1,A,7,-10.6,A,7,37,A,7,994,A,7,300,A,7,4.1,A,7,24000,B,7,77777,A,7,0.5,E,8,0.000,F,8,0.00,F,8,0,1,D,9,00,C,8
04/07/1994,11:00,946,1364,725,1,10,878,1,16,115,1,10,770,1,10,885,1,16,155,1,10,310,1,21,0,A,7,0,A,7,3.3,A,7,-10.6,A,7,32,A,7,994,A,7,60,A,7,3.1,A,7,24000,B,7,77777,A,7,0.5,E,8,0.000,F,8,0.00,F,8,0,1,D,9,00,C,8
04/07/1994,12:00,1056,1364,826,1,10,906,1,16,124,1,10,852,1,10,905,1,16,149,1,10,316,1,21,0,A,7,0,A,7,5.0,A,7,-11.1,A,7,27,A,7,995,A,7,20,A,7,3.6,A,7,24000,B,7,77777,A,7,0.6,E,8,0.000,F,8,0.00,F,8,0,1,D,9,00,C,8
04/07/1994,13:00,1102,1364,869,1,10,916,1,16,128,1,10,895,1,10,916,1,16,153,1,10,359,1,21,0,A,7,0,A,7,5.0,A,7,-11.1,A,7,27,A,7,995,A,7,280,A,7,4.1,A,7,24000,B,7,77777,A,7,0.6,E,8,0.000,F,8,0.00,F,8,0,1,D,9,00,C,8
04/07/1994,14:00,1080,1364,848,1,10,911,1,16,126,1,10,874,1,10,910,1,16,151,1,10,337,1,21,0,A,7,0,A,7,5.6,A,7,-11.7,A,7,25,A,7,995,A,7,240,A,7,2.1,A,7,24000,B,7,77777,A,7,0.6,E,8,0.000,F,8,0.00,F,8,0,1,D,9,00,C,8
04/07/1994,15:00,992,1364,766,1,10,889,1,16,119,1,10,817,1,10,898,1,16,162,1,10,344,1,21,0,A,7,0,A,7,7.2,A,7,-11.1,A,7,23,A,7,994,A,7,340,A,7,5.7,A,7,24000,B,7,77777,A,7,0.6,E,8,0.000,F,8,0.00,F,8,0,1,D,9,00,C,8
04/07/1994,16:00,845,1364,629,1,10,844,1,16,106,1,10,664,1,10,844,1,16,140,1,10,253,1,21,0,A,7,0,A,7,7.2,A,7,-11.7,A,7,22,A,7,994,A,7,230,A,7,2.1,A,7,16000,B,7,77777,A,7,0.6,E,8,0.000,F,8,0.00,F,8,0,1,D,9,00,C,8
04/07/1994,17:00,647,1364,449,1,10,762,1,16,87,1,10,467,1,10,740,1,16,115,1,10,179,1,21,0,A,7,0,A,7,7.2,A,7,-11.7,A,7,22,A,7,994,A,7,360,A,7,3.1,A,7,16000,B,7,77777,A,7,0.6,E,8,0.000,F,8,0.00,F,8,0,1,D,9,00,C,8
04/07/1994,18:00,414,1364,247,1,10,607,1,16,63,1,10,259,1,10,541,1,16,94,1,10,121,1,21,0,A,7,0,A,7,7.2,A,7,-11.7,A,7,22,A,7,994,A,7,310,A,7,3.6,A,7,16000,B,7,77777,A,7,0.6,E,8,0.000,F,8,0.00,F,8,0,1,D,9,00,C,8
04/07/1994,19:00,162,1364,66,1,10,274,1,16,34,1,10,67,1,10,165,1,16,48,1,10,59,1,21,0,A,7,0,A,7,5.6,A,7,-10.6,A,7,27,A,7,995,A,7,330,A,7,2.1,A,7,16000,B,7,77777,A,7,0.6,E,8,0.000,F,8,0.00,F,8,0,1,D,9,00,C,8
04/07/1994,20:00,3,216,0,1,10,5,1,16,0,1,10,0,1,10,0,1,16,0,1,10,0,1,21,0,A,7,0,A,7,1.7,A,7,-10.0,A,7,38,A,7,995,A,7,0,A,7,0.0,A,7,16000,B,7,77777,A,7,0.6,E,8,0.000,F,8,0.00,F,8,0,1,D,9,00,C,8
04/07/1994,21:00,0,0,0,1,0,0,1,0,0,1,0,0,1,0,0,1,0,0,1,0,0,1,0,0,A,7,0,A,7,-1.1,A,7,-8.3,A,7,54,A,7,996,A,7,120,A,7,1.5,A,7,16000,B,7,77777,A,7,0.6,E,8,0.000,F,8,0.00,F,8,0,1,D,9,00,C,8
04/07/1994,22:00,0,0,0,1,0,0,1,0,0,1,0,0,1,0,0,1,0,0,1,0,0,1,0,0,A,7,0,A,7,-2.2,A,7,-7.2,A,7,65,A,7,996,A,7,0,A,7,0.0,A,7,16000,B,7,77777,A,7,0.7,E,8,0.000,F,8,0.00,F,8,0,1,D,9,00,C,8
04/07/1994,23:00,0,0,0,1,0,0,1,0,0,1,0,0,1,0,0,1,0,0,1,0,0,1,0,0,A,7,0,A,7,-1.7,A,7,-8.3,A,7,57,A,7,996,A,7,250,A,7,3.1,A,7,16000,B,7,77777,A,7,0.7,E,8,0.000,F,8,0.00,F,8,0,1,D,9,00,C,8
04/07/1994,24:00,0,0,0,1,0,0,1,0,0,1,0,0,1,0,0,1,0,0,1,0,0,1,0,0,A,7,0,A,7,-2.8,A,7,-7.8,A,7,65,A,7,997,A,7,280,A,7,2.1,A,7,24000,B,7,77777,A,7,0.7,E,8,0.000,F,8,0.00,F,8,0,1,D,9,00,C,8
04/08/1994,01:00,0,0,0,1,0,0,1,0,0,1,0,0,1,0,0,1,0,0,1,0,0,1,0,0,A,7,0,A,7,-3.9,A,7,-7.2,A,7,75,A,7,997,A,7,0,A,7,0.0,A,7,24000,B,7,77777,A,7,0.7,E,8,0.000,F,8,0.00,F,8,0,1,D,9,00,C,8
04/08/1994,02:00,0,0,0,1,0,0,1,0,0,1,0,0,1,0,0,1,0,0,1,0,0,1,0,0,A,7,0,A,7,-5.0,A,7,-7.8,A,7,79,A,7,996,A,7,0,A,7,0.0,A,7,24000,B,7,77777,A,7,0.7,E,8,0.000,F,8,0.00,F,8,0,1,D,9,00,C,8
04/08/1994,03:00,0,0,0,1,0,0,1,0,0,1,0,0,1,0,0,1,0,0,1,0,0,1,0,0,A,7,0,A,7,-5.6,A,7,-7.8,A,7,83,A,7,997,A,7,0,A,7,0.0,A,7,24000,B,7,77777,A,7,0.7,E,8,0.000,F,8,0.00,F,8,0,1,D,9,00,C,8
04/08/1994,04:00,0,0,0,1,0,0,1,0,0,1,0,0,1,0,0,1,0,0,1,0,0,1,0,0,A,7,0,A,7,-5.6,A,7,-7.8,A,7,83,A,7,997,A,7,0,A,7,0.0,A,7,24000,B,7,77777,A,7,0.7,E,8,0.000,F,8,0.00,F,8,0,1,D,9,00,C,8
04/08/1994,05:00,0,0,0,1,0,0,1,0,0,1,0,0,1,0,0,1,0,0,1,0,0,1,0,2,A,7,0,A,7,-3.9,A,7,-6.7,A,7,79,A,7,997,A,7,140,A,7,2.6,A,7,24000,B,7,77777,A,7,0.7,E,8,0.000,F,8,0.00,F,8,0,1,D,9,00,C,8
04/08/1994,06:00,0,0,0,1,0,0,1,0,0,1,0,0,1,0,0,1,0,0,1,0,0,1,0,10,A,7,4,A,7,-3.9,A,7,-6.1,A,7,83,A,7,997,A,7,130,A,7,1.5,A,7,12800,B,7,77777,A,7,0.7,E,8,0.000,F,8,0.00,F,8,0,1,D,9,00,C,8
04/08/1994,07:00,83,1125,21,1,10,24,1,16,20,1,10,24,1,10,12,1,16,23,1,10,41,1,21,10,A,7,5,A,7,-2.8,A,7,-5.0,A,7,83,A,7,997,A,7,0,A,7,0.0,A,7,12800,B,7,77777,A,7,0.7,E,8,0.000,F,8,0.00,F,8,0,1,D,9,00,C,8
04/08/1994,08:00,331,1363,106,1,10,88,1,16,85,1,10,116,1,10,75,1,16,98,1,10,186,1,21,9,A,7,6,A,7,0.6,A,7,-2.8,A,7,76,A,7,998,A,7,140,A,7,3.6,A,7,12800,B,7,7620,A,7,0.8,E,8,0.000,F,8,0.00,F,8,0,1,D,9,00,C,8
04/08/1994,09:00,574,1363,298,1,10,374,1,16,141,1,10,314,1,10,363,1,16,161,1,10,280,1,21,6,A,7,2,A,7,3.9,A,7,-4.4,A,7,52,A,7,997,A,7,140,A,7,5.2,A,7,19200,B,7,77777,A,7,0.8,E,8,0.000,F,8,0.00,F,8,0,1,D,9,00,C,8
04/08/1994,10:00,785,1363,534,1,10,697,1,16,132,1,10,564,1,10,699,1,16,160,1,10,305,1,21,8,A,7,1,A,7,6.7,A,7,-7.8,A,7,32,A,7,997,A,7,170,A,7,9.8,A,7,19200,B,7,77777,A,7,0.8,E,8,0.000,F,8,0.00,F,8,0,1,D,9,00,C,8
04/08/1994,11:00,952,1363,664,1,10,676,1,16,191,1,10,696,1,10,682,1,16,219,1,10,524,1,21,10,A,7,2,A,7,7.8,A,7,-7.8,A,7,30,A,7,996,A,7,160,A,7,6.2,A,7,19200,B,7,77777,A,7,0.8,E,8,0.000,F,8,0.00,F,8,0,1,D,9,00,C,8
04/08/1994,12:00,1061,1363,475,1,10,219,1,16,305,1,10,522,1,10,237,1,16,337,1,10,1009,1,21,10,A,7,8,A,7,8.3,A,7,-8.9,A,7,26,A,7,996,A,7,170,A,7,8.2,A,7,19200,B,7,7620,A,7,0.8,E,8,0.000,F,8,0.00,F,8,0,1,D,9,00,C,8
04/08/1994,13:00,1107,1363,302,1,10,0,1,16,302,1,10,356,1,10,0,1,16,356,1,10,1378,1,21,10,A,7,10,A,7,9.4,A,7,-7.8,A,7,27,A,7,994,A,7,140,A,7,9.3,A,7,19200,B,7,4267,A,7,0.8,E,8,0.000,F,8,0.00,F,8,0,1,D,9,00,C,8
04/08/1994,14:00,1084,1363,295,1,10,0,1,16,295,1,10,347,1,10,0,1,16,347,1,10,1346,1,21,10,A,7,10,A,7,9.4,A,7,-6.7,A,7,29,A,7,993,A,7,140,A,7,9.8,A,7,19200,B,7,4267,A,7,0.8,E,8,0.000,F,8,0.00,F,8,0,1,D,9,00,C,8
04/08/1994,15:00,997,1363,246,1,10,2,1,16,244,1,10,290,1,10,2,1,16,288,1,10,1128,1,21,10,A,7,9,A,7,8.9,A,7,-7.2,A,7,29,A,7,992,A,7,150,A,7,8.2,A,7,19200,B,7,3962,A,7,0.8,E,8,0.000,F,8,0.00,F,8,0,1,D,9,00,C,8
04/08/1994,16:00,849,1363,221,1,10,0,1,16,221,1,10,257,1,10,0,1,16,257,1,10,967,1,21,10,A,7,10,A,7,10.0,A,7,-5.6,A,7,31,A,7,990,A,7,160,A,7,9.8,A,7,19200,B,7,4572,A,7,0.8,E,8,0.000,F,8,0.00,F,8,0,1,D,9,00,C,8
04/08/1994,17:00,652,1363,159,1,10,0,1,16,159,1,10,183,1,10,0,1,16,183,1,10,659,1,21,10,A,7,10,A,7,9.4,A,7,-4.4,A,7,36,A,7,989,A,7,160,A,7,10.3,A,7,19200,B,7,7620,A,7,0.8,E,8,0.000,F,8,0.00,F,8,0,1,D,9,00,C,8
04/08/1994,18:00,418,1363,89,1,10,0,1,16,89,1,10,102,1,10,0,1,16,102,1,10,346,1,21,10,A,7,10,A,7,8.9,A,7,-3.3,A,7,41,A,7,989,A,7,130,A,7,7.7,A,7,16000,B,7,3048,A,7,0.9,E,8,0.000,F,8,0.00,F,8,0,1,D,9,00,C,8
04/08/1994,19:00,166,1363,36,1,10,15,1,16,34,1,10,39,1,10,10,1,16,38,1,10,85,1,21,10,A,7,7,A,7,7.2,A,7,-2.2,A,7,50,A,7,988,A,7,150,A,7,6.2,A,7,16000,B,7,3658,A,7,0.9,E,8,0.000,F,8,0.00,F,8,0,1,D,9,00,C,8
04/08/1994,20:00,4,239,0,1,10,0,1,16,0,1,10,0,1,10,0,1,16,0,1,10,0,1,21,10,A,7,8,A,7,7.2,A,7,-0.6,A,7,57,A,7,988,A,7,160,A,7,7.2,A,7,16000,B,7,4572,A,7,0.9,E,8,0.000,F,8,0.00,F,8,0,1,D,9,00,C,8
04/08/1994,21:00,0,0,0,1,0,0,1,0,0,1,0,0,1,0,0,1,0,0,1,0,0,1,0,10,A,7,10,A,7,6.7,A,7,-1.1,A,7,57,A,7,987,A,7,140,A,7,7.2,A,7,16000,B,7,3962,A,7,0.9,E,8,0.000,F,8,0.00,F,8,0,1,D,9,00,C,8
04/08/1994,22:00,0,0,0,1,0,0,1,0,0,1,0,0,1,0,0,1,0,0,1,0,0,1,0,10,A,7,10,A,7,7.2,A,7,-1.1,A,7,55,A,7,986,A,7,150,A,7,7.7,A,7,16000,B,7,3353,A,7,0.9,E,8,0.000,F,8,0.00,F,8,0,1,D,9,00,C,8
04/08/1994,23:00,0,0,0,1,0,0,1,0,0,1,0,0,1,0,0,1,0,0,1,0,0,1,0,10,A,7,10,A,7,7.2,A,7,-1.1,A,7,55,A,7,986,A,7,140,A,7,4.6,A,7,16000,B,7,2591,A,7,0.9,E,8,0.000,F,8,0.00,F,8,0,1,D,9,00,C,8
04/08/1994,24:00,0,0,0,1,0,0,1,0,0,1,0,0,1,0,0,1,0,0,1,0,0,1,0,10,A,7,10,A,7,7.2,A,7,-0.6,A,7,57,A,7,985,A,7,140,A,7,7.2,A,7,16000,B,7,2286,A,7,0.9,E,8,0.000,F,8,0.00,F,8,0,1,D,9,00,C,8
04/09/1994,01:00,0,0,0,1,0,0,1,0,0,1,0,0,1,0,0,1,0,0,1,0,0,1,0,10,A,7,10,A,7,7.8,A,7,-0.6,A,7,55,A,7,984,A,7,150,A,7,5.2,A,7,16000,B,7,2286,A,7,0.9,E,8,0.000,F,8,0.00,F,8,0,1,D,9,00,C,8
04/09/1994,02:00,0,0,0,1,0,0,1,0,0,1,0,0,1,0,0,1,0,0,1,0,0,1,0,10,A,7,10,A,7,8.3,A,7,0.0,A,7,56,A,7,983,A,7,150,A,7,4.6,A,7,16000,B,7,2438,A,7,0.9,E,8,0.000,F,8,0.00,F,8,0,1,D,9,00,C,8
04/09/1994,03:00,0,0,0,1,0,0,1,0,0,1,0,0,1,0,0,1,0,0,1,0,0,1,0,10,A,7,10,A,7,8.9,A,7,0.0,A,7,54,A,7,982,A,7,190,A,7,4.1,A,7,16000,B,7,2743,A,7,1.0,E,8,0.000,F,8,0.00,F,8,0,1,D,9,00,C,8
04/09/1994,04:00,0,0,0,1,0,0,1,0,0,1,0,0,1,0,0,1,0,0,1,0,0,1,0,10,A,7,10,A,7,10.0,A,7,1.1,A,7,54,A,7,982,A,7,190,A,7,6.2,A,7,16000,B,7,2591,A,7,1.0,E,8,0.000,F,8,0.00,F,8,0,1,D,9,00,C,8
04/09/1994,05:00,0,0,0,1,0,0,1,0,0,1,0,0,1,0,0,1,0,0,1,0,0,1,0,6,A,7,0,A,7,9.4,A,7,1.1,A,7,56,A,7,981,A,7,190,A,7,5.2,A,7,16000,B,7,77777,A,7,1.0,E,8,0.000,F,8,0.00,F,8,0,1,D,9,00,C,8
04/09/1994,06:00,0,0,0,1,0,0,1,0,0,1,0,0,1,0,0,1,0,0,1,0,0,1,0,9,A,7,2,A,7,8.9,A,7,1.7,A,7,61,A,7,981,A,7,200,A,7,5.2,A,7,16000,B,7,77777,A,7,1.0,E,8,0.000,F,8,0.00,F,8,0,1,D,9,00,C,8
04/09/1994,07:00,88,1169,24,1,10,1,1,16,24,1,10,27,1,10,0,1,16,27,1,10,81,1,21,10,A,7,5,A,7,10.0,A,7,2.2,A,7,58,A,7,981,A,7,200,A,7,5.2,A,7,16000,B,7,77777,A,7,1.0,E,8,0.000,F,8,0.00,F,8,0,1,D,9,00,C,8
04/09/1994,08:00,338,1362,159,1,10,311,1,16,82,1,10,166,1,10,256,1,16,102,1,10,151,1,21,2,A,7,0,A,7,11.7,A,7,3.3,A,7,56,A,7,981,A,7,200,A,7,7.2,A,7,19200,B,7,77777,A,7,1.0,E,8,0.000,F,8,0.00,F,8,0,1,D,9,00,C,8
04/09/1994,09:00,580,1362,339,1,10,486,1,16,132,1,10,360,1,10,473,1,16,158,1,10,261,1,21,3,A,7,0,A,7,14.4,A,7,4.4,A,7,51,A,7,981,A,7,220,A,7,7.7,A,7,24000,B,7,77777,A,7,1.0,E,8,0.000,F,8,0.00,F,8,0,1,D,9,00,C,8
04/09/1994,10:00,791,1362,547,1,10,600,1,16,198,1,10,581,1,10,613,1,16,224,1,10,456,1,21,7,A,7,0,A,7,16.7,A,7,5.6,A,7,48,A,7,981,A,7,220,A,7,7.7,A,7,24000,B,7,77777,A,7,1.0,E,8,0.000,F,8,0.00,F,8,0,1,D,9,00,C,8
04/09/1994,11:00,957,1362,702,1,10,657,1,16,240,1,10,725,1,10,654,1,16,264,1,10,641,1,21,8,A,7,0,A,7,18.3,A,7,5.0,A,7,41,A,7,981,A,7,220,A,7,9.3,A,7,24000,B,7,77777,A,7,1.0,E,8,0.000,F,8,0.00,F,8,0,1,D,9,00,C,8
04/09/1994,12:00,1066,1362,802,1,10,704,1,16,251,1,10,837,1,10,707,1,16,282,1,10,829,1,21,7,A,7,0,A,7,19.4,A,7,2.2,A,7,32,A,7,981,A,7,240,A,7,11.3,A,7,24000,B,7,77777,A,7,1.0,E,8,0.000,F,8,0.00,F,8,0,1,D,9,00,C,8
04/09/1994,13:00,1111,1362,780,1,10,594,1,16,295,1,10,836,1,10,620,1,16,329,1,10,1125,1,21,9,A,7,3,A,7,20.0,A,7,0.0,A,7,26,A,7,981,A,7,250,A,7,12.9,A,7,24000,B,7,77777,A,7,1.0,E,8,0.000,F,8,0.00,F,8,0,1,D,9,00,C,8
04/09/1994,14:00,1089,1362,550,1,10,119,1,16,455,1,10,605,1,10,124,1,16,506,1,10,1733,1,21,10,A,7,7,A,7,18.9,A,7,-2.8,A,7,22,A,7,981,A,7,250,A,7,13.4,A,7,24000,B,7,7620,A,7,1.0,E,8,0.000,F,8,0.00,F,8,0,1,D,9,00,C,8
04/09/1994,15:00,1001,1362,259,1,10,0,1,16,259,1,10,304,1,10,0,1,16,304,1,10,1182,1,21,10,A,7,10,A,7,18.9,A,7,-2.8,A,7,22,A,7,980,A,7,260,A,7,11.3,A,7,24000,B,7,7620,A,7,1.0,E,8,0.000,F,8,0.00,F,8,0,1,D,9,00,C,8
04/09/1994,16:00,853,1362,366,1,10,181,1,16,252,1,10,402,1,10,191,1,16,283,1,10,699,1,21,10,A,7,6,A,7,18.3,A,7,-5.0,A,7,19,A,7,980,A,7,250,A,7,11.8,A,7,16000,B,7,7620,A,7,1.0,E,8,0.000,F,8,0.00,F,8,0,1,D,9,00,C,8
04/09/1994,17:00,656,1362,147,1,10,0,1,16,147,1,10,170,1,10,0,1,16,170,1,10,624,1,21,10,A,7,10,A,7,17.8,A,7,-4.4,A,7,21,A,7,981,A,7,230,A,7,9.3,A,7,16000,B,7,7620,A,7,1.0,E,8,0.000,F,8,0.00,F,8,0,1,D,9,00,C,8
04/09/1994,18:00,423,1362,171,1,10,120,1,16,134,1,10,185,1,10,110,1,16,151,1,10,301,1,21,10,A,7,6,A,7,16.7,A,7,-2.8,A,7,25,A,7,981,A,7,250,A,7,7.2,A,7,16000,B,7,7620,A,7,1.0,E,8,0.000,F,8,0.00,F,8,0,1,D,9,00,C,8
04/09/1994,19:00,171,1362,72,1,10,26,1,16,68,1,10,78,1,10,19,1,16,75,1,10,144,1,21,10,A,7,5,A,7,16.1,A,7,-1.7,A,7,29,A,7,981,A,7,240,A,7,7.7,A,7,16000,B,7,77777,A,7,1.0,E,8,0.000,F,8,0.00,F,8,0,1,D,9,00,C,8
04/09/1994,20:00,4,284,0,1,10,0,1,16,0,1,10,0,1,10,0,1,16,0,1,10,0,1,21,10,A,7,5,A,7,14.4,A,7,-0.6,A,7,35,A,7,981,A,7,250,A,7,4.1,A,7,16000,B,7,77777,A,7,1.0,E,8,0.000,F,8,0.00,F,8,0,1,D,9,00,C,8
04/09/1994,21:00,0,0,0,1,0,0,1,0,0,1,0,0,1,0,0,1,0,0,1,0,0,1,0,10,A,7,10,A,7,11.1,A,7,0.0,A,7,46,A,7,982,A,7,280,A,7,3.1,A,7,16000,B,7,7620,A,7,1.0,E,8,0.000,F,8,0.00,F,8,0,1,D,9,00,C,8
04/09/1994,22:00,0,0,0,1,0,0,1,0,0,1,0,0,1,0,0,1,0,0,1,0,0,1,0,10,A,7,10,A,7,10.6,A,7,-0.6,A,7,46,A,7,981,A,7,250,A,7,3.1,A,7,16000,B,7,7620,A,7,1.0,E,8,0.000,F,8,0.00,F,8,0,1,D,9,00,C,8
04/09/1994,23:00,0,0,0,1,0,0,1,0,0,1,0,0,1,0,0,1,0,0,1,0,0,1,0,10,A,7,10,A,7,8.3,A,7,-0.6,A,7,53,A,7,982,A,7,290,A,7,4.1,A,7,16000,B,7,7620,A,7,1.0,E,8,0.000,F,8,0.00,F,8,0,1,D,9,00,C,8
04/09/1994,24:00,0,0,0,1,0,0,1,0,0,1,0,0,1,0,0,1,0,0,1,0,0,1,0,10,A,7,10,A,7,8.9,A,7,-0.6,A,7,51,A,7,983,A,7,330,A,7,3.1,A,7,16000,B,7,6096,A,7,1.0,E,8,0.000,F,8,0.00,F,8,0,1,D,9,00,C,8
04/10/1994,01:00,0,0,0,1,0,0,1,0,0,1,0,0,1,0,0,1,0,0,1,0,0,1,0,10,A,7,10,A,7,7.2,A,7,0.6,A,7,63,A,7,983,A,7,330,A,7,3.1,A,7,16000,B,7,6096,A,7,1.0,E,8,0.000,F,8,0.00,F,8,0,1,D,9,00,C,8
04/10/1994,02:00,0,0,0,1,0,0,1,0,0,1,0,0,1,0,0,1,0,0,1,0,0,1,0,10,A,7,10,A,7,6.7,A,7,1.1,A,7,67,A,7,982,A,7,360,A,7,3.1,A,7,16000,B,7,6096,A,7,1.0,E,8,0.000,F,8,0.00,F,8,0,1,D,9,00,C,8
04/10/1994,03:00,0,0,0,1,0,0,1,0,0,1,0,0,1,0,0,1,0,0,1,0,0,1,0,10,A,7,10,A,7,6.1,A,7,1.1,A,7,70,A,7,982,A,7,350,A,7,3.6,A,7,16000,B,7,6096,A,7,1.0,E,8,0.000,F,8,0.00,F,8,0,1,D,9,00,C,8
04/10/1994,04:00,0,0,0,1,0,0,1,0,0,1,0,0,1,0,0,1,0,0,1,0,0,1,0,10,A,7,3,A,7,5.0,A,7,0.0,A,7,70,A,7,983,A,7,320,A,7,2.6,A,7,16000,B,7,77777,A,7,1.0,E,8,0.000,F,8,0.00,F,8,0,1,D,9,00,C,8
04/10/1994,05:00,0,0,0,1,0,0,1,0,0,1,0,0,1,0,0,1,0,0,1,0,0,1,0,10,A,7,4,A,7,3.9,A,7,0.0,A,7,76,A,7,984,A,7,330,A,7,3.1,A,7,16000,B,7,77777,A,7,1.0,E,8,0.000,F,8,0.00,F,8,0,1,D,9,00,C,8
04/10/1994,06:00,0,0,0,1,0,0,1,0,0,1,0,0,1,0,0,1,0,0,1,0,0,1,0,10,A,7,8,A,7,3.3,A,7,0.0,A,7,79,A,7,984,A,7,340,A,7,1.5,A,7,16000,B,7,6096,A,7,1.0,E,8,0.000,F,8,0.00,F,8,0,1,D,9,00,C,8
04/10/1994,07:00,94,1214,22,1,10,0,1,16,22,1,10,25,1,10,0,1,16,25,1,10,76,1,21,10,A,7,10,A,7,3.3,A,7,0.6,A,7,82,A,7,985,A,7,330,A,7,2.6,A,7,16000,B,7,5486,A,7,1.0,E,8,0.000,F,8,0.00,F,8,0,1,D,9,00,C,8
04/10/1994,08:00,345,1362,88,1,10,45,1,16,76,1,10,96,1,10,39,1,16,86,1,10,204,1,21,9,A,7,8,A,7,5.6,A,7,0.0,A,7,67,A,7,986,A,7,340,A,7,3.1,A,7,19200,B,7,7620,A,7,1.0,E,8,0.000,F,8,0.00,F,8,0,1,D,9,00,C,8
04/10/1994,09:00,586,1362,336,1,10,403,1,16,163,1,10,350,1,10,392,1,16,181,1,10,330,1,21,9,A,7,4,A,7,7.2,A,7,0.0,A,7,60,A,7,986,A,7,330,A,7,4.6,A,7,24000,B,7,77777,A,7,1.0,E,8,0.000,F,8,0.00,F,8,0,1,D,9,00,C,8
04/10/1994,10:00,797,1362,530,1,10,563,1,16,200,1,10,563,1,10,575,1,16,225,1,10,464,1,21,8,A,7,1,A,7,8.9,A,7,0.0,A,7,54,A,7,987,A,7,340,A,7,6.2,A,7,24000,B,7,77777,A,7,1.0,E,8,0.000,F,8,0.00,F,8,0,1,D,9,00,C,8
04/10/1994,11:00,962,1362,664,1,10,588,1,16,248,1,10,709,1,10,610,1,16,277,1,10,706,1,21,9,A,7,1,A,7,10.6,A,7,-0.6,A,7,46,A,7,988,A,7,360,A,7,5.7,A,7,24000,B,7,77777,A,7,1.0,E,8,0.000,F,8,0.00,F,8,0,1,D,9,00,C,8
04/10/1994,12:00,1071,1362,750,1,10,655,1,16,235,1,10,787,1,10,661,1,16,266,1,10,792,1,21,6,A,7,1,A,7,11.7,A,7,-0.6,A,7,42,A,7,989,A,7,340,A,7,6.2,A,7,24000,B,7,77777,A,7,1.1,E,8,0.000,F,8,0.00,F,8,0,1,D,9,00,C,8
04/10/1994,13:00,1116,1362,826,1,10,748,1,16,213,1,10,877,1,10,761,1,16,251,1,10,809,1,21,1,A,7,0,A,7,12.8,A,7,-0.6,A,7,39,A,7,989,A,7,40,A,7,3.1,A,7,24000,B,7,77777,A,7,1.1,E,8,0.000,F,8,0.00,F,8,0,1,D,9,00,C,8
04/10/1994,14:00,1093,1362,818,1,10,763,1,16,206,1,10,869,1,10,777,1,16,244,1,10,742,1,21,0,A,7,0,A,7,13.9,A,7,-0.6,A,7,37,A,7,989,A,7,330,A,7,4.1,A,7,24000,B,7,77777,A,7,1.1,E,8,0.000,F,8,0.00,F,8,0,1,D,9,00,C,8
04/10/1994,15:00,1005,1362,732,1,10,694,1,16,219,1,10,765,1,10,699,1,16,248,1,10,649,1,21,4,A,7,0,A,7,15.0,A,7,-0.6,A,7,34,A,7,990,A,7,10,A,7,4.6,A,7,24000,B,7,77777,A,7,1.1,E,8,0.000,F,8,0.00,F,8,0,1,D,9,00,C,8
04/10/1994,16:00,857,1362,596,1,10,650,1,16,187,1,10,620,1,10,648,1,16,211,1,10,447,1,21,3,A,7,0,A,7,14.4,A,7,-1.7,A,7,32,A,7,990,A,7,340,A,7,5.2,A,7,24000,B,7,77777,A,7,1.1,E,8,0.000,F,8,0.00,F,8,0,1,D,9,00,C,8
04/10/1994,17:00,660,1362,378,1,10,493,1,16,139,1,10,406,1,10,492,1,16,167,1,10,285,1,21,2,A,7,1,A,7,15.0,A,7,-2.2,A,7,30,A,7,991,A,7,340,A,7,4.6,A,7,24000,B,7,77777,A,7,1.1,E,8,0.000,F,8,0.00,F,8,0,1,D,9,00,C,8
04/10/1994,18:00,427,1362,197,1,10,311,1,16,99,1,10,207,1,10,279,1,16,119,1,10,185,1,21,3,A,7,1,A,7,12.8,A,7,-2.8,A,7,33,A,7,992,A,7,330,A,7,4.6,A,7,24000,B,7,77777,A,7,1.1,E,8,0.000,F,8,0.00,F,8,0,1,D,9,00,C,8
04/10/1994,19:00,175,1362,59,1,10,105,1,16,46,1,10,63,1,10,60,1,16,55,1,10,86,1,21,2,A,7,1,A,7,11.7,A,7,-2.8,A,7,35,A,7,993,A,7,20,A,7,3.1,A,7,24000,B,7,77777,A,7,1.1,E,8,0.000,F,8,0.00,F,8,0,1,D,9,00,C,8
04/10/1994,20:00,5,306,0,1,10,0,1,16,0,1,10,0,1,10,0,1,16,0,1,10,0,1,21,3,A,7,1,A,7,8.9,A,7,-3.3,A,7,41,A,7,993,A,7,10,A,7,3.1,A,7,16000,B,7,77777,A,7,1.2,E,8,0.000,F,8,0.00,F,8,0,1,D,9,00,C,8
04/10/1994,21:00,0,0,0,1,0,0,1,0,0,1,0,0,1,0,0,1,0,0,1,0,0,1,0,0,A,7,0,A,7,7.8,A,7,-3.9,A,7,42,A,7,994,A,7,20,A,7,4.1,A,7,16000,B,7,77777,A,7,1.2,E,8,0.000,F,8,0.00,F,8,0,1,D,9,00,C,8
04/10/1994,22:00,0,0,0,1,0,0,1,0,0,1,0,0,1,0,0,1,0,0,1,0,0,1,0,0,A,7,0,A,7,6.7,A,7,-5.0,A,7,41,A,7,995,A,7,20,A,7,3.6,A,7,16000,B,7,77777,A,7,1.2,E,8,0.000,F,8,0.00,F,8,0,1,D,9,00,C,8
04/10/1994,23:00,0,0,0,1,0,0,1,0,0,1,0,0,1,0,0,1,0,0,1,0,0,1,0,0,A,7,0,A,7,5.6,A,7,-6.7,A,7,38,A,7,996,A,7,10,A,7,3.6,A,7,16000,B,7,77777,A,7,1.2,E,8,0.000,F,8,0.00,F,8,0,1,D,9,00,C,8
04/10/1994,24:00,0,0,0,1,0,0,1,0,0,1,0,0,1,0,0,1,0,0,1,0,0,1,0,8,A,7,0,A,7,4.4,A,7,-6.1,A,7,44,A,7,996,A,7,10,A,7,4.1,A,7,16000,B,7,77777,A,7,1.2,E,8,0.000,F,8,0.00,F,8,0,1,D,9,00,C,8
04/11/1994,01:00,0,0,0,1,0,0,1,0,0,1,0,0,1,0,0,1,0,0,1,0,0,1,0,9,A,7,4,A,7,3.3,A,7,-5.0,A,7,52,A,7,997,A,7,20,A,7,3.1,A,7,16000,B,7,77777,A,7,1.2,E,8,0.000,F,8,0.00,F,8,0,1,D,9,00,C,8
04/11/1994,02:00,0,0,0,1,0,0,1,0,0,1,0,0,1,0,0,1,0,0,1,0,0,1,0,9,A,7,2,A,7,2.8,A,7,-5.0,A,7,54,A,7,998,A,7,30,A,7,3.1,A,7,16000,B,7,77777,A,7,1.2,E,8,0.000,F,8,0.00,F,8,0,1,D,9,00,C,8
04/11/1994,03:00,0,0,0,1,0,0,1,0,0,1,0,0,1,0,0,1,0,0,1,0,0,1,0,9,A,7,3,A,7,2.2,A,7,-4.4,A,7,59,A,7,998,A,7,40,A,7,3.6,A,7,16000,B,7,77777,A,7,1.2,E,8,0.000,F,8,0.00,F,8,0,1,D,9,00,C,8
04/11/1994,04:00,0,0,0,1,0,0,1,0,0,1,0,0,1,0,0,1,0,0,1,0,0,1,0,9,A,7,6,A,7,2.2,A,7,-2.8,A,7,68,A,7,998,A,7,50,A,7,4.6,A,7,16000,B,7,7620,A,7,1.2,E,8,0.000,F,8,0.00,F,8,0,1,D,9,00,C,8
04/11/1994,05:00,0,0,0,1,0,0,1,0,0,1,0,0,1,0,0,1,0,0,1,0,0,1,0,10,A,7,8,A,7,2.2,A,7,-2.2,A,7,71,A,7,998,A,7,70,A,7,3.6,A,7,16000,B,7,7620,A,7,1.3,E,8,0.000,F,8,0.00,F,8,0,1,D,9,00,C,8
04/11/1994,06:00,0,0,0,1,0,0,1,0,0,1,0,0,1,0,0,1,0,0,1,0,0,1,0,10,A,7,5,A,7,1.7,A,7,-1.7,A,7,77,A,7,999,A,7,90,A,7,3.6,A,7,16000,B,7,77777,A,7,1.3,E,8,0.000,F,8,0.00,F,8,0,1,D,9,00,C,8
04/11/1994,07:00,100,1236,24,1,10,3,1,16,24,1,10,27,1,10,0,1,16,27,1,10,82,1,21,10,A,7,8,A,7,2.2,A,7,-2.2,A,7,71,A,7,1000,A,7,90,A,7,4.6,A,7,16000,B,7,6096,A,7,1.3,E,8,0.000,F,8,0.00,F,8,0,1,D,9,00,C,8
04/11/1994,08:00,351,1361,65,1,10,0,1,16,65,1,10,75,1,10,0,1,16,75,1,10,253,1,21,10,A,7,10,A,7,3.3,A,7,-2.2,A,7,66,A,7,1001,A,7,90,A,7,4.6,A,7,24000,B,7,6096,A,7,1.3,E,8,0.000,F,8,0.00,F,8,0,1,D,9,00,C,8
04/11/1994,09:00,592,1361,225,1,10,77,1,16,191,1,10,246,1,10,75,1,16,213,1,10,540,1,21,10,A,7,9,A,7,5.6,A,7,-2.8,A,7,53,A,7,1000,A,7,90,A,7,5.7,A,7,24000,B,7,7620,A,7,1.3,E,8,0.000,F,8,0.00,F,8,0,1,D,9,00,C,8
04/11/1994,10:00,803,1361,272,1,10,39,1,16,249,1,10,299,1,10,39,1,16,276,1,10,803,1,21,10,A,7,9,A,7,8.3,A,7,-2.8,A,7,44,A,7,1001,A,7,90,A,7,7.7,A,7,24000,B,7,7620,A,7,1.3,E,8,0.000,F,8,0.00,F,8,0,1,D,9,00,C,8
04/11/1994,11:00,967,1361,251,1,10,0,1,16,251,1,10,294,1,10,0,1,16,294,1,10,1137,1,21,10,A,7,10,A,7,9.4,A,7,-2.8,A,7,41,A,7,1000,A,7,110,A,7,5.7,A,7,24000,B,7,6096,A,7,1.3,E,8,0.000,F,8,0.00,F,8,0,1,D,9,00,C,8
04/11/1994,12:00,1076,1361,286,1,10,0,1,16,286,1,10,337,1,10,0,1,16,337,1,10,1312,1,21,10,A,7,10,A,7,11.1,A,7,-4.4,A,7,32,A,7,999,A,7,110,A,7,5.7,A,7,24000,B,7,7620,A,7,1.4,E,8,0.000,F,8,0.00,F,8,0,1,D,9,00,C,8
04/11/1994,13:00,1120,1361,300,1,10,0,1,16,300,1,10,355,1,10,0,1,16,355,1,10,1377,1,21,10,A,7,10,A,7,11.7,A,7,-3.9,A,7,32,A,7,999,A,7,90,A,7,6.2,A,7,24000,B,7,6096,A,7,1.4,E,8,0.000,F,8,0.00,F,8,0,1,D,9,00,C,8
04/11/1994,14:00,1097,1361,293,1,10,0,1,16,293,1,10,346,1,10,0,1,16,346,1,10,1345,1,21,10,A,7,10,A,7,12.2,A,7,-3.9,A,7,31,A,7,999,A,7,90,A,7,5.7,A,7,24000,B,7,7620,A,7,1.4,E,8,0.000,F,8,0.00,F,8,0,1,D,9,00,C,8
04/11/1994,15:00,1009,1361,264,1,10,0,1,16,264,1,10,310,1,10,0,1,16,310,1,10,1204,1,21,10,A,7,10,A,7,11.7,A,7,-3.3,A,7,34,A,7,998,A,7,120,A,7,4.6,A,7,24000,B,7,4572,A,7,1.4,E,8,0.000,F,8,0.00,F,8,0,1,D,9,00,C,8
04/11/1994,16:00,861,1361,217,1,10,0,1,16,217,1,10,253,1,10,0,1,16,253,1,10,962,1,21,10,A,7,10,A,7,11.1,A,7,-3.9,A,7,33,A,7,997,A,7,110,A,7,6.2,A,7,24000,B,7,4572,A,7,1.4,E,8,0.000,F,8,0.00,F,8,0,1,D,9,00,C,8
04/11/1994,17:00,664,1361,153,1,10,0,1,16,153,1,10,177,1,10,0,1,16,177,1,10,647,1,21,10,A,7,10,A,7,10.6,A,7,-3.9,A,7,35,A,7,996,A,7,110,A,7,6.2,A,7,24000,B,7,4572,A,7,1.4,E,8,0.000,F,8,0.00,F,8,0,1,D,9,00,C,8
04/11/1994,18:00,431,1361,84,1,10,0,1,16,84,1,10,97,1,10,0,1,16,97,1,10,335,1,21,10,A,7,10,A,7,10.0,A,7,-3.3,A,7,38,A,7,996,A,7,100,A,7,6.2,A,7,24000,B,7,4572,A,7,1.5,E,8,0.000,F,8,0.00,F,8,0,1,D,9,00,C,8
04/11/1994,19:00,180,1361,40,1,10,0,1,16,40,1,10,45,1,10,0,1,16,45,1,10,137,1,21,10,A,7,10,A,7,9.4,A,7,-2.2,A,7,43,A,7,995,A,7,100,A,7,6.2,A,7,19200,B,7,4572,A,7,1.5,E,8,0.000,F,8,0.00,F,8,0,1,D,9,00,C,8
04/11/1994,20:00,6,329,0,1,10,0,1,16,0,1,10,0,1,10,0,1,16,0,1,10,0,1,21,10,A,7,10,A,7,8.9,A,7,-2.2,A,7,45,A,7,995,A,7,90,A,7,4.6,A,7,19200,B,7,3048,A,7,1.5,E,8,0.000,F,8,0.00,F,8,0,1,D,9,00,C,8
04/11/1994,21:00,0,0,0,1,0,0,1,0,0,1,0,0,1,0,0,1,0,0,1,0,0,1,0,10,A,7,10,A,7,8.3,A,7,-2.2,A,7,46,A,7,995,A,7,120,A,7,3.6,A,7,19200,B,7,3353,A,7,1.5,E,8,0.000,F,8,0.00,F,8,0,1,D,9,00,C,8
04/11/1994,22:00,0,0,0,1,0,0,1,0,0,1,0,0,1,0,0,1,0,0,1,0,0,1,0,10,A,7,10,A,7,8.3,A,7,-1.7,A,7,48,A,7,995,A,7,110,A,7,5.7,A,7,19200,B,7,2286,A,7,1.5,E,8,0.000,F,8,0.00,F,8,0,1,D,9,00,C,8
04/11/1994,23:00,0,0,0,1,0,0,1,0,0,1,0,0,1,0,0,1,0,0,1,0,0,1,0,10,A,7,10,A,7,7.2,A,7,-4.4,A,7,42,A,7,994,A,7,120,A,7,5.7,A,7,19200,B,7,2134,A,7,1.5,E,8,0.000,F,8,0.00,F,8,0,1,D,9,00,C,8
04/11/1994,24:00,0,0,0,1,0,0,1,0,0,1,0,0,1,0,0,1,0,0,1,0,0,1,0,10,A,7,10,A,7,6.1,A,7,-3.3,A,7,49,A,7,994,A,7,90,A,7,4.6,A,7,16000,B,7,2438,A,7,1.6,E,8,0.000,F,8,0.00,F,8,0,1,D,9,00,C,8
04/12/1994,01:00,0,0,0,1,0,0,1,0,0,1,0,0,1,0,0,1,0,0,1,0,0,1,0,10,A,7,10,A,7,6.7,A,7,-2.8,A,7,49,A,7,993,A,7,80,A,7,5.2,A,7,16000,B,7,2591,A,7,1.6,E,8,0.000,F,8,0.00,F,8,0,1,D,9,00,C,8
04/12/1994,02:00,0,0,0,1,0,0,1,0,0,1,0,0,1,0,0,1,0,0,1,0,0,1,0,10,A,7,10,A,7,6.7,A,7,-2.2,A,7,52,A,7,991,A,7,60,A,7,6.2,A,7,16000,B,7,579,A,7,1.6,E,8,0.000,F,8,0.00,F,8,0,1,D,9,61,C,8
04/12/1994,03:00,0,0,0,1,0,0,1,0,0,1,0,0,1,0,0,1,0,0,1,0,0,1,0,10,A,7,10,A,7,6.1,A,7,-1.1,A,7,59,A,7,991,A,7,60,A,7,5.2,A,7,16000,B,7,518,A,7,1.6,E,8,0.000,F,8,0.00,F,8,0,1,D,9,61,C,8
04/12/1994,04:00,0,0,0,1,0,0,1,0,0,1,0,0,1,0,0,1,0,0,1,0,0,1,0,10,A,7,10,A,7,6.1,A,7,-0.6,A,7,62,A,7,990,A,7,50,A,7,6.7,A,7,16000,B,7,1981,A,7,1.6,E,8,0.000,F,8,0.00,F,8,0,1,D,9,00,C,8
04/12/1994,05:00,0,0,0,1,0,0,1,0,0,1,0,0,1,0,0,1,0,0,1,0,0,1,0,10,A,7,10,A,7,6.7,A,7,0.6,A,7,65,A,7,989,A,7,60,A,7,7.2,A,7,16000,B,7,1494,A,7,1.6,E,8,0.000,F,8,0.00,F,8,0,1,D,9,00,C,8
04/12/1994,06:00,0,0,0,1,0,0,1,0,0,1,0,0,1,0,0,1,0,0,1,0,0,1,0,10,A,7,10,A,7,6.7,A,7,1.1,A,7,67,A,7,988,A,7,80,A,7,7.2,A,7,16000,B,7,457,A,7,1.7,E,8,0.000,F,8,0.00,F,8,0,1,D,9,00,C,8
04/12/1994,07:00,106,1281,18,1,10,0,1,16,18,1,10,21,1,10,0,1,16,21,1,10,66,1,21,10,A,7,10,A,7,4.4,A,7,2.8,A,7,89,A,7,988,A,7,90,A,7,6.7,A,7,4800,B,7,518,A,7,1.7,E,8,0.000,F,8,0.00,F,8,13,1,D,9,61,C,8
04/12/1994,08:00,358,1360,46,1,10,0,1,16,46,1,10,55,1,10,0,1,16,55,1,10,191,1,21,10,A,7,10,A,7,4.4,A,7,4.4,A,7,100,A,7,988,A,7,80,A,7,4.1,A,7,3200,B,7,396,A,7,1.7,E,8,0.000,F,8,0.00,F,8,38,1,D,9,45,C,8
04/12/1994,09:00,598,1360,93,1,10,0,1,16,93,1,10,111,1,10,0,1,16,111,1,10,415,1,21,10,A,7,10,A,7,5.6,A,7,5.0,A,7,96,A,7,986,A,7,80,A,7,6.7,A,7,4800,B,7,213,A,7,1.7,E,8,0.000,F,8,0.00,F,8,13,1,D,9,45,C,8
04/12/1994,10:00,808,1360,137,1,10,0,1,16,137,1,10,164,1,10,0,1,16,164,1,10,648,1,21,10,A,7,10,A,7,5.6,A,7,5.0,A,7,96,A,7,985,A,7,90,A,7,7.7,A,7,6400,B,7,213,A,7,1.7,E,8,0.000,F,8,0.00,F,8,18,1,D,9,45,C,8
04/12/1994,11:00,973,1360,172,1,10,0,1,16,172,1,10,208,1,10,0,1,16,208,1,10,845,1,21,10,A,7,10,A,7,6.1,A,7,5.6,A,7,97,A,7,984,A,7,110,A,7,7.2,A,7,8000,B,7,213,A,7,1.7,E,8,0.000,F,8,0.00,F,8,3,1,D,9,45,C,8
04/12/1994,12:00,1080,1360,195,1,10,0,1,16,195,1,10,237,1,10,0,1,16,237,1,10,971,1,21,10,A,7,10,A,7,6.1,A,7,5.6,A,7,97,A,7,984,A,7,70,A,7,6.2,A,7,8000,B,7,213,A,7,1.7,E,8,0.000,F,8,0.00,F,8,8,1,D,9,45,C,8
04/12/1994,13:00,1124,1360,243,1,10,0,1,16,243,1,10,292,1,10,0,1,16,292,1,10,1173,1,21,10,A,7,10,A,7,6.7,A,7,6.1,A,7,96,A,7,982,A,7,90,A,7,7.2,A,7,3200,B,7,914,A,7,1.7,E,8,0.000,F,8,0.00,F,8,64,1,D,9,45,C,8
04/12/1994,14:00,1101,1360,166,1,10,0,1,16,166,1,10,205,1,10,0,1,16,205,1,10,850,1,21,10,A,7,10,A,7,6.7,A,7,6.7,A,7,100,A,7,981,A,7,110,A,7,5.7,A,7,4800,B,7,183,A,7,1.7,E,8,0.000,F,8,0.00,F,8,20,1,D,9,45,C,8
04/12/1994,15:00,1012,1360,151,1,10,0,1,16,151,1,10,185,1,10,0,1,16,185,1,10,766,1,21,10,A,7,10,A,7,7.2,A,7,6.7,A,7,97,A,7,980,A,7,90,A,7,6.2,A,7,11200,B,7,183,A,7,1.7,E,8,0.000,F,8,0.00,F,8,0,1,D,9,45,C,8
04/12/1994,16:00,865,1360,125,1,10,0,1,16,125,1,10,152,1,10,0,1,16,152,1,10,616,1,21,10,A,7,10,A,7,7.8,A,7,7.2,A,7,96,A,7,979,A,7,100,A,7,6.7,A,7,1600,B,7,122,A,7,1.7,E,8,0.000,F,8,0.00,F,8,20,1,D,9,00,C,8
04/12/1994,17:00,668,1360,90,1,10,0,1,16,90,1,10,109,1,10,0,1,16,109,1,10,420,1,21,10,A,7,10,A,7,8.3,A,7,7.8,A,7,97,A,7,978,A,7,120,A,7,4.1,A,7,8000,B,7,152,A,7,1.7,E,8,0.000,F,8,0.00,F,8,8,1,D,9,61,C,8
04/12/1994,18:00,435,1360,50,1,10,0,1,16,50,1,10,60,1,10,0,1,16,60,1,10,218,1,21,10,A,7,10,A,7,8.9,A,7,8.3,A,7,96,A,7,978,A,7,110,A,7,4.1,A,7,8000,B,7,122,A,7,1.7,E,8,0.000,F,8,0.00,F,8,0,1,D,9,45,C,8
04/12/1994,19:00,184,1360,20,1,10,0,1,16,20,1,10,24,1,10,0,1,16,24,1,10,79,1,21,10,A,7,10,A,7,9.4,A,7,8.9,A,7,97,A,7,977,A,7,90,A,7,3.6,A,7,1600,B,7,61,A,7,1.7,E,8,0.000,F,8,0.00,F,8,0,1,D,9,45,C,8
04/12/1994,20:00,7,351,0,1,10,0,1,16,0,1,10,0,1,10,0,1,16,0,1,10,0,1,21,10,A,7,10,A,7,9.4,A,7,9.4,A,7,100,A,7,976,A,7,100,A,7,4.6,A,7,400,B,7,30,A,7,1.7,E,8,0.000,F,8,0.00,F,8,0,1,D,9,45,C,8
04/12/1994,21:00,0,0,0,1,0,0,1,0,0,1,0,0,1,0,0,1,0,0,1,0,0,1,0,10,A,7,10,A,7,9.4,A,7,9.4,A,7,100,A,7,975,A,7,80,A,7,3.1,A,7,400,B,7,61,A,7,1.7,E,8,0.000,F,8,0.00,F,8,0,1,D,9,45,C,8
04/12/1994,22:00,0,0,0,1,0,0,1,0,0,1,0,0,1,0,0,1,0,0,1,0,0,1,0,10,A,7,10,A,7,9.4,A,7,9.4,A,7,100,A,7,975,A,7,320,A,7,1.5,A,7,1600,B,7,91,A,7,1.7,E,8,0.000,F,8,0.00,F,8,0,1,D,9,45,C,8
04/12/1994,23:00,0,0,0,1,0,0,1,0,0,1,0,0,1,0,0,1,0,0,1,0,0,1,0,10,A,7,10,A,7,8.9,A,7,8.9,A,7,100,A,7,975,A,7,40,A,7,2.6,A,7,800,B,7,61,A,7,1.7,E,8,0.000,F,8,0.00,F,8,0,1,D,9,45,C,8
04/12/1994,24:00,0,0,0,1,0,0,1,0,0,1,0,0,1,0,0,1,0,0,1,0,0,1,0,10,A,7,10,A,7,9.4,A,7,9.4,A,7,100,A,7,974,A,7,10,A,7,2.1,A,7,800,B,7,91,A,7,1.7,E,8,0.000,F,8,0.00,F,8,0,1,D,9,45,C,8
04/13/1994,01:00,0,0,0,1,0,0,1,0,0,1,0,0,1,0,0,1,0,0,1,0,0,1,0,10,A,7,10,A,7,8.9,A,7,8.9,A,7,100,A,7,974,A,7,280,A,7,3.6,A,7,200,B,7,61,A,7,1.7,E,8,0.000,F,8,0.00,F,8,0,1,D,9,17,C,8
04/13/1994,02:00,0,0,0,1,0,0,1,0,0,1,0,0,1,0,0,1,0,0,1,0,0,1,0,10,A,7,10,A,7,8.3,A,7,8.3,A,7,100,A,7,974,A,7,250,A,7,7.7,A,7,1200,B,7,61,A,7,1.7,E,8,0.000,F,8,0.00,F,8,30,1,D,9,45,C,8
04/13/1994,03:00,0,0,0,1,0,0,1,0,0,1,0,0,1,0,0,1,0,0,1,0,0,1,0,8,A,7,8,A,7,7.8,A,7,7.8,A,7,100,A,7,973,A,7,270,A,7,4.1,A,7,9600,B,7,1829,A,7,1.7,E,8,0.000,F,8,0.00,F,8,8,1,D,9,45,C,8
04/13/1994,04:00,0,0,0,1,0,0,1,0,0,1,0,0,1,0,0,1,0,0,1,0,0,1,0,10,A,7,10,A,7,8.3,A,7,8.3,A,7,100,A,7,973,A,7,230,A,7,3.6,A,7,11200,B,7,1372,A,7,1.7,E,8,0.000,F,8,0.00,F,8,0,1,D,9,45,C,8
04/13/1994,05:00,0,0,0,1,0,0,1,0,0,1,0,0,1,0,0,1,0,0,1,0,0,1,0,10,A,7,10,A,7,8.3,A,7,8.3,A,7,100,A,7,972,A,7,220,A,7,3.1,A,7,6400,B,7,2286,A,7,1.7,E,8,0.000,F,8,0.00,F,8,3,1,D,9,80,C,8
04/13/1994,06:00,0,0,0,1,0,0,1,0,0,1,0,0,1,0,0,1,0,0,1,0,0,1,0,10,A,7,10,A,7,8.3,A,7,7.8,A,7,97,A,7,972,A,7,190,A,7,3.1,A,7,6400,B,7,2286,A,7,1.7,E,8,0.000,F,8,0.00,F,8,5,1,D,9,45,C,8
04/13/1994,07:00,112,1325,20,1,10,0,1,16,20,1,10,23,1,10,0,1,16,23,1,10,72,1,21,10,A,7,10,A,7,7.8,A,7,7.2,A,7,96,A,7,971,A,7,190,A,7,5.7,A,7,12800,B,7,1676,A,7,1.7,E,8,0.000,F,8,0.00,F,8,5,1,D,9,45,C,8
04/13/1994,08:00,364,1359,53,1,10,0,1,16,53,1,10,62,1,10,0,1,16,62,1,10,217,1,21,10,A,7,10,A,7,7.8,A,7,6.7,A,7,93,A,7,971,A,7,210,A,7,6.7,A,7,11200,B,7,1219,A,7,1.6,E,8,0.000,F,8,0.00,F,8,0,1,D,9,80,C,8
04/13/1994,09:00,604,1359,107,1,10,0,1,16,107,1,10,126,1,10,0,1,16,126,1,10,468,1,21,10,A,7,10,A,7,7.8,A,7,6.1,A,7,89,A,7,971,A,7,200,A,7,5.2,A,7,11200,B,7,1372,A,7,1.6,E,8,0.000,F,8,0.00,F,8,0,1,D,9,00,C,8
04/13/1994,10:00,814,1359,160,1,10,0,1,16,160,1,10,190,1,10,0,1,16,190,1,10,739,1,21,10,A,7,10,A,7,8.3,A,7,5.6,A,7,83,A,7,971,A,7,220,A,7,6.2,A,7,16000,B,7,762,A,7,1.6,E,8,0.000,F,8,0.00,F,8,0,1,D,9,00,C,8
04/13/1994,11:00,978,1359,203,1,10,0,1,16,203,1,10,242,1,10,0,1,16,242,1,10,970,1,21,10,A,7,10,A,7,8.9,A,7,5.6,A,7,80,A,7,970,A,7,240,A,7,6.2,A,7,16000,B,7,549,A,7,1.6,E,8,0.000,F,8,0.00,F,8,0,1,D,9,00,C,8
04/13/1994,12:00,1085,1359,230,1,10,0,1,16,230,1,10,276,1,10,0,1,16,276,1,10,1113,1,21,10,A,7,10,A,7,8.3,A,7,6.7,A,7,90,A,7,970,A,7,210,A,7,5.7,A,7,16000,B,7,549,A,7,1.6,E,8,0.000,F,8,0.00,F,8,5,1,D,9,61,C,8
04/13/1994,13:00,1128,1359,241,1,10,0,1,16,241,1,10,290,1,10,0,1,16,290,1,10,1166,1,21,10,A,7,10,A,7,7.2,A,7,5.6,A,7,90,A,7,970,A,7,250,A,7,6.7,A,7,11200,B,7,549,A,7,1.6,E,8,0.000,F,8,0.00,F,8,5,1,D,9,61,C,8
04/13/1994,14:00,1105,1359,235,1,10,0,1,16,235,1,10,283,1,10,0,1,16,283,1,10,1138,1,21,10,A,7,10,A,7,8.9,A,7,5.6,A,7,80,A,7,970,A,7,210,A,7,7.7,A,7,16000,B,7,549,A,7,1.6,E,8,0.000,F,8,0.00,F,8,3,1,D,9,61,C,8
04/13/1994,15:00,1016,1359,212,1,10,0,1,16,212,1,10,254,1,10,0,1,16,254,1,10,1020,1,21,10,A,7,10,A,7,7.2,A,7,4.4,A,7,82,A,7,970,A,7,250,A,7,8.2,A,7,16000,B,7,762,A,7,1.6,E,8,0.000,F,8,0.00,F,8,0,1,D,9,00,C,8
04/13/1994,16:00,868,1359,174,1,10,0,1,16,174,1,10,207,1,10,0,1,16,207,1,10,814,1,21,10,A,7,10,A,7,7.8,A,7,4.4,A,7,79,A,7,970,A,7,240,A,7,6.2,A,7,19200,B,7,549,A,7,1.6,E,8,0.000,F,8,0.00,F,8,0,1,D,9,00,C,8
04/13/1994,17:00,672,1359,124,1,10,0,1,16,124,1,10,146,1,10,0,1,16,146,1,10,552,1,21,10,A,7,10,A,7,6.7,A,7,5.6,A,7,93,A,7,971,A,7,230,A,7,6.7,A,7,9600,B,7,549,A,7,1.6,E,8,0.000,F,8,0.00,F,8,0,1,D,9,00,C,8
04/13/1994,18:00,439,1359,68,1,10,0,1,16,68,1,10,80,1,10,0,1,16,80,1,10,285,1,21,10,A,7,10,A,7,7.2,A,7,5.0,A,7,86,A,7,971,A,7,250,A,7,6.2,A,7,16000,B,7,640,A,7,1.6,E,8,0.000,F,8,0.00,F,8,0,1,D,9,61,C,8
04/13/1994,19:00,189,1359,33,1,10,0,1,16,33,1,10,38,1,10,0,1,16,38,1,10,121,1,21,10,A,7,10,A,7,7.2,A,7,5.0,A,7,86,A,7,972,A,7,230,A,7,7.2,A,7,16000,B,7,1372,A,7,1.6,E,8,0.000,F,8,0.00,F,8,0,1,D,9,00,C,8
04/13/1994,20:00,9,374,0,1,10,0,1,16,0,1,10,0,1,10,0,1,16,0,1,10,0,1,21,10,A,7,10,A,7,7.2,A,7,5.0,A,7,86,A,7,972,A,7,240,A,7,4.6,A,7,16000,B,7,1676,A,7,1.5,E,8,0.000,F,8,0.00,F,8,0,1,D,9,00,C,8
04/13/1994,21:00,0,0,0,1,0,0,1,0,0,1,0,0,1,0,0,1,0,0,1,0,0,1,0,10,A,7,10,A,7,7.2,A,7,5.6,A,7,90,A,7,973,A,7,220,A,7,4.1,A,7,16000,B,7,2134,A,7,1.5,E,8,0.000,F,8,0.00,F,8,0,1,D,9,00,C,8
04/13/1994,22:00,0,0,0,1,0,0,1,0,0,1,0,0,1,0,0,1,0,0,1,0,0,1,0,10,A,7,10,A,7,7.8,A,7,5.6,A,7,86,A,7,973,A,7,210,A,7,5.2,A,7,16000,B,7,579,A,7,1.5,E,8,0.000,F,8,0.00,F,8,0,1,D,9,00,C,8
04/13/1994,23:00,0,0,0,1,0,0,1,0,0,1,0,0,1,0,0,1,0,0,1,0,0,1,0,10,A,7,10,A,7,7.8,A,7,6.7,A,7,93,A,7,974,A,7,220,A,7,6.7,A,7,9600,B,7,488,A,7,1.5,E,8,0.000,F,8,0.00,F,8,0,1,D,9,00,C,8
04/13/1994,24:00,0,0,0,1,0,0,1,0,0,1,0,0,1,0,0,1,0,0,1,0,0,1,0,10,A,7,10,A,7,7.8,A,7,6.1,A,7,89,A,7,974,A,7,240,A,7,6.7,A,7,9600,B,7,579,A,7,1.5,E,8,0.000,F,8,0.00,F,8,0,1,D,9,45,C,8
04/14/1994,01:00,0,0,0,1,0,0,1,0,0,1,0,0,1,0,0,1,0,0,1,0,0,1,0,10,A,7,10,A,7,7.8,A,7,5.6,A,7,86,A,7,974,A,7,230,A,7,8.2,A,7,9600,B,7,457,A,7,1.5,E,8,0.000,F,8,0.00,F,8,0,1,D,9,45,C,8
04/14/1994,02:00,0,0,0,1,0,0,1,0,0,1,0,0,1,0,0,1,0,0,1,0,0,1,0,10,A,7,10,A,7,7.8,A,7,5.6,A,7,86,A,7,974,A,7,230,A,7,7.2,A,7,9600,B,7,488,A,7,1.5,E,8,0.000,F,8,0.00,F,8,0,1,D,9,45,C,8
04/14/1994,03:00,0,0,0,1,0,0,1,0,0,1,0,0,1,0,0,1,0,0,1,0,0,1,0,10,A,7,10,A,7,7.8,A,7,6.1,A,7,89,A,7,974,A,7,230,A,7,6.2,A,7,8000,B,7,823,A,7,1.5,E,8,0.000,F,8,0.00,F,8,0,1,D,9,45,C,8
04/14/1994,04:00,0,0,0,1,0,0,1,0,0,1,0,0,1,0,0,1,0,0,1,0,0,1,0,10,A,7,10,A,7,7.8,A,7,6.1,A,7,89,A,7,974,A,7,220,A,7,5.2,A,7,8000,B,7,823,A,7,1.5,E,8,0.000,F,8,0.00,F,8,0,1,D,9,45,C,8
04/14/1994,05:00,0,0,0,1,0,0,1,0,0,1,0,0,1,0,0,1,0,0,1,0,0,1,0,10,A,7,10,A,7,7.8,A,7,6.1,A,7,89,A,7,974,A,7,220,A,7,4.6,A,7,9600,B,7,1250,A,7,1.5,E,8,0.000,F,8,0.00,F,8,0,1,D,9,45,C,8
04/14/1994,06:00,0,0,0,1,0,0,1,0,0,1,0,0,1,0,0,1,0,0,1,0,0,1,0,8,A,7,8,A,7,6.7,A,7,5.6,A,7,93,A,7,974,A,7,210,A,7,4.1,A,7,8000,B,7,5486,A,7,1.5,E,8,0.000,F,8,0.00,F,8,0,1,D,9,45,C,8
04/14/1994,07:00,119,1347,41,1,10,125,1,16,30,1,10,43,1,10,61,1,16,38,1,10,54,1,21,2,A,7,2,A,7,7.8,A,7,6.1,A,7,89,A,7,975,A,7,190,A,7,4.6,A,7,8000,B,7,77777,A,7,1.5,E,8,0.000,F,8,0.00,F,8,0,1,D,9,45,C,8
04/14/1994,08:00,370,1359,208,1,10,535,1,16,62,1,10,216,1,10,460,1,16,90,1,10,116,1,21,3,A,7,0,A,7,8.9,A,7,6.1,A,7,83,A,7,976,A,7,210,A,7,4.1,A,7,9600,B,7,77777,A,7,1.5,E,8,0.000,F,8,0.00,F,8,0,1,D,9,45,C,8
04/14/1994,09:00,610,1359,376,1,10,636,1,16,90,1,10,398,1,10,621,1,16,118,1,10,188,1,21,4,A,7,1,A,7,11.7,A,7,7.2,A,7,74,A,7,976,A,7,200,A,7,5.7,A,7,16000,B,7,77777,A,7,1.5,E,8,0.000,F,8,0.00,F,8,0,1,D,9,45,C,8
04/14/1994,10:00,819,1359,530,1,10,692,1,16,112,1,10,568,1,10,703,1,16,144,1,10,275,1,21,3,A,7,0,A,7,13.9,A,7,7.2,A,7,64,A,7,976,A,7,210,A,7,4.1,A,7,16000,B,7,77777,A,7,1.5,E,8,0.000,F,8,0.00,F,8,0,1,D,9,00,C,8
04/14/1994,11:00,982,1359,728,1,10,846,1,16,116,1,10,777,1,10,855,1,16,158,1,10,334,1,21,1,A,7,0,A,7,15.6,A,7,7.2,A,7,57,A,7,976,A,7,210,A,7,4.6,A,7,16000,B,7,77777,A,7,1.6,E,8,0.000,F,8,0.00,F,8,0,1,D,9,00,C,8
04/14/1994,12:00,1089,1359,731,1,10,722,1,16,152,1,10,770,1,10,727,1,16,185,1,10,509,1,21,3,A,7,3,A,7,16.7,A,7,7.8,A,7,56,A,7,976,A,7,230,A,7,6.7,A,7,16000,B,7,77777,A,7,1.6,E,8,0.000,F,8,0.00,F,8,0,1,D,9,00,C,8
04/14/1994,13:00,1132,1359,876,1,10,814,1,16,197,1,10,937,1,10,833,1,16,241,1,10,793,1,21,4,A,7,4,A,7,17.8,A,7,6.7,A,7,48,A,7,976,A,7,200,A,7,6.7,A,7,16000,B,7,77777,A,7,1.6,E,8,0.000,F,8,0.00,F,8,0,1,D,9,00,C,8
04/14/1994,14:00,1109,1359,854,1,10,897,1,16,122,1,10,881,1,10,897,1,16,147,1,10,364,1,21,0,A,7,0,A,7,19.4,A,7,7.2,A,7,45,A,7,976,A,7,230,A,7,6.2,A,7,16000,B,7,77777,A,7,1.7,E,8,0.000,F,8,0.00,F,8,0,1,D,9,00,C,8
04/14/1994,15:00,1020,1359,773,1,10,876,1,16,115,1,10,799,1,10,874,1,16,141,1,10,287,1,21,0,A,7,0,A,7,19.4,A,7,6.7,A,7,44,A,7,976,A,7,220,A,7,6.2,A,7,16000,B,7,77777,A,7,1.7,E,8,0.000,F,8,0.00,F,8,0,1,D,9,00,C,8
04/14/1994,16:00,872,1359,639,1,10,835,1,16,103,1,10,680,1,10,839,1,16,140,1,10,259,1,21,0,A,7,0,A,7,20.0,A,7,7.2,A,7,43,A,7,976,A,7,190,A,7,5.7,A,7,19200,B,7,77777,A,7,1.7,E,8,0.000,F,8,0.00,F,8,0,1,D,9,00,C,8
04/14/1994,17:00,676,1359,465,1,10,762,1,16,85,1,10,487,1,10,747,1,16,115,1,10,182,1,21,0,A,7,0,A,7,20.0,A,7,7.2,A,7,43,A,7,976,A,7,180,A,7,5.2,A,7,19200,B,7,77777,A,7,1.8,E,8,0.000,F,8,0.00,F,8,0,1,D,9,00,C,8
04/14/1994,18:00,444,1359,252,1,10,529,1,16,79,1,10,261,1,10,478,1,16,105,1,10,149,1,21,5,A,7,1,A,7,18.9,A,7,7.2,A,7,47,A,7,976,A,7,190,A,7,5.2,A,7,24000,B,7,77777,A,7,1.8,E,8,0.000,F,8,0.00,F,8,0,1,D,9,00,C,8
04/14/1994,19:00,193,1359,73,1,10,179,1,16,48,1,10,78,1,10,110,1,16,62,1,10,89,1,21,5,A,7,1,A,7,17.2,A,7,7.8,A,7,54,A,7,976,A,7,190,A,7,4.1,A,7,19200,B,7,77777,A,7,1.8,E,8,0.000,F,8,0.00,F,8,0,1,D,9,00,C,8
04/14/1994,20:00,10,396,1,1,10,11,1,16,1,1,10,0,1,10,0,1,16,0,1,10,0,1,21,4,A,7,1,A,7,15.0,A,7,7.8,A,7,62,A,7,977,A,7,180,A,7,3.6,A,7,19200,B,7,77777,A,7,1.9,E,8,0.000,F,8,0.00,F,8,0,1,D,9,00,C,8
04/14/1994,21:00,0,0,0,1,0,0,1,0,0,1,0,0,1,0,0,1,0,0,1,0,0,1,0,7,A,7,2,A,7,13.9,A,7,8.3,A,7,69,A,7,978,A,7,140,A,7,3.6,A,7,19200,B,7,77777,A,7,1.9,E,8,0.000,F,8,0.00,F,8,0,1,D,9,00,C,8
04/14/1994,22:00,0,0,0,1,0,0,1,0,0,1,0,0,1,0,0,1,0,0,1,0,0,1,0,5,A,7,3,A,7,12.8,A,7,8.9,A,7,77,A,7,978,A,7,140,A,7,4.1,A,7,19200,B,7,77777,A,7,1.9,E,8,0.000,F,8,0.00,F,8,0,1,D,9,00,C,8
04/14/1994,23:00,0,0,0,1,0,0,1,0,0,1,0,0,1,0,0,1,0,0,1,0,0,1,0,9,A,7,7,A,7,13.3,A,7,9.4,A,7,77,A,7,978,A,7,160,A,7,3.6,A,7,16000,B,7,2896,A,7,2.0,E,8,0.000,F,8,0.00,F,8,0,1,D,9,00,C,8
04/14/1994,24:00,0,0,0,1,0,0,1,0,0,1,0,0,1,0,0,1,0,0,1,0,0,1,0,10,A,7,10,A,7,13.9,A,7,10.0,A,7,77,A,7,978,A,7,140,A,7,4.1,A,7,19200,B,7,3353,A,7,2.0,E,8,0.000,F,8,0.00,F,8,0,1,D,9,00,C,8
04/15/1994,01:00,0,0,0,1,0,0,1,0,0,1,0,0,1,0,0,1,0,0,1,0,0,1,0,10,A,7,9,A,7,13.3,A,7,10.0,A,7,80,A,7,976,A,7,130,A,7,5.2,A,7,19200,B,7,7620,A,7,2.0,E,8,0.000,F,8,0.00,F,8,0,1,D,9,00,C,8
04/15/1994,02:00,0,0,0,1,0,0,1,0,0,1,0,0,1,0,0,1,0,0,1,0,0,1,0,10,A,7,10,A,7,13.3,A,7,10.0,A,7,80,A,7,975,A,7,150,A,7,6.2,A,7,19200,B,7,3353,A,7,2.1,E,8,0.000,F,8,0.00,F,8,0,1,D,9,00,C,8
04/15/1994,03:00,0,0,0,1,0,0,1,0,0,1,0,0,1,0,0,1,0,0,1,0,0,1,0,10,A,7,10,A,7,13.3,A,7,10.0,A,7,80,A,7,974,A,7,140,A,7,5.7,A,7,19200,B,7,3353,A,7,2.1,E,8,0.000,F,8,0.00,F,8,0,1,D,9,00,C,8
04/15/1994,04:00,0,0,0,1,0,0,1,0,0,1,0,0,1,0,0,1,0,0,1,0,0,1,0,10,A,7,10,A,7,14.4,A,7,9.4,A,7,72,A,7,973,A,7,140,A,7,6.2,A,7,19200,B,7,3658,A,7,2.1,E,8,0.000,F,8,0.00,F,8,0,1,D,9,00,C,8
04/15/1994,05:00,0,0,0,1,0,0,1,0,0,1,0,0,1,0,0,1,0,0,1,0,0,1,0,10,A,7,9,A,7,15.0,A,7,8.9,A,7,67,A,7,973,A,7,150,A,7,6.7,A,7,19200,B,7,7620,A,7,2.2,E,8,0.000,F,8,0.00,F,8,0,1,D,9,00,C,8
04/15/1994,06:00,0,34,0,1,10,0,1,16,0,1,10,0,1,10,0,1,16,0,1,10,0,1,21,6,A,7,2,A,7,15.0,A,7,8.9,A,7,67,A,7,972,A,7,160,A,7,6.2,A,7,19200,B,7,77777,A,7,2.2,E,8,0.000,F,8,0.00,F,8,0,1,D,9,00,C,8
04/15/1994,07:00,125,1358,39,1,10,9,1,16,38,1,10,43,1,10,0,1,16,43,1,10,115,1,21,10,A,7,3,A,7,15.6,A,7,8.9,A,7,64,A,7,971,A,7,150,A,7,6.7,A,7,19200,B,7,77777,A,7,2.2,E,8,0.000,F,8,0.00,F,8,0,1,D,9,00,C,8
04/15/1994,08:00,377,1358,125,1,10,121,1,16,92,1,10,138,1,10,108,1,16,108,1,10,204,1,21,10,A,7,6,A,7,16.1,A,7,8.9,A,7,62,A,7,970,A,7,140,A,7,8.2,A,7,16000,B,7,7620,A,7,2.2,E,8,0.000,F,8,0.00,F,8,0,1,D,9,00,C,8
04/15/1994,09:00,616,1358,108,1,10,0,1,16,108,1,10,127,1,10,0,1,16,127,1,10,475,1,21,10,A,7,10,A,7,17.8,A,7,8.9,A,7,56,A,7,971,A,7,190,A,7,11.3,A,7,16000,B,7,1219,A,7,2.1,E,8,0.000,F,8,0.00,F,8,23,1,D,9,00,C,8
04/15/1994,10:00,824,1358,161,1,10,0,1,16,161,1,10,191,1,10,0,1,16,191,1,10,748,1,21,10,A,7,10,A,7,15.0,A,7,12.8,A,7,87,A,7,970,A,7,150,A,7,4.6,A,7,11200,B,7,1097,A,7,2.1,E,8,0.000,F,8,0.00,F,8,23,1,D,9,17,C,8
04/15/1994,11:00,987,1358,204,1,10,0,1,16,204,1,10,244,1,10,0,1,16,244,1,10,978,1,21,10,A,7,10,A,7,15.6,A,7,13.9,A,7,90,A,7,969,A,7,130,A,7,6.2,A,7,16000,B,7,2438,A,7,2.1,E,8,0.000,F,8,0.00,F,8,18,1,D,9,80,C,8
04/15/1994,12:00,1094,1358,571,1,10,153,1,16,448,1,10,620,1,10,162,1,16,490,1,10,1629,1,21,10,A,7,7,A,7,18.9,A,7,14.4,A,7,75,A,7,967,A,7,180,A,7,8.2,A,7,16000,B,7,3048,A,7,2.0,E,8,0.000,F,8,0.00,F,8,0,1,D,9,00,C,8
04/15/1994,13:00,1136,1358,757,1,10,319,1,16,490,1,10,809,1,10,345,1,16,520,1,10,2008,1,21,8,A,7,8,A,7,21.7,A,7,15.0,A,7,66,A,7,967,A,7,220,A,7,9.3,A,7,16000,B,7,823,A,7,2.0,E,8,0.000,F,8,0.00,F,8,0,1,D,9,00,C,8
04/15/1994,14:00,1113,1358,236,1,10,0,1,16,236,1,10,284,1,10,0,1,16,284,1,10,1144,1,21,10,A,7,10,A,7,19.4,A,7,12.8,A,7,66,A,7,968,A,7,260,A,7,10.3,A,7,16000,B,7,1219,A,7,2.0,E,8,0.000,F,8,0.00,F,8,0,1,D,9,00,C,8
04/15/1994,15:00,1024,1358,213,1,10,0,1,16,213,1,10,255,1,10,0,1,16,255,1,10,1027,1,21,10,A,7,10,A,7,18.3,A,7,12.8,A,7,70,A,7,968,A,7,210,A,7,8.2,A,7,16000,B,7,1524,A,7,1.9,E,8,0.000,F,8,0.00,F,8,0,1,D,9,00,C,8
04/15/1994,16:00,876,1358,174,1,10,0,1,16,174,1,10,207,1,10,0,1,16,207,1,10,818,1,21,10,A,7,10,A,7,16.7,A,7,12.2,A,7,75,A,7,968,A,7,230,A,7,4.6,A,7,16000,B,7,1494,A,7,1.9,E,8,0.000,F,8,0.00,F,8,0,1,D,9,00,C,8
04/15/1994,17:00,679,1358,124,1,10,0,1,16,124,1,10,146,1,10,0,1,16,146,1,10,555,1,21,10,A,7,10,A,7,15.0,A,7,11.1,A,7,77,A,7,968,A,7,240,A,7,9.3,A,7,12800,B,7,1128,A,7,1.8,E,8,0.000,F,8,0.00,F,8,0,1,D,9,00,C,8
04/15/1994,18:00,448,1358,155,1,10,92,1,16,125,1,10,170,1,10,86,1,16,141,1,10,283,1,21,6,A,7,5,A,7,15.0,A,7,8.3,A,7,64,A,7,969,A,7,250,A,7,12.9,A,7,19200,B,7,1006,A,7,1.8,E,8,0.000,F,8,0.00,F,8,0,1,D,9,00,C,8
04/15/1994,19:00,198,1358,50,1,10,15,1,16,48,1,10,55,1,10,11,1,16,53,1,10,118,1,21,8,A,7,8,A,7,11.1,A,7,3.9,A,7,61,A,7,970,A,7,250,A,7,12.9,A,7,19200,B,7,1219,A,7,1.8,E,8,0.000,F,8,0.00,F,8,0,1,D,9,00,C,8
04/15/1994,20:00,11,419,1,1,10,0,1,16,1,1,10,0,1,10,0,1,16,0,1,10,0,1,21,10,A,7,10,A,7,11.1,A,7,3.3,A,7,59,A,7,971,A,7,240,A,7,10.8,A,7,24000,B,7,1676,A,7,1.7,E,8,0.000,F,8,0.00,F,8,0,1,D,9,00,C,8
04/15/1994,21:00,0,0,0,1,0,0,1,0,0,1,0,0,1,0,0,1,0,0,1,0,0,1,0,10,A,7,10,A,7,10.0,A,7,3.3,A,7,63,A,7,971,A,7,240,A,7,12.4,A,7,24000,B,7,1494,A,7,1.7,E,8,0.000,F,8,0.00,F,8,0,1,D,9,00,C,8
04/15/1994,22:00,0,0,0,1,0,0,1,0,0,1,0,0,1,0,0,1,0,0,1,0,0,1,0,10,A,7,10,A,7,9.4,A,7,3.9,A,7,68,A,7,971,A,7,240,A,7,13.4,A,7,24000,B,7,914,A,7,1.7,E,8,0.000,F,8,0.00,F,8,0,1,D,9,00,C,8
04/15/1994,23:00,0,0,0,1,0,0,1,0,0,1,0,0,1,0,0,1,0,0,1,0,0,1,0,10,A,7,10,A,7,8.9,A,7,3.9,A,7,71,A,7,971,A,7,230,A,7,10.3,A,7,24000,B,7,1372,A,7,1.6,E,8,0.000,F,8,0.00,F,8,0,1,D,9,00,C,8
04/15/1994,24:00,0,0,0,1,0,0,1,0,0,1,0,0,1,0,0,1,0,0,1,0,0,1,0,10,A,7,10,A,7,8.9,A,7,3.3,A,7,68,A,7,971,A,7,230,A,7,8.8,A,7,24000,B,7,1524,A,7,1.6,E,8,0.000,F,8,0.00,F,8,0,1,D,9,00,C,8
04/16/1994,01:00,0,0,0,1,0,0,1,0,0,1,0,0,1,0,0,1,0,0,1,0,0,1,0,7,A,7,7,A,7,9.4,A,7,1.1,A,7,56,A,7,971,A,7,230,A,7,9.8,A,7,24000,B,7,1524,A,7,1.6,E,8,0.000,F,8,0.00,F,8,0,1,D,9,00,C,8
04/16/1994,02:00,0,0,0,1,0,0,1,0,0,1,0,0,1,0,0,1,0,0,1,0,0,1,0,0,A,7,0,A,7,8.3,A,7,0.0,A,7,56,A,7,971,A,7,220,A,7,7.7,A,7,24000,B,7,77777,A,7,1.5,E,8,0.000,F,8,0.00,F,8,0,1,D,9,00,C,8
04/16/1994,03:00,0,0,0,1,0,0,1,0,0,1,0,0,1,0,0,1,0,0,1,0,0,1,0,0,A,7,0,A,7,7.8,A,7,-0.6,A,7,55,A,7,970,A,7,240,A,7,9.8,A,7,24000,B,7,77777,A,7,1.5,E,8,0.000,F,8,0.00,F,8,0,1,D,9,00,C,8
04/16/1994,04:00,0,0,0,1,0,0,1,0,0,1,0,0,1,0,0,1,0,0,1,0,0,1,0,5,A,7,5,A,7,7.2,A,7,-0.6,A,7,57,A,7,970,A,7,230,A,7,8.8,A,7,24000,B,7,77777,A,7,1.4,E,8,0.000,F,8,0.00,F,8,0,1,D,9,00,C,8
04/16/1994,05:00,0,0,0,1,0,0,1,0,0,1,0,0,1,0,0,1,0,0,1,0,0,1,0,10,A,7,10,A,7,7.8,A,7,0.0,A,7,58,A,7,970,A,7,240,A,7,10.3,A,7,24000,B,7,1494,A,7,1.4,E,8,0.000,F,8,0.00,F,8,0,1,D,9,00,C,8
04/16/1994,06:00,0,79,0,1,10,0,1,16,0,1,10,0,1,10,0,1,16,0,1,10,0,1,21,10,A,7,10,A,7,7.8,A,7,0.0,A,7,58,A,7,971,A,7,250,A,7,10.3,A,7,24000,B,7,1341,A,7,1.4,E,8,0.000,F,8,0.00,F,8,0,1,D,9,00,C,8
04/16/1994,07:00,132,1357,24,1,10,0,1,16,24,1,10,27,1,10,0,1,16,27,1,10,85,1,21,10,A,7,10,A,7,7.2,A,7,0.6,A,7,63,A,7,971,A,7,250,A,7,9.3,A,7,24000,B,7,1128,A,7,1.3,E,8,0.000,F,8,0.00,F,8,0,1,D,9,00,C,8
04/16/1994,08:00,383,1357,60,1,10,0,1,16,60,1,10,70,1,10,0,1,16,70,1,10,245,1,21,10,A,7,10,A,7,7.2,A,7,0.0,A,7,60,A,7,971,A,7,250,A,7,12.4,A,7,16000,B,7,1463,A,7,1.3,E,8,0.000,F,8,0.00,F,8,0,1,D,9,00,C,8
04/16/1994,09:00,622,1357,109,1,10,0,1,16,109,1,10,129,1,10,0,1,16,129,1,10,481,1,21,10,A,7,10,A,7,7.2,A,7,0.6,A,7,63,A,7,972,A,7,270,A,7,13.4,A,7,16000,B,7,1372,A,7,1.3,E,8,0.000,F,8,0.00,F,8,0,1,D,9,00,C,8
04/16/1994,10:00,829,1357,162,1,10,0,1,16,162,1,10,192,1,10,0,1,16,192,1,10,754,1,21,10,A,7,10,A,7,7.2,A,7,0.6,A,7,63,A,7,972,A,7,280,A,7,14.4,A,7,16000,B,7,1372,A,7,1.3,E,8,0.000,F,8,0.00,F,8,0,1,D,9,00,C,8
04/16/1994,11:00,992,1357,205,1,10,0,1,16,205,1,10,245,1,10,0,1,16,245,1,10,984,1,21,10,A,7,10,A,7,7.2,A,7,0.0,A,7,60,A,7,973,A,7,290,A,7,12.9,A,7,16000,B,7,1219,A,7,1.2,E,8,0.000,F,8,0.00,F,8,0,1,D,9,00,C,8
04/16/1994,12:00,1098,1357,232,1,10,0,1,16,232,1,10,279,1,10,0,1,16,279,1,10,1125,1,21,10,A,7,10,A,7,7.8,A,7,0.0,A,7,58,A,7,974,A,7,270,A,7,11.8,A,7,16000,B,7,1219,A,7,1.2,E,8,0.000,F,8,0.00,F,8,0,1,D,9,00,C,8
04/16/1994,13:00,1140,1357,243,1,10,0,1,16,243,1,10,293,1,10,0,1,16,293,1,10,1177,1,21,10,A,7,10,A,7,7.8,A,7,-1.1,A,7,53,A,7,975,A,7,270,A,7,11.8,A,7,16000,B,7,1219,A,7,1.2,E,8,0.000,F,8,0.00,F,8,0,1,D,9,00,C,8
04/16/1994,14:00,1116,1357,421,1,10,68,1,16,365,1,10,465,1,10,70,1,16,407,1,10,1514,1,21,10,A,7,9,A,7,8.9,A,7,-0.6,A,7,51,A,7,975,A,7,290,A,7,11.3,A,7,16000,B,7,1219,A,7,1.2,E,8,0.000,F,8,0.00,F,8,0,1,D,9,00,C,8
04/16/1994,15:00,1027,1357,232,1,10,83,1,16,169,1,10,266,1,10,89,1,16,198,1,10,558,1,21,10,A,7,9,A,7,8.9,A,7,-1.7,A,7,47,A,7,976,A,7,280,A,7,12.9,A,7,16000,B,7,1676,A,7,1.1,E,8,0.000,F,8,0.00,F,8,0,1,D,9,00,C,8
04/16/1994,16:00,880,1357,491,1,10,340,1,16,270,1,10,530,1,10,364,1,16,294,1,10,714,1,21,8,A,7,8,A,7,11.1,A,7,-2.8,A,7,37,A,7,977,A,7,290,A,7,12.4,A,7,16000,B,7,1981,A,7,1.1,E,8,0.000,F,8,0.00,F,8,0,1,D,9,00,C,8
04/16/1994,17:00,683,1357,399,1,10,349,1,16,223,1,10,424,1,10,362,1,16,242,1,10,514,1,21,5,A,7,5,A,7,11.1,A,7,-5.0,A,7,30,A,7,978,A,7,290,A,7,13.9,A,7,16000,B,7,77777,A,7,1.1,E,8,0.000,F,8,0.00,F,8,0,1,D,9,00,C,8
04/16/1994,18:00,452,1357,248,1,10,248,1,16,165,1,10,258,1,10,231,1,16,181,1,10,355,1,21,3,A,7,3,A,7,11.1,A,7,-6.1,A,7,28,A,7,978,A,7,300,A,7,11.8,A,7,16000,B,7,77777,A,7,1.0,E,8,0.000,F,8,0.00,F,8,0,1,D,9,00,C,8
04/16/1994,19:00,202,1357,69,1,10,140,1,16,48,1,10,73,1,10,88,1,16,60,1,10,88,1,21,2,A,7,2,A,7,10.0,A,7,-5.0,A,7,33,A,7,979,A,7,290,A,7,8.8,A,7,16000,B,7,77777,A,7,1.0,E,8,0.000,F,8,0.00,F,8,0,1,D,9,00,C,8
04/16/1994,20:00,12,464,1,1,10,1,1,16,1,1,10,0,1,10,0,1,16,0,1,10,0,1,21,0,A,7,0,A,7,8.9,A,7,-5.0,A,7,35,A,7,979,A,7,290,A,7,6.7,A,7,16000,B,7,77777,A,7,1.0,E,8,0.000,F,8,0.00,F,8,0,1,D,9,00,C,8
04/16/1994,21:00,0,0,0,1,0,0,1,0,0,1,0,0,1,0,0,1,0,0,1,0,0,1,0,0,A,7,0,A,7,6.7,A,7,-4.4,A,7,43,A,7,980,A,7,270,A,7,5.7,A,7,16000,B,7,77777,A,7,1.0,E,8,0.000,F,8,0.00,F,8,0,1,D,9,00,C,8
04/16/1994,22:00,0,0,0,1,0,0,1,0,0,1,0,0,1,0,0,1,0,0,1,0,0,1,0,0,A,7,0,A,7,4.4,A,7,-3.3,A,7,55,A,7,980,A,7,270,A,7,4.1,A,7,16000,B,7,77777,A,7,0.9,E,8,0.000,F,8,0.00,F,8,0,1,D,9,00,C,8
04/16/1994,23:00,0,0,0,1,0,0,1,0,0,1,0,0,1,0,0,1,0,0,1,0,0,1,0,0,A,7,0,A,7,3.9,A,7,-2.2,A,7,63,A,7,980,A,7,250,A,7,3.6,A,7,16000,B,7,77777,A,7,0.9,E,8,0.000,F,8,0.00,F,8,0,1,D,9,00,C,8
04/16/1994,24:00,0,0,0,1,0,0,1,0,0,1,0,0,1,0,0,1,0,0,1,0,0,1,0,0,A,7,0,A,7,2.8,A,7,-2.8,A,7,65,A,7,981,A,7,270,A,7,3.1,A,7,24000,B,7,77777,A,7,0.9,E,8,0.000,F,8,0.00,F,8,0,1,D,9,00,C,8
04/17/1994,01:00,0,0,0,1,0,0,1,0,0,1,0,0,1,0,0,1,0,0,1,0,0,1,0,0,A,7,0,A,7,1.7,A,7,-2.8,A,7,70,A,7,981,A,7,250,A,7,4.1,A,7,24000,B,7,77777,A,7,0.9,E,8,0.000,F,8,0.00,F,8,0,1,D,9,00,C,8
04/17/1994,02:00,0,0,0,1,0,0,1,0,0,1,0,0,1,0,0,1,0,0,1,0,0,1,0,0,A,7,0,A,7,1.1,A,7,-2.8,A,7,73,A,7,981,A,7,260,A,7,4.1,A,7,24000,B,7,77777,A,7,0.8,E,8,0.000,F,8,0.00,F,8,0,1,D,9,00,C,8
04/17/1994,03:00,0,0,0,1,0,0,1,0,0,1,0,0,1,0,0,1,0,0,1,0,0,1,0,3,A,7,3,A,7,1.1,A,7,-2.8,A,7,73,A,7,981,A,7,250,A,7,3.6,A,7,24000,B,7,77777,A,7,0.8,E,8,0.000,F,8,0.00,F,8,0,1,D,9,00,C,8
04/17/1994,04:00,0,0,0,1,0,0,1,0,0,1,0,0,1,0,0,1,0,0,1,0,0,1,0,2,A,7,2,A,7,3.9,A,7,-1.7,A,7,66,A,7,982,A,7,270,A,7,5.2,A,7,24000,B,7,77777,A,7,0.8,E,8,0.000,F,8,0.00,F,8,0,1,D,9,00,C,8
04/17/1994,05:00,0,0,0,1,0,0,1,0,0,1,0,0,1,0,0,1,0,0,1,0,0,1,0,1,A,7,1,A,7,2.2,A,7,-2.2,A,7,71,A,7,982,A,7,260,A,7,4.6,A,7,24000,B,7,77777,A,7,0.8,E,8,0.000,F,8,0.00,F,8,0,1,D,9,00,C,8
04/17/1994,06:00,1,102,0,1,10,0,1,16,0,1,10,0,1,10,0,1,16,0,1,10,0,1,21,0,A,7,0,A,7,1.7,A,7,-2.8,A,7,70,A,7,982,A,7,260,A,7,4.1,A,7,24000,B,7,77777,A,7,0.7,E,8,0.000,F,8,0.00,F,8,0,1,D,9,00,C,8
04/17/1994,07:00,138,1356,44,1,10,86,1,16,35,1,10,46,1,10,42,1,16,42,1,10,64,1,21,0,A,7,0,A,7,4.4,A,7,-2.2,A,7,61,A,7,983,A,7,260,A,7,6.2,A,7,24000,B,7,77777,A,7,0.7,E,8,0.000,F,8,0.00,F,8,0,1,D,9,00,C,8
04/17/1994,08:00,389,1356,199,1,10,399,1,16,85,1,10,211,1,10,348,1,16,111,1,10,156,1,21,0,A,7,0,A,7,6.7,A,7,-3.9,A,7,45,A,7,983,A,7,290,A,7,7.2,A,7,24000,B,7,77777,A,7,0.7,E,8,0.000,F,8,0.00,F,8,0,1,D,9,00,C,8
04/17/1994,09:00,627,1356,399,1,10,590,1,16,126,1,10,413,1,10,570,1,16,149,1,10,253,1,21,0,A,7,0,A,7,8.3,A,7,-3.9,A,7,40,A,7,984,A,7,280,A,7,8.8,A,7,24000,B,7,77777,A,7,0.8,E,8,0.000,F,8,0.00,F,8,0,1,D,9,00,C,8
04/17/1994,10:00,834,1356,587,1,10,697,1,16,158,1,10,616,1,10,700,1,16,185,1,10,379,1,21,0,A,7,0,A,7,9.4,A,7,-4.4,A,7,36,A,7,984,A,7,280,A,7,9.8,A,7,24000,B,7,77777,A,7,0.8,E,8,0.000,F,8,0.00,F,8,0,1,D,9,00,C,8
04/17/1994,11:00,996,1356,738,1,10,758,1,16,181,1,10,783,1,10,771,1,16,215,1,10,545,1,21,0,A,7,0,A,7,10.6,A,7,-4.4,A,7,33,A,7,984,A,7,280,A,7,10.3,A,7,24000,B,7,77777,A,7,0.8,E,8,0.000,F,8,0.00,F,8,0,1,D,9,00,C,8
04/17/1994,12:00,1102,1356,837,1,10,790,1,16,194,1,10,893,1,10,807,1,16,235,1,10,726,1,21,0,A,7,0,A,7,11.7,A,7,-3.9,A,7,32,A,7,985,A,7,280,A,7,10.3,A,7,24000,B,7,77777,A,7,0.8,E,8,0.000,F,8,0.00,F,8,0,1,D,9,00,C,8
04/17/1994,13:00,1144,1356,876,1,10,802,1,16,199,1,10,937,1,10,821,1,16,243,1,10,831,1,21,0,A,7,0,A,7,12.2,A,7,-2.8,A,7,34,A,7,985,A,7,290,A,7,9.8,A,7,24000,B,7,77777,A,7,0.8,E,8,0.000,F,8,0.00,F,8,0,1,D,9,00,C,8
04/17/1994,14:00,1120,1356,853,1,10,794,1,16,196,1,10,910,1,10,812,1,16,238,1,10,767,1,21,0,A,7,0,A,7,12.2,A,7,-3.3,A,7,33,A,7,985,A,7,270,A,7,11.3,A,7,24000,B,7,77777,A,7,0.9,E,8,0.000,F,8,0.00,F,8,0,1,D,9,00,C,8
04/17/1994,15:00,1031,1356,769,1,10,767,1,16,185,1,10,816,1,10,781,1,16,221,1,10,593,1,21,0,A,7,0,A,7,12.2,A,7,-2.8,A,7,34,A,7,986,A,7,300,A,7,11.3,A,7,24000,B,7,77777,A,7,0.9,E,8,0.000,F,8,0.00,F,8,0,1,D,9,00,C,8
04/17/1994,16:00,883,1356,630,1,10,714,1,16,165,1,10,664,1,10,720,1,16,194,1,10,419,1,21,0,A,7,0,A,7,12.2,A,7,-3.3,A,7,33,A,7,986,A,7,300,A,7,11.3,A,7,24000,B,7,77777,A,7,0.9,E,8,0.000,F,8,0.00,F,8,0,1,D,9,00,C,8
04/17/1994,17:00,687,1356,450,1,10,621,1,16,135,1,10,468,1,10,609,1,16,158,1,10,283,1,21,0,A,7,0,A,7,12.2,A,7,-3.9,A,7,31,A,7,986,A,7,290,A,7,7.2,A,7,16000,B,7,77777,A,7,0.9,E,8,0.000,F,8,0.00,F,8,0,1,D,9,00,C,8
04/17/1994,18:00,456,1356,251,1,10,458,1,16,96,1,10,266,1,10,420,1,16,125,1,10,179,1,21,0,A,7,0,A,7,11.7,A,7,-4.4,A,7,31,A,7,986,A,7,280,A,7,9.8,A,7,16000,B,7,77777,A,7,0.9,E,8,0.000,F,8,0.00,F,8,0,1,D,9,00,C,8
04/17/1994,19:00,206,1356,78,1,10,175,1,16,51,1,10,82,1,10,112,1,16,65,1,10,94,1,21,0,A,7,0,A,7,11.1,A,7,-4.4,A,7,32,A,7,986,A,7,280,A,7,5.7,A,7,16000,B,7,77777,A,7,1.0,E,8,0.000,F,8,0.00,F,8,0,1,D,9,00,C,8
04/17/1994,20:00,14,486,2,1,10,1,1,16,2,1,10,0,1,10,0,1,16,0,1,10,0,1,21,0,A,7,0,A,7,7.8,A,7,-3.3,A,7,44,A,7,986,A,7,270,A,7,4.6,A,7,16000,B,7,77777,A,7,1.0,E,8,0.000,F,8,0.00,F,8,0,1,D,9,00,C,8
04/17/1994,21:00,0,0,0,1,0,0,1,0,0,1,0,0,1,0,0,1,0,0,1,0,0,1,0,0,A,7,0,A,7,7.2,A,7,-3.9,A,7,43,A,7,987,A,7,240,A,7,3.6,A,7,16000,B,7,77777,A,7,1.0,E,8,0.000,F,8,0.00,F,8,0,1,D,9,00,C,8
04/17/1994,22:00,0,0,0,1,0,0,1,0,0,1,0,0,1,0,0,1,0,0,1,0,0,1,0,0,A,7,0,A,7,6.1,A,7,-2.8,A,7,51,A,7,987,A,7,240,A,7,3.6,A,7,16000,B,7,77777,A,7,1.0,E,8,0.000,F,8,0.00,F,8,0,1,D,9,00,C,8
04/17/1994,23:00,0,0,0,1,0,0,1,0,0,1,0,0,1,0,0,1,0,0,1,0,0,1,0,0,A,7,0,A,7,5.6,A,7,-2.8,A,7,53,A,7,987,A,7,250,A,7,3.6,A,7,16000,B,7,77777,A,7,1.0,E,8,0.000,F,8,0.00,F,8,0,1,D,9,00,C,8
04/17/1994,24:00,0,0,0,1,0,0,1,0,0,1,0,0,1,0,0,1,0,0,1,0,0,1,0,0,A,7,0,A,7,5.6,A,7,-3.3,A,7,51,A,7,987,A,7,230,A,7,3.1,A,7,24000,B,7,77777,A,7,1.1,E,8,0.000,F,8,0.00,F,8,0,1,D,9,00,C,8
04/18/1994,01:00,0,0,0,1,0,0,1,0,0,1,0,0,1,0,0,1,0,0,1,0,0,1,0,0,A,7,0,A,7,5.6,A,7,-3.9,A,7,49,A,7,987,A,7,240,A,7,3.1,A,7,24000,B,7,77777,A,7,1.1,E,8,0.000,F,8,0.00,F,8,0,1,D,9,00,C,8
04/18/1994,02:00,0,0,0,1,0,0,1,0,0,1,0,0,1,0,0,1,0,0,1,0,0,1,0,0,A,7,0,A,7,1.7,A,7,-3.9,A,7,64,A,7,987,A,7,240,A,7,2.6,A,7,24000,B,7,77777,A,7,1.1,E,8,0.000,F,8,0.00,F,8,0,1,D,9,00,C,8
04/18/1994,03:00,0,0,0,1,0,0,1,0,0,1,0,0,1,0,0,1,0,0,1,0,0,1,0,0,A,7,0,A,7,1.1,A,7,-3.3,A,7,70,A,7,987,A,7,240,A,7,2.1,A,7,24000,B,7,77777,A,7,1.1,E,8,0.000,F,8,0.00,F,8,0,1,D,9,00,C,8
04/18/1994,04:00,0,0,0,1,0,0,1,0,0,1,0,0,1,0,0,1,0,0,1,0,0,1,0,0,A,7,0,A,7,0.0,A,7,-3.9,A,7,72,A,7,987,A,7,0,A,7,0.0,A,7,24000,B,7,77777,A,7,1.1,E,8,0.000,F,8,0.00,F,8,0,1,D,9,00,C,8
04/18/1994,05:00,0,0,0,1,0,0,1,0,0,1,0,0,1,0,0,1,0,0,1,0,0,1,0,0,A,7,0,A,7,1.1,A,7,-6.1,A,7,55,A,7,987,A,7,190,A,7,1.5,A,7,24000,B,7,77777,A,7,1.2,E,8,0.000,F,8,0.00,F,8,0,1,D,9,00,C,8
04/18/1994,06:00,1,147,0,1,10,0,1,16,0,1,10,0,1,10,0,1,16,0,1,10,0,1,21,0,A,7,0,A,7,-0.6,A,7,-3.3,A,7,80,A,7,987,A,7,0,A,7,0.0,A,7,24000,B,7,77777,A,7,1.2,E,8,0.000,F,8,0.00,F,8,0,1,D,9,00,C,8
04/18/1994,07:00,144,1355,43,1,10,22,1,16,41,1,10,47,1,10,15,1,16,46,1,10,95,1,21,2,A,7,0,A,7,2.8,A,7,-1.1,A,7,75,A,7,987,A,7,90,A,7,2.1,A,7,24000,B,7,77777,A,7,1.2,E,8,0.000,F,8,0.00,F,8,0,1,D,9,00,C,8
04/18/1994,08:00,395,1355,184,1,10,104,1,16,154,1,10,201,1,10,95,1,16,174,1,10,370,1,21,9,A,7,5,A,7,10.0,A,7,0.0,A,7,50,A,7,987,A,7,170,A,7,4.1,A,7,24000,B,7,7620,A,7,1.2,E,8,0.000,F,8,0.00,F,8,0,1,D,9,00,C,8
04/18/1994,09:00,633,1355,156,1,10,0,1,16,156,1,10,179,1,10,0,1,16,179,1,10,642,1,21,10,A,7,10,A,7,11.1,A,7,0.0,A,7,46,A,7,986,A,7,150,A,7,4.1,A,7,19200,B,7,7620,A,7,1.2,E,8,0.000,F,8,0.00,F,8,0,1,D,9,00,C,8
04/18/1994,10:00,839,1355,167,1,10,0,1,16,167,1,10,198,1,10,0,1,16,198,1,10,777,1,21,10,A,7,10,A,7,12.8,A,7,0.0,A,7,41,A,7,985,A,7,130,A,7,4.1,A,7,19200,B,7,2438,A,7,1.2,E,8,0.000,F,8,0.00,F,8,0,1,D,9,00,C,8
04/18/1994,11:00,1001,1355,211,1,10,0,1,16,211,1,10,252,1,10,0,1,16,252,1,10,1011,1,21,10,A,7,10,A,7,15.6,A,7,0.0,A,7,34,A,7,984,A,7,160,A,7,7.2,A,7,19200,B,7,2743,A,7,1.2,E,8,0.000,F,8,0.00,F,8,0,1,D,9,00,C,8
04/18/1994,12:00,1106,1355,239,1,10,0,1,16,239,1,10,287,1,10,0,1,16,287,1,10,1154,1,21,10,A,7,10,A,7,13.3,A,7,4.4,A,7,55,A,7,982,A,7,150,A,7,8.2,A,7,19200,B,7,2896,A,7,1.2,E,8,0.000,F,8,0.00,F,8,0,1,D,9,00,C,8
04/18/1994,13:00,1148,1355,313,1,10,0,1,16,313,1,10,371,1,10,0,1,16,371,1,10,1432,1,21,10,A,7,10,A,7,14.4,A,7,6.7,A,7,60,A,7,980,A,7,150,A,7,7.7,A,7,19200,B,7,3353,A,7,1.2,E,8,0.000,F,8,0.00,F,8,0,1,D,9,80,C,8
04/18/1994,14:00,1123,1355,681,1,10,418,1,16,334,1,10,722,1,10,436,1,16,360,1,10,1342,1,21,10,A,7,4,A,7,17.2,A,7,8.3,A,7,56,A,7,979,A,7,170,A,7,7.2,A,7,19200,B,7,77777,A,7,1.2,E,8,0.000,F,8,0.00,F,8,0,1,D,9,00,C,8
04/18/1994,15:00,1034,1355,667,1,10,423,1,16,344,1,10,723,1,10,457,1,16,374,1,10,1122,1,21,9,A,7,4,A,7,19.4,A,7,8.9,A,7,51,A,7,978,A,7,170,A,7,5.2,A,7,19200,B,7,77777,A,7,1.2,E,8,0.000,F,8,0.00,F,8,0,1,D,9,00,C,8
04/18/1994,16:00,887,1355,536,1,10,460,1,16,235,1,10,569,1,10,475,1,16,258,1,10,606,1,21,3,A,7,3,A,7,22.2,A,7,9.4,A,7,44,A,7,976,A,7,200,A,7,5.7,A,7,16000,B,7,77777,A,7,1.2,E,8,0.000,F,8,0.00,F,8,0,1,D,9,00,C,8
04/18/1994,17:00,691,1355,305,1,10,147,1,16,230,1,10,332,1,10,151,1,16,255,1,10,577,1,21,6,A,7,6,A,7,22.2,A,7,9.4,A,7,44,A,7,976,A,7,190,A,7,4.1,A,7,19200,B,7,4572,A,7,1.2,E,8,0.000,F,8,0.00,F,8,0,1,D,9,00,C,8
04/18/1994,18:00,460,1355,181,1,10,175,1,16,121,1,10,198,1,10,166,1,16,141,1,10,275,1,21,5,A,7,4,A,7,23.3,A,7,8.9,A,7,40,A,7,975,A,7,250,A,7,6.2,A,7,16000,B,7,77777,A,7,1.2,E,8,0.000,F,8,0.00,F,8,0,1,D,9,00,C,8
04/18/1994,19:00,211,1355,70,1,10,69,1,16,59,1,10,76,1,10,48,1,16,68,1,10,125,1,21,0,A,7,0,A,7,22.2,A,7,8.9,A,7,43,A,7,975,A,7,230,A,7,5.7,A,7,16000,B,7,77777,A,7,1.2,E,8,0.000,F,8,0.00,F,8,0,1,D,9,00,C,8
04/18/1994,20:00,15,508,2,1,10,0,1,16,2,1,10,0,1,10,0,1,16,0,1,10,0,1,21,1,A,7,1,A,7,20.0,A,7,8.3,A,7,47,A,7,974,A,7,220,A,7,5.2,A,7,16000,B,7,77777,A,7,1.3,E,8,0.000,F,8,0.00,F,8,0,1,D,9,00,C,8
04/18/1994,21:00,0,0,0,1,0,0,1,0,0,1,0,0,1,0,0,1,0,0,1,0,0,1,0,0,A,7,0,A,7,20.0,A,7,8.3,A,7,47,A,7,974,A,7,210,A,7,6.2,A,7,16000,B,7,77777,A,7,1.3,E,8,0.000,F,8,0.00,F,8,0,1,D,9,00,C,8
04/18/1994,22:00,0,0,0,1,0,0,1,0,0,1,0,0,1,0,0,1,0,0,1,0,0,1,0,1,A,7,1,A,7,20.0,A,7,8.3,A,7,47,A,7,974,A,7,220,A,7,7.2,A,7,16000,B,7,77777,A,7,1.3,E,8,0.000,F,8,0.00,F,8,0,1,D,9,00,C,8
04/18/1994,23:00,0,0,0,1,0,0,1,0,0,1,0,0,1,0,0,1,0,0,1,0,0,1,0,7,A,7,7,A,7,20.6,A,7,7.8,A,7,44,A,7,975,A,7,230,A,7,10.3,A,7,16000,B,7,3048,A,7,1.3,E,8,0.000,F,8,0.00,F,8,0,1,D,9,00,C,8
04/18/1994,24:00,0,0,0,1,0,0,1,0,0,1,0,0,1,0,0,1,0,0,1,0,0,1,0,10,A,7,10,A,7,20.0,A,7,7.8,A,7,45,A,7,975,A,7,230,A,7,6.2,A,7,16000,B,7,3353,A,7,1.3,E,8,0.000,F,8,0.00,F,8,0,1,D,9,17,C,8
04/19/1994,01:00,0,0,0,1,0,0,1,0,0,1,0,0,1,0,0,1,0,0,1,0,0,1,0,10,A,7,10,A,7,18.9,A,7,10.0,A,7,56,A,7,975,A,7,230,A,7,7.2,A,7,19200,B,7,3048,A,7,1.3,E,8,0.000,F,8,0.00,F,8,3,1,D,9,00,C,8
04/19/1994,02:00,0,0,0,1,0,0,1,0,0,1,0,0,1,0,0,1,0,0,1,0,0,1,0,10,A,7,10,A,7,18.3,A,7,10.0,A,7,58,A,7,976,A,7,280,A,7,6.2,A,7,24000,B,7,2134,A,7,1.3,E,8,0.000,F,8,0.00,F,8,0,1,D,9,00,C,8
04/19/1994,03:00,0,0,0,1,0,0,1,0,0,1,0,0,1,0,0,1,0,0,1,0,0,1,0,3,A,7,3,A,7,13.3,A,7,5.6,A,7,60,A,7,978,A,7,350,A,7,7.2,A,7,24000,B,7,77777,A,7,1.3,E,8,0.000,F,8,0.00,F,8,0,1,D,9,00,C,8
04/19/1994,04:00,0,0,0,1,0,0,1,0,0,1,0,0,1,0,0,1,0,0,1,0,0,1,0,0,A,7,0,A,7,10.6,A,7,3.3,A,7,61,A,7,980,A,7,360,A,7,5.7,A,7,24000,B,7,77777,A,7,1.3,E,8,0.000,F,8,0.00,F,8,0,1,D,9,00,C,8
04/19/1994,05:00,0,0,0,1,0,0,1,0,0,1,0,0,1,0,0,1,0,0,1,0,0,1,0,0,A,7,0,A,7,8.9,A,7,2.2,A,7,63,A,7,981,A,7,340,A,7,7.2,A,7,24000,B,7,77777,A,7,1.3,E,8,0.000,F,8,0.00,F,8,0,1,D,9,00,C,8
04/19/1994,06:00,2,169,0,1,10,2,1,16,0,1,10,0,1,10,0,1,16,0,1,10,0,1,21,0,A,7,0,A,7,7.8,A,7,2.2,A,7,68,A,7,982,A,7,340,A,7,4.1,A,7,24000,B,7,77777,A,7,1.3,E,8,0.000,F,8,0.00,F,8,0,1,D,9,00,C,8
04/19/1994,07:00,150,1355,56,1,10,141,1,16,41,1,10,59,1,10,73,1,16,51,1,10,76,1,21,6,A,7,1,A,7,7.8,A,7,2.2,A,7,68,A,7,983,A,7,340,A,7,4.1,A,7,24000,B,7,77777,A,7,1.3,E,8,0.000,F,8,0.00,F,8,0,1,D,9,00,C,8
04/19/1994,08:00,401,1355,209,1,10,482,1,16,67,1,10,218,1,10,425,1,16,92,1,10,127,1,21,2,A,7,1,A,7,9.4,A,7,2.2,A,7,61,A,7,984,A,7,350,A,7,5.2,A,7,24000,B,7,77777,A,7,1.3,E,8,0.000,F,8,0.00,F,8,0,1,D,9,00,C,8
04/19/1994,09:00,638,1355,417,1,10,689,1,16,93,1,10,443,1,10,678,1,16,123,1,10,198,1,21,1,A,7,0,A,7,10.6,A,7,1.7,A,7,54,A,7,984,A,7,330,A,7,4.1,A,7,24000,B,7,77777,A,7,1.3,E,8,0.000,F,8,0.00,F,8,0,1,D,9,00,C,8
04/19/1994,10:00,844,1355,615,1,10,808,1,16,111,1,10,646,1,10,807,1,16,142,1,10,263,1,21,0,A,7,0,A,7,11.7,A,7,1.1,A,7,48,A,7,985,A,7,320,A,7,4.6,A,7,24000,B,7,77777,A,7,1.2,E,8,0.000,F,8,0.00,F,8,0,1,D,9,00,C,8
04/19/1994,11:00,1005,1355,762,1,10,857,1,16,126,1,10,810,1,10,865,1,16,166,1,10,372,1,21,0,A,7,0,A,7,12.8,A,7,0.6,A,7,43,A,7,985,A,7,280,A,7,7.2,A,7,24000,B,7,77777,A,7,1.2,E,8,0.000,F,8,0.00,F,8,0,1,D,9,00,C,8
04/19/1994,12:00,1110,1355,858,1,10,882,1,16,134,1,10,882,1,10,882,1,16,157,1,10,381,1,21,0,A,7,0,A,7,13.9,A,7,-0.6,A,7,37,A,7,985,A,7,270,A,7,4.6,A,7,24000,B,7,77777,A,7,1.2,E,8,0.000,F,8,0.00,F,8,0,1,D,9,00,C,8
04/19/1994,13:00,1152,1355,896,1,10,892,1,16,138,1,10,921,1,10,892,1,16,161,1,10,440,1,21,0,A,7,0,A,7,15.6,A,7,-1.7,A,7,30,A,7,984,A,7,300,A,7,7.2,A,7,24000,B,7,77777,A,7,1.2,E,8,0.000,F,8,0.00,F,8,0,1,D,9,00,C,8
04/19/1994,14:00,1127,1355,874,1,10,887,1,16,136,1,10,899,1,10,887,1,16,159,1,10,403,1,21,0,A,7,0,A,7,16.7,A,7,-2.2,A,7,27,A,7,984,A,7,280,A,7,6.7,A,7,24000,B,7,77777,A,7,1.2,E,8,0.000,F,8,0.00,F,8,0,1,D,9,00,C,8
04/19/1994,15:00,1038,1355,577,1,10,366,1,16,297,1,10,634,1,10,397,1,16,329,1,10,953,1,21,8,A,7,3,A,7,16.1,A,7,-3.3,A,7,25,A,7,984,A,7,290,A,7,10.8,A,7,24000,B,7,77777,A,7,1.2,E,8,0.000,F,8,0.00,F,8,0,1,D,9,00,C,8
04/19/1994,16:00,890,1355,622,1,10,696,1,16,164,1,10,655,1,10,703,1,16,192,1,10,422,1,21,7,A,7,1,A,7,15.0,A,7,-3.9,A,7,26,A,7,984,A,7,300,A,7,9.8,A,7,16000,B,7,77777,A,7,1.2,E,8,0.000,F,8,0.00,F,8,0,1,D,9,00,C,8
04/19/1994,17:00,694,1355,481,1,10,751,1,16,96,1,10,500,1,10,735,1,16,122,1,10,200,1,21,0,A,7,0,A,7,15.0,A,7,-2.2,A,7,30,A,7,984,A,7,270,A,7,9.3,A,7,16000,B,7,77777,A,7,1.1,E,8,0.000,F,8,0.00,F,8,0,1,D,9,00,C,8
04/19/1994,18:00,464,1355,282,1,10,616,1,16,71,1,10,296,1,10,567,1,16,101,1,10,139,1,21,0,A,7,0,A,7,14.4,A,7,-2.2,A,7,31,A,7,983,A,7,260,A,7,10.8,A,7,16000,B,7,77777,A,7,1.1,E,8,0.000,F,8,0.00,F,8,0,1,D,9,00,C,8
04/19/1994,19:00,215,1355,96,1,10,339,1,16,42,1,10,98,1,10,235,1,16,61,1,10,75,1,21,0,A,7,0,A,7,13.9,A,7,-2.2,A,7,32,A,7,984,A,7,290,A,7,8.8,A,7,16000,B,7,77777,A,7,1.1,E,8,0.000,F,8,0.00,F,8,0,1,D,9,00,C,8
04/19/1994,20:00,17,531,3,1,10,18,1,16,2,1,10,0,1,10,0,1,16,0,1,10,0,1,21,0,A,7,0,A,7,12.2,A,7,-3.3,A,7,33,A,7,985,A,7,300,A,7,5.2,A,7,16000,B,7,77777,A,7,1.1,E,8,0.000,F,8,0.00,F,8,0,1,D,9,00,C,8
04/19/1994,21:00,0,0,0,1,0,0,1,0,0,1,0,0,1,0,0,1,0,0,1,0,0,1,0,0,A,7,0,A,7,9.4,A,7,-3.3,A,7,39,A,7,986,A,7,300,A,7,4.6,A,7,16000,B,7,77777,A,7,1.1,E,8,0.000,F,8,0.00,F,8,0,1,D,9,00,C,8
04/19/1994,22:00,0,0,0,1,0,0,1,0,0,1,0,0,1,0,0,1,0,0,1,0,0,1,0,0,A,7,0,A,7,8.9,A,7,-2.8,A,7,42,A,7,987,A,7,340,A,7,3.1,A,7,16000,B,7,77777,A,7,1.1,E,8,0.000,F,8,0.00,F,8,0,1,D,9,00,C,8
04/19/1994,23:00,0,0,0,1,0,0,1,0,0,1,0,0,1,0,0,1,0,0,1,0,0,1,0,0,A,7,0,A,7,3.9,A,7,0.0,A,7,76,A,7,988,A,7,70,A,7,2.1,A,7,16000,B,7,77777,A,7,1.1,E,8,0.000,F,8,0.00,F,8,0,1,D,9,00,C,8
04/19/1994,24:00,0,0,0,1,0,0,1,0,0,1,0,0,1,0,0,1,0,0,1,0,0,1,0,0,A,7,0,A,7,2.2,A,7,0.0,A,7,85,A,7,988,A,7,50,A,7,2.6,A,7,19200,B,7,77777,A,7,1.0,E,8,0.000,F,8,0.00,F,8,0,1,D,9,00,C,8
04/20/1994,01:00,0,0,0,1,0,0,1,0,0,1,0,0,1,0,0,1,0,0,1,0,0,1,0,0,A,7,0,A,7,0.6,A,7,-1.7,A,7,83,A,7,988,A,7,0,A,7,0.0,A,7,16000,B,7,77777,A,7,1.0,E,8,0.000,F,8,0.00,F,8,0,1,D,9,00,C,8
04/20/1994,02:00,0,0,0,1,0,0,1,0,0,1,0,0,1,0,0,1,0,0,1,0,0,1,0,0,A,7,0,A,7,-0.6,A,7,-2.2,A,7,88,A,7,989,A,7,0,A,7,0.0,A,7,24000,B,7,77777,A,7,1.0,E,8,0.000,F,8,0.00,F,8,0,1,D,9,00,C,8
04/20/1994,03:00,0,0,0,1,0,0,1,0,0,1,0,0,1,0,0,1,0,0,1,0,0,1,0,0,A,7,0,A,7,-1.1,A,7,-2.2,A,7,91,A,7,989,A,7,0,A,7,0.0,A,7,24000,B,7,77777,A,7,1.0,E,8,0.000,F,8,0.00,F,8,0,1,D,9,00,C,8
04/20/1994,04:00,0,0,0,1,0,0,1,0,0,1,0,0,1,0,0,1,0,0,1,0,0,1,0,0,A,7,0,A,7,-0.6,A,7,-1.7,A,7,91,A,7,990,A,7,150,A,7,1.5,A,7,24000,B,7,77777,A,7,1.0,E,8,0.000,F,8,0.00,F,8,0,1,D,9,00,C,8
04/20/1994,05:00,0,0,0,1,0,0,1,0,0,1,0,0,1,0,0,1,0,0,1,0,0,1,0,0,A,7,0,A,7,-2.2,A,7,-2.8,A,7,95,A,7,990,A,7,0,A,7,0.0,A,7,24000,B,7,77777,A,7,1.0,E,8,0.000,F,8,0.00,F,8,0,1,D,9,00,C,8
04/20/1994,06:00,3,214,0,1,10,1,1,16,0,1,10,0,1,10,0,1,16,0,1,10,0,1,21,0,A,7,0,A,7,-2.2,A,7,-3.3,A,7,91,A,7,990,A,7,0,A,7,0.0,A,7,24000,B,7,77777,A,7,1.0,E,8,0.000,F,8,0.00,F,8,0,1,D,9,00,C,8
04/20/1994,07:00,156,1354,58,1,10,194,1,16,36,1,10,61,1,10,109,1,16,48,1,10,64,1,21,0,A,7,0,A,7,1.7,A,7,0.6,A,7,92,A,7,991,A,7,220,A,7,2.1,A,7,24000,B,7,77777,A,7,0.9,E,8,0.000,F,8,0.00,F,8,0,1,D,9,00,C,8
04/20/1994,08:00,407,1354,229,1,10,522,1,16,72,1,10,237,1,10,461,1,16,98,1,10,135,1,21,0,A,7,0,A,7,5.6,A,7,1.7,A,7,76,A,7,992,A,7,250,A,7,3.1,A,7,24000,B,7,77777,A,7,1.0,E,8,0.000,F,8,0.00,F,8,0,1,D,9,00,C,8
04/20/1994,09:00,643,1354,401,1,10,573,1,16,129,1,10,416,1,10,556,1,16,151,1,10,262,1,21,7,A,7,1,A,7,8.3,A,7,-1.7,A,7,48,A,7,992,A,7,240,A,7,4.6,A,7,24000,B,7,77777,A,7,1.0,E,8,0.000,F,8,0.00,F,8,0,1,D,9,00,C,8
04/20/1994,10:00,849,1354,504,1,10,462,1,16,214,1,10,537,1,10,475,1,16,238,1,10,526,1,21,8,A,7,3,A,7,9.4,A,7,-7.8,A,7,27,A,7,992,A,7,330,A,7,3.6,A,7,24000,B,7,77777,A,7,1.0,E,8,0.000,F,8,0.00,F,8,0,1,D,9,00,C,8
04/20/1994,11:00,1010,1354,706,1,10,668,1,16,207,1,10,742,1,10,676,1,16,237,1,10,631,1,21,7,A,7,2,A,7,11.1,A,7,-5.0,A,7,30,A,7,992,A,7,290,A,7,5.7,A,7,16000,B,7,77777,A,7,1.1,E,8,0.000,F,8,0.00,F,8,0,1,D,9,00,C,8
04/20/1994,12:00,1114,1354,731,1,10,572,1,16,260,1,10,795,1,10,598,1,16,302,1,10,1008,1,21,9,A,7,3,A,7,11.7,A,7,-6.1,A,7,27,A,7,991,A,7,270,A,7,4.6,A,7,24000,B,7,77777,A,7,1.1,E,8,0.000,F,8,0.00,F,8,0,1,D,9,00,C,8
04/20/1994,13:00,1155,1354,863,1,10,777,1,16,200,1,10,925,1,10,796,1,16,244,1,10,867,1,21,7,A,7,1,A,7,12.2,A,7,-6.7,A,7,24,A,7,990,A,7,260,A,7,6.2,A,7,24000,B,7,77777,A,7,1.1,E,8,0.000,F,8,0.00,F,8,0,1,D,9,00,C,8
04/20/1994,14:00,1130,1354,819,1,10,752,1,16,191,1,10,878,1,10,770,1,16,233,1,10,774,1,21,5,A,7,1,A,7,13.3,A,7,-5.6,A,7,25,A,7,990,A,7,270,A,7,7.7,A,7,24000,B,7,77777,A,7,1.1,E,8,0.000,F,8,0.00,F,8,0,1,D,9,00,C,8
04/20/1994,15:00,1041,1354,718,1,10,666,1,16,206,1,10,758,1,10,676,1,16,238,1,10,669,1,21,10,A,7,5,A,7,13.9,A,7,-6.1,A,7,23,A,7,989,A,7,270,A,7,8.2,A,7,24000,B,7,77777,A,7,1.2,E,8,0.000,F,8,0.00,F,8,0,1,D,9,00,C,8
04/20/1994,16:00,894,1354,229,1,10,0,1,16,229,1,10,268,1,10,0,1,16,268,1,10,1023,1,21,10,A,7,10,A,7,11.7,A,7,-6.7,A,7,25,A,7,989,A,7,270,A,7,9.3,A,7,24000,B,7,7620,A,7,1.2,E,8,0.000,F,8,0.00,F,8,0,1,D,9,00,C,8
04/20/1994,17:00,698,1354,167,1,10,0,1,16,167,1,10,193,1,10,0,1,16,193,1,10,711,1,21,10,A,7,10,A,7,11.1,A,7,-6.1,A,7,28,A,7,989,A,7,280,A,7,8.2,A,7,24000,B,7,7620,A,7,1.2,E,8,0.000,F,8,0.00,F,8,0,1,D,9,00,C,8
04/20/1994,18:00,468,1354,239,1,10,60,1,16,218,1,10,260,1,10,58,1,16,241,1,10,512,1,21,10,A,7,8,A,7,10.0,A,7,-7.2,A,7,27,A,7,990,A,7,280,A,7,9.3,A,7,24000,B,7,7620,A,7,1.2,E,8,0.000,F,8,0.00,F,8,0,1,D,9,00,C,8
04/20/1994,19:00,219,1354,60,1,10,49,1,16,52,1,10,66,1,10,35,1,16,60,1,10,110,1,21,10,A,7,5,A,7,8.9,A,7,-8.3,A,7,26,A,7,990,A,7,290,A,7,7.7,A,7,24000,B,7,77777,A,7,1.3,E,8,0.000,F,8,0.00,F,8,0,1,D,9,00,C,8
04/20/1994,20:00,19,553,4,1,10,4,1,16,4,1,10,0,1,10,0,1,16,0,1,10,0,1,21,9,A,7,3,A,7,6.7,A,7,-6.7,A,7,35,A,7,990,A,7,290,A,7,4.1,A,7,24000,B,7,77777,A,7,1.3,E,8,0.000,F,8,0.00,F,8,0,1,D,9,00,C,8
04/20/1994,21:00,0,0,0,1,0,0,1,0,0,1,0,0,1,0,0,1,0,0,1,0,0,1,0,7,A,7,4,A,7,4.4,A,7,-6.7,A,7,41,A,7,990,A,7,290,A,7,3.6,A,7,24000,B,7,77777,A,7,1.3,E,8,0.000,F,8,0.00,F,8,0,1,D,9,00,C,8
04/20/1994,22:00,0,0,0,1,0,0,1,0,0,1,0,0,1,0,0,1,0,0,1,0,0,1,0,8,A,7,3,A,7,4.4,A,7,-6.1,A,7,44,A,7,990,A,7,290,A,7,2.1,A,7,24000,B,7,77777,A,7,1.3,E,8,0.000,F,8,0.00,F,8,0,1,D,9,00,C,8
04/20/1994,23:00,0,0,0,1,0,0,1,0,0,1,0,0,1,0,0,1,0,0,1,0,0,1,0,6,A,7,2,A,7,1.1,A,7,-4.4,A,7,64,A,7,991,A,7,270,A,7,3.1,A,7,24000,B,7,77777,A,7,1.4,E,8,0.000,F,8,0.00,F,8,0,1,D,9,00,C,8
04/20/1994,24:00,0,0,0,1,0,0,1,0,0,1,0,0,1,0,0,1,0,0,1,0,0,1,0,3,A,7,0,A,7,1.7,A,7,-5.6,A,7,55,A,7,991,A,7,270,A,7,2.6,A,7,24000,B,7,77777,A,7,1.4,E,8,0.000,F,8,0.00,F,8,0,1,D,9,00,C,8
04/21/1994,01:00,0,0,0,1,0,0,1,0,0,1,0,0,1,0,0,1,0,0,1,0,0,1,0,0,A,7,0,A,7,3.3,A,7,-5.6,A,7,49,A,7,991,A,7,330,A,7,4.6,A,7,24000,B,7,77777,A,7,1.4,E,8,0.000,F,8,0.00,F,8,0,1,D,9,00,C,8
04/21/1994,02:00,0,0,0,1,0,0,1,0,0,1,0,0,1,0,0,1,0,0,1,0,0,1,0,0,A,7,0,A,7,2.8,A,7,-4.4,A,7,57,A,7,991,A,7,360,A,7,5.2,A,7,24000,B,7,77777,A,7,1.4,E,8,0.000,F,8,0.00,F,8,0,1,D,9,00,C,8
04/21/1994,03:00,0,0,0,1,0,0,1,0,0,1,0,0,1,0,0,1,0,0,1,0,0,1,0,0,A,7,0,A,7,1.1,A,7,-4.4,A,7,64,A,7,992,A,7,30,A,7,2.1,A,7,24000,B,7,77777,A,7,1.5,E,8,0.000,F,8,0.00,F,8,0,1,D,9,00,C,8
04/21/1994,04:00,0,0,0,1,0,0,1,0,0,1,0,0,1,0,0,1,0,0,1,0,0,1,0,0,A,7,0,A,7,-1.7,A,7,-5.0,A,7,76,A,7,992,A,7,60,A,7,1.5,A,7,24000,B,7,77777,A,7,1.5,E,8,0.000,F,8,0.00,F,8,0,1,D,9,00,C,8
04/21/1994,05:00,0,0,0,1,0,0,1,0,0,1,0,0,1,0,0,1,0,0,1,0,0,1,0,0,A,7,0,A,7,-2.2,A,7,-5.0,A,7,79,A,7,992,A,7,0,A,7,0.0,A,7,24000,B,7,77777,A,7,1.5,E,8,0.000,F,8,0.00,F,8,0,1,D,9,00,C,8
04/21/1994,06:00,4,237,0,1,10,4,1,16,0,1,10,0,1,10,0,1,16,0,1,10,0,1,21,0,A,7,0,A,7,-3.3,A,7,-5.6,A,7,82,A,7,993,A,7,0,A,7,0.0,A,7,24000,B,7,77777,A,7,1.5,E,8,0.000,F,8,0.00,F,8,0,1,D,9,00,C,8
04/21/1994,07:00,163,1353,64,1,10,243,1,16,35,1,10,67,1,10,139,1,16,51,1,10,62,1,21,0,A,7,0,A,7,1.1,A,7,-3.9,A,7,67,A,7,993,A,7,170,A,7,1.5,A,7,24000,B,7,77777,A,7,1.6,E,8,0.000,F,8,0.00,F,8,0,1,D,9,00,C,8
04/21/1994,08:00,412,1353,237,1,10,562,1,16,66,1,10,248,1,10,501,1,16,95,1,10,126,1,21,0,A,7,0,A,7,5.0,A,7,-5.6,A,7,44,A,7,994,A,7,130,A,7,2.6,A,7,16000,B,7,77777,A,7,1.5,E,8,0.000,F,8,0.00,F,8,0,1,D,9,00,C,8
04/21/1994,09:00,648,1353,437,1,10,718,1,16,92,1,10,464,1,10,709,1,16,123,1,10,197,1,21,0,A,7,0,A,7,7.8,A,7,-8.9,A,7,27,A,7,994,A,7,0,A,7,0.0,A,7,16000,B,7,77777,A,7,1.5,E,8,0.000,F,8,0.00,F,8,0,1,D,9,00,C,8
04/21/1994,10:00,854,1353,615,1,10,790,1,16,116,1,10,644,1,10,788,1,16,145,1,10,274,1,21,1,A,7,0,A,7,9.4,A,7,-10.6,A,7,21,A,7,994,A,7,130,A,7,3.6,A,7,16000,B,7,77777,A,7,1.5,E,8,0.000,F,8,0.00,F,8,0,1,D,9,00,C,8
04/21/1994,11:00,1014,1353,727,1,10,753,1,16,162,1,10,778,1,10,771,1,16,199,1,10,512,1,21,4,A,7,1,A,7,11.1,A,7,-11.1,A,7,18,A,7,993,A,7,330,A,7,2.1,A,7,16000,B,7,77777,A,7,1.4,E,8,0.000,F,8,0.00,F,8,0,1,D,9,00,C,8
04/21/1994,12:00,1118,1353,752,1,10,617,1,16,241,1,10,791,1,10,624,1,16,274,1,10,926,1,21,4,A,7,4,A,7,11.1,A,7,-8.9,A,7,22,A,7,993,A,7,330,A,7,2.1,A,7,16000,B,7,77777,A,7,1.4,E,8,0.000,F,8,0.00,F,8,0,1,D,9,00,C,8
04/21/1994,13:00,1159,1353,775,1,10,715,1,16,162,1,10,818,1,10,721,1,16,199,1,10,659,1,21,4,A,7,1,A,7,11.7,A,7,-7.8,A,7,23,A,7,992,A,7,290,A,7,3.6,A,7,16000,B,7,77777,A,7,1.3,E,8,0.000,F,8,0.00,F,8,0,1,D,9,00,C,8
04/21/1994,14:00,1134,1353,822,1,10,798,1,16,153,1,10,870,1,10,806,1,16,194,1,10,584,1,21,4,A,7,1,A,7,12.2,A,7,-9.4,A,7,19,A,7,992,A,7,170,A,7,2.1,A,7,16000,B,7,77777,A,7,1.3,E,8,0.000,F,8,0.00,F,8,0,1,D,9,00,C,8
04/21/1994,15:00,1044,1353,738,1,10,768,1,16,145,1,10,776,1,10,773,1,16,179,1,10,446,1,21,4,A,7,1,A,7,12.8,A,7,-7.8,A,7,21,A,7,991,A,7,320,A,7,2.1,A,7,16000,B,7,77777,A,7,1.3,E,8,0.000,F,8,0.00,F,8,0,1,D,9,00,C,8
04/21/1994,16:00,897,1353,654,1,10,795,1,16,127,1,10,683,1,10,794,1,16,156,1,10,309,1,21,2,A,7,0,A,7,13.3,A,7,-7.8,A,7,21,A,7,990,A,7,340,A,7,4.1,A,7,24000,B,7,77777,A,7,1.2,E,8,0.000,F,8,0.00,F,8,0,1,D,9,00,C,8
04/21/1994,17:00,701,1353,479,1,10,730,1,16,100,1,10,510,1,10,729,1,16,131,1,10,222,1,21,1,A,7,0,A,7,13.3,A,7,-7.8,A,7,21,A,7,990,A,7,330,A,7,5.7,A,7,24000,B,7,77777,A,7,1.2,E,8,0.000,F,8,0.00,F,8,0,1,D,9,00,C,8
04/21/1994,18:00,471,1353,287,1,10,617,1,16,72,1,10,301,1,10,571,1,16,102,1,10,141,1,21,0,A,7,0,A,7,13.3,A,7,-7.8,A,7,21,A,7,990,A,7,310,A,7,5.7,A,7,24000,B,7,77777,A,7,1.2,E,8,0.000,F,8,0.00,F,8,0,1,D,9,00,C,8
04/21/1994,19:00,224,1353,101,1,10,347,1,16,44,1,10,103,1,10,244,1,16,63,1,10,78,1,21,0,A,7,0,A,7,11.7,A,7,-8.3,A,7,22,A,7,990,A,7,350,A,7,4.1,A,7,24000,B,7,77777,A,7,1.1,E,8,0.000,F,8,0.00,F,8,0,1,D,9,00,C,8
04/21/1994,20:00,21,575,4,1,10,21,1,16,3,1,10,0,1,10,0,1,16,0,1,10,0,1,21,0,A,7,0,A,7,8.3,A,7,-8.3,A,7,28,A,7,990,A,7,340,A,7,3.1,A,7,24000,B,7,77777,A,7,1.1,E,8,0.000,F,8,0.00,F,8,0,1,D,9,00,C,8
04/21/1994,21:00,0,0,0,1,0,0,1,0,0,1,0,0,1,0,0,1,0,0,1,0,0,1,0,0,A,7,0,A,7,7.8,A,7,-8.9,A,7,27,A,7,991,A,7,360,A,7,6.2,A,7,24000,B,7,77777,A,7,1.1,E,8,0.000,F,8,0.00,F,8,0,1,D,9,00,C,8
04/21/1994,22:00,0,0,0,1,0,0,1,0,0,1,0,0,1,0,0,1,0,0,1,0,0,1,0,0,A,7,0,A,7,5.6,A,7,-10.0,A,7,29,A,7,992,A,7,360,A,7,3.6,A,7,24000,B,7,77777,A,7,1.0,E,8,0.000,F,8,0.00,F,8,0,1,D,9,00,C,8
04/21/1994,23:00,0,0,0,1,0,0,1,0,0,1,0,0,1,0,0,1,0,0,1,0,0,1,0,0,A,7,0,A,7,4.4,A,7,-9.4,A,7,33,A,7,991,A,7,360,A,7,4.1,A,7,24000,B,7,77777,A,7,1.0,E,8,0.000,F,8,0.00,F,8,0,1,D,9,00,C,8
04/21/1994,24:00,0,0,0,1,0,0,1,0,0,1,0,0,1,0,0,1,0,0,1,0,0,1,0,0,A,7,0,A,7,2.2,A,7,-10.0,A,7,36,A,7,992,A,7,350,A,7,3.1,A,7,24000,B,7,77777,A,7,1.0,E,8,0.000,F,8,0.00,F,8,0,1,D,9,00,C,8
04/22/1994,01:00,0,0,0,1,0,0,1,0,0,1,0,0,1,0,0,1,0,0,1,0,0,1,0,0,A,7,0,A,7,1.7,A,7,-10.6,A,7,36,A,7,992,A,7,360,A,7,3.1,A,7,24000,B,7,77777,A,7,0.9,E,8,0.000,F,8,0.00,F,8,0,1,D,9,00,C,8
04/22/1994,02:00,0,0,0,1,0,0,1,0,0,1,0,0,1,0,0,1,0,0,1,0,0,1,0,0,A,7,0,A,7,0.6,A,7,-9.4,A,7,43,A,7,992,A,7,360,A,7,3.6,A,7,24000,B,7,77777,A,7,0.9,E,8,0.000,F,8,0.00,F,8,0,1,D,9,00,C,8
04/22/1994,03:00,0,0,0,1,0,0,1,0,0,1,0,0,1,0,0,1,0,0,1,0,0,1,0,0,A,7,0,A,7,0.0,A,7,-9.4,A,7,45,A,7,992,A,7,360,A,7,3.6,A,7,24000,B,7,77777,A,7,0.8,E,8,0.000,F,8,0.00,F,8,0,1,D,9,00,C,8
04/22/1994,04:00,0,0,0,1,0,0,1,0,0,1,0,0,1,0,0,1,0,0,1,0,0,1,0,0,A,7,0,A,7,-1.1,A,7,-8.9,A,7,51,A,7,992,A,7,360,A,7,2.6,A,7,24000,B,7,77777,A,7,0.8,E,8,0.000,F,8,0.00,F,8,0,1,D,9,00,C,8
04/22/1994,05:00,0,0,0,1,0,0,1,0,0,1,0,0,1,0,0,1,0,0,1,0,0,1,0,0,A,7,0,A,7,-1.7,A,7,-8.3,A,7,57,A,7,993,A,7,10,A,7,2.1,A,7,24000,B,7,77777,A,7,0.8,E,8,0.000,F,8,0.00,F,8,0,1,D,9,00,C,8
04/22/1994,06:00,5,282,0,1,10,3,1,16,0,1,10,0,1,10,0,1,16,0,1,10,0,1,21,0,A,7,0,A,7,-2.2,A,7,-8.3,A,7,59,A,7,994,A,7,10,A,7,2.6,A,7,24000,B,7,77777,A,7,0.7,E,8,0.000,F,8,0.00,F,8,0,1,D,9,00,C,8
04/22/1994,07:00,168,1352,66,1,10,224,1,16,38,1,10,69,1,10,131,1,16,53,1,10,68,1,21,0,A,7,0,A,7,0.6,A,7,-7.2,A,7,52,A,7,994,A,7,10,A,7,3.6,A,7,24000,B,7,77777,A,7,0.7,E,8,0.000,F,8,0.00,F,8,0,1,D,9,00,C,8
04/22/1994,08:00,418,1352,241,1,10,545,1,16,72,1,10,250,1,10,486,1,16,99,1,10,136,1,21,0,A,7,0,A,7,3.3,A,7,-7.8,A,7,41,A,7,995,A,7,10,A,7,3.1,A,7,16000,B,7,77777,A,7,0.7,E,8,0.000,F,8,0.00,F,8,0,1,D,9,00,C,8
04/22/1994,09:00,654,1352,444,1,10,708,1,16,101,1,10,469,1,10,698,1,16,131,1,10,215,1,21,0,A,7,0,A,7,5.6,A,7,-7.2,A,7,37,A,7,995,A,7,20,A,7,2.6,A,7,16000,B,7,77777,A,7,0.7,E,8,0.000,F,8,0.00,F,8,0,1,D,9,00,C,8
04/22/1994,10:00,858,1352,630,1,10,796,1,16,124,1,10,655,1,10,792,1,16,151,1,10,287,1,21,0,A,7,0,A,7,7.8,A,7,-7.8,A,7,30,A,7,995,A,7,50,A,7,3.6,A,7,16000,B,7,77777,A,7,0.8,E,8,0.000,F,8,0.00,F,8,0,1,D,9,00,C,8
04/22/1994,11:00,1018,1352,777,1,10,845,1,16,141,1,10,817,1,10,850,1,16,176,1,10,414,1,21,0,A,7,0,A,7,8.9,A,7,-8.3,A,7,26,A,7,995,A,7,240,A,7,2.1,A,7,16000,B,7,77777,A,7,0.8,E,8,0.000,F,8,0.00,F,8,0,1,D,9,00,C,8
04/22/1994,12:00,1122,1352,873,1,10,871,1,16,150,1,10,925,1,10,879,1,16,193,1,10,556,1,21,0,A,7,0,A,7,10.6,A,7,-8.3,A,7,24,A,7,994,A,7,70,A,7,3.6,A,7,16000,B,7,77777,A,7,0.8,E,8,0.000,F,8,0.00,F,8,0,1,D,9,00,C,8
04/22/1994,13:00,1162,1352,910,1,10,880,1,16,154,1,10,967,1,10,889,1,16,201,1,10,642,1,21,0,A,7,0,A,7,12.8,A,7,-6.7,A,7,23,A,7,994,A,7,360,A,7,4.1,A,7,16000,B,7,77777,A,7,0.8,E,8,0.000,F,8,0.00,F,8,0,1,D,9,00,C,8
04/22/1994,14:00,1137,1352,886,1,10,874,1,16,151,1,10,940,1,10,883,1,16,196,1,10,584,1,21,0,A,7,0,A,7,12.8,A,7,-8.9,A,7,19,A,7,993,A,7,330,A,7,3.1,A,7,16000,B,7,77777,A,7,0.8,E,8,0.000,F,8,0.00,F,8,0,1,D,9,00,C,8
04/22/1994,15:00,1048,1352,803,1,10,851,1,16,143,1,10,846,1,10,857,1,16,181,1,10,446,1,21,0,A,7,0,A,7,12.8,A,7,-9.4,A,7,19,A,7,992,A,7,300,A,7,3.6,A,7,16000,B,7,77777,A,7,0.9,E,8,0.000,F,8,0.00,F,8,0,1,D,9,00,C,8
04/22/1994,16:00,900,1352,666,1,10,807,1,16,129,1,10,695,1,10,806,1,16,158,1,10,314,1,21,0,A,7,0,A,7,13.3,A,7,-8.3,A,7,20,A,7,991,A,7,10,A,7,3.1,A,7,24000,B,7,77777,A,7,0.9,E,8,0.000,F,8,0.00,F,8,0,1,D,9,00,C,8
04/22/1994,17:00,705,1352,488,1,10,729,1,16,107,1,10,517,1,10,727,1,16,137,1,10,236,1,21,0,A,7,0,A,7,13.9,A,7,-8.3,A,7,19,A,7,991,A,7,40,A,7,2.6,A,7,24000,B,7,77777,A,7,0.9,E,8,0.000,F,8,0.00,F,8,0,1,D,9,00,C,8
04/22/1994,18:00,475,1352,287,1,10,589,1,16,79,1,10,299,1,10,544,1,16,107,1,10,153,1,21,0,A,7,0,A,7,13.3,A,7,-8.9,A,7,19,A,7,991,A,7,0,A,7,0.0,A,7,24000,B,7,77777,A,7,0.9,E,8,0.000,F,8,0.00,F,8,0,1,D,9,00,C,8
04/22/1994,19:00,228,1352,101,1,10,317,1,16,47,1,10,106,1,10,219,1,16,69,1,10,84,1,21,0,A,7,0,A,7,11.1,A,7,-6.1,A,7,28,A,7,990,A,7,280,A,7,3.1,A,7,24000,B,7,77777,A,7,0.9,E,8,0.000,F,8,0.00,F,8,0,1,D,9,00,C,8
04/22/1994,20:00,22,597,4,1,10,16,1,16,4,1,10,0,1,10,0,1,16,0,1,10,0,1,21,0,A,7,0,A,7,10.0,A,7,-7.2,A,7,27,A,7,990,A,7,190,A,7,2.6,A,7,24000,B,7,77777,A,7,0.9,E,8,0.000,F,8,0.00,F,8,0,1,D,9,00,C,8
04/22/1994,21:00,0,0,0,1,0,0,1,0,0,1,0,0,1,0,0,1,0,0,1,0,0,1,0,0,A,7,0,A,7,6.7,A,7,-3.9,A,7,45,A,7,991,A,7,290,A,7,4.1,A,7,24000,B,7,77777,A,7,1.0,E,8,0.000,F,8,0.00,F,8,0,1,D,9,00,C,8
04/22/1994,22:00,0,0,0,1,0,0,1,0,0,1,0,0,1,0,0,1,0,0,1,0,0,1,0,0,A,7,0,A,7,6.1,A,7,-5.0,A,7,43,A,7,991,A,7,260,A,7,2.1,A,7,24000,B,7,77777,A,7,1.0,E,8,0.000,F,8,0.00,F,8,0,1,D,9,00,C,8
04/22/1994,23:00,0,0,0,1,0,0,1,0,0,1,0,0,1,0,0,1,0,0,1,0,0,1,0,0,A,7,0,A,7,3.3,A,7,-4.4,A,7,55,A,7,991,A,7,190,A,7,1.5,A,7,24000,B,7,77777,A,7,1.0,E,8,0.000,F,8,0.00,F,8,0,1,D,9,00,C,8
04/22/1994,24:00,0,0,0,1,0,0,1,0,0,1,0,0,1,0,0,1,0,0,1,0,0,1,0,0,A,7,0,A,7,1.1,A,7,-3.3,A,7,70,A,7,991,A,7,0,A,7,0.0,A,7,24000,B,7,77777,A,7,1.0,E,8,0.000,F,8,0.00,F,8,0,1,D,9,00,C,8
04/23/1994,01:00,0,0,0,1,0,0,1,0,0,1,0,0,1,0,0,1,0,0,1,0,0,1,0,0,A,7,0,A,7,0.0,A,7,-3.9,A,7,72,A,7,990,A,7,220,A,7,1.5,A,7,32000,B,7,77777,A,7,1.0,E,8,0.000,F,8,0.00,F,8,0,1,D,9,00,C,8
04/23/1994,02:00,0,0,0,1,0,0,1,0,0,1,0,0,1,0,0,1,0,0,1,0,0,1,0,0,A,7,0,A,7,-1.7,A,7,-3.9,A,7,83,A,7,990,A,7,290,A,7,1.5,A,7,32000,B,7,77777,A,7,1.1,E,8,0.000,F,8,0.00,F,8,0,1,D,9,00,C,8
04/23/1994,03:00,0,0,0,1,0,0,1,0,0,1,0,0,1,0,0,1,0,0,1,0,0,1,0,0,A,7,0,A,7,-2.2,A,7,-5.6,A,7,75,A,7,990,A,7,240,A,7,1.5,A,7,32000,B,7,77777,A,7,1.1,E,8,0.000,F,8,0.00,F,8,0,1,D,9,00,C,8
04/23/1994,04:00,0,0,0,1,0,0,1,0,0,1,0,0,1,0,0,1,0,0,1,0,0,1,0,0,A,7,0,A,7,-1.1,A,7,-5.6,A,7,68,A,7,990,A,7,220,A,7,1.5,A,7,32000,B,7,77777,A,7,1.1,E,8,0.000,F,8,0.00,F,8,0,1,D,9,00,C,8
04/23/1994,05:00,0,0,0,1,0,0,1,0,0,1,0,0,1,0,0,1,0,0,1,0,0,1,0,0,A,7,0,A,7,-1.1,A,7,-5.6,A,7,68,A,7,990,A,7,230,A,7,1.5,A,7,24000,B,7,77777,A,7,1.1,E,8,0.000,F,8,0.00,F,8,0,1,D,9,00,C,8
04/23/1994,06:00,6,327,0,1,10,0,1,16,0,1,10,0,1,10,0,1,16,0,1,10,0,1,21,2,A,7,0,A,7,-0.6,A,7,-6.1,A,7,63,A,7,991,A,7,240,A,7,2.6,A,7,24000,B,7,77777,A,7,1.1,E,8,0.000,F,8,0.00,F,8,0,1,D,9,00,C,8
04/23/1994,07:00,174,1352,61,1,10,72,1,16,52,1,10,66,1,10,45,1,16,60,1,10,109,1,21,6,A,7,1,A,7,2.8,A,7,-5.6,A,7,51,A,7,991,A,7,230,A,7,4.1,A,7,24000,B,7,77777,A,7,1.2,E,8,0.000,F,8,0.00,F,8,0,1,D,9,00,C,8
04/23/1994,08:00,423,1352,219,1,10,332,1,16,115,1,10,233,1,10,304,1,16,138,1,10,229,1,21,5,A,7,0,A,7,7.2,A,7,-5.6,A,7,38,A,7,991,A,7,230,A,7,4.1,A,7,16000,B,7,77777,A,7,1.2,E,8,0.000,F,8,0.00,F,8,0,1,D,9,00,C,8
04/23/1994,09:00,659,1352,392,1,10,471,1,16,162,1,10,414,1,10,470,1,16,185,1,10,338,1,21,5,A,7,1,A,7,12.2,A,7,-5.6,A,7,27,A,7,991,A,7,240,A,7,4.6,A,7,16000,B,7,77777,A,7,1.3,E,8,0.000,F,8,0.00,F,8,0,1,D,9,00,C,8
04/23/1994,10:00,863,1352,574,1,10,580,1,16,203,1,10,616,1,10,598,1,16,233,1,10,505,1,21,5,A,7,1,A,7,14.4,A,7,-3.9,A,7,27,A,7,990,A,7,250,A,7,6.2,A,7,16000,B,7,77777,A,7,1.3,E,8,0.000,F,8,0.00,F,8,0,1,D,9,00,C,8
04/23/1994,11:00,1022,1352,709,1,10,630,1,16,232,1,10,740,1,10,634,1,16,260,1,10,716,1,21,4,A,7,1,A,7,16.1,A,7,-6.7,A,7,19,A,7,989,A,7,260,A,7,7.2,A,7,16000,B,7,77777,A,7,1.4,E,8,0.000,F,8,0.00,F,8,0,1,D,9,00,C,8
04/23/1994,12:00,1125,1352,805,1,10,649,1,16,264,1,10,842,1,10,654,1,16,297,1,10,1028,1,21,7,A,7,2,A,7,16.7,A,7,-6.1,A,7,19,A,7,988,A,7,240,A,7,6.2,A,7,16000,B,7,77777,A,7,1.4,E,8,0.000,F,8,0.00,F,8,0,1,D,9,00,C,8
04/23/1994,13:00,1166,1352,835,1,10,603,1,16,315,1,10,898,1,10,630,1,16,353,1,10,1432,1,21,8,A,7,3,A,7,18.3,A,7,-3.9,A,7,21,A,7,987,A,7,210,A,7,8.2,A,7,16000,B,7,77777,A,7,1.5,E,8,0.000,F,8,0.00,F,8,0,1,D,9,00,C,8
04/23/1994,14:00,1140,1352,801,1,10,629,1,16,270,1,10,838,1,10,633,1,16,303,1,10,1095,1,21,5,A,7,2,A,7,18.9,A,7,-3.3,A,7,21,A,7,986,A,7,240,A,7,6.2,A,7,16000,B,7,77777,A,7,1.5,E,8,0.000,F,8,0.00,F,8,0,1,D,9,00,C,8
04/23/1994,15:00,1051,1352,708,1,10,591,1,16,248,1,10,738,1,10,594,1,16,275,1,10,807,1,21,5,A,7,3,A,7,18.9,A,7,-3.3,A,7,21,A,7,985,A,7,230,A,7,9.3,A,7,16000,B,7,77777,A,7,1.6,E,8,0.000,F,8,0.00,F,8,0,1,D,9,00,C,8
04/23/1994,16:00,903,1352,603,1,10,602,1,16,200,1,10,627,1,10,603,1,16,224,1,10,511,1,21,2,A,7,0,A,7,19.4,A,7,-4.4,A,7,19,A,7,983,A,7,230,A,7,8.2,A,7,24000,B,7,77777,A,7,1.6,E,8,0.000,F,8,0.00,F,8,0,1,D,9,00,C,8
04/23/1994,17:00,708,1352,456,1,10,524,1,16,181,1,10,482,1,10,528,1,16,204,1,10,392,1,21,5,A,7,0,A,7,18.9,A,7,-5.0,A,7,18,A,7,982,A,7,210,A,7,7.7,A,7,24000,B,7,77777,A,7,1.7,E,8,0.000,F,8,0.00,F,8,0,1,D,9,00,C,8
04/23/1994,18:00,479,1352,189,1,10,187,1,16,123,1,10,203,1,10,179,1,16,139,1,10,246,1,21,9,A,7,4,A,7,18.3,A,7,-5.0,A,7,19,A,7,981,A,7,230,A,7,8.8,A,7,24000,B,7,77777,A,7,1.7,E,8,0.000,F,8,0.00,F,8,0,1,D,9,00,C,8
04/23/1994,19:00,232,1352,93,1,10,131,1,16,70,1,10,100,1,10,95,1,16,84,1,10,149,1,21,6,A,7,0,A,7,17.2,A,7,-5.0,A,7,20,A,7,981,A,7,210,A,7,6.7,A,7,24000,B,7,77777,A,7,1.8,E,8,0.000,F,8,0.00,F,8,0,1,D,9,00,C,8
04/23/1994,20:00,24,642,5,1,10,1,1,16,5,1,10,0,1,10,0,1,16,0,1,10,0,1,21,6,A,7,0,A,7,15.6,A,7,-5.0,A,7,23,A,7,980,A,7,210,A,7,5.7,A,7,24000,B,7,77777,A,7,1.8,E,8,0.000,F,8,0.00,F,8,0,1,D,9,00,C,8
04/23/1994,21:00,0,0,0,1,0,0,1,0,0,1,0,0,1,0,0,1,0,0,1,0,0,1,0,6,A,7,0,A,7,13.9,A,7,-5.0,A,7,25,A,7,980,A,7,210,A,7,6.7,A,7,24000,B,7,77777,A,7,1.9,E,8,0.000,F,8,0.00,F,8,0,1,D,9,00,C,8
04/23/1994,22:00,0,0,0,1,0,0,1,0,0,1,0,0,1,0,0,1,0,0,1,0,0,1,0,6,A,7,1,A,7,12.8,A,7,-4.4,A,7,29,A,7,980,A,7,200,A,7,6.2,A,7,24000,B,7,77777,A,7,1.9,E,8,0.000,F,8,0.00,F,8,0,1,D,9,00,C,8
04/23/1994,23:00,0,0,0,1,0,0,1,0,0,1,0,0,1,0,0,1,0,0,1,0,0,1,0,5,A,7,0,A,7,12.8,A,7,-4.4,A,7,29,A,7,979,A,7,200,A,7,6.7,A,7,24000,B,7,77777,A,7,2.0,E,8,0.000,F,8,0.00,F,8,0,1,D,9,00,C,8
04/23/1994,24:00,0,0,0,1,0,0,1,0,0,1,0,0,1,0,0,1,0,0,1,0,0,1,0,2,A,7,0,A,7,13.3,A,7,-3.9,A,7,29,A,7,979,A,7,220,A,7,7.2,A,7,24000,B,7,77777,A,7,2.0,E,8,0.000,F,8,0.00,F,8,0,1,D,9,00,C,8
04/24/1994,01:00,0,0,0,1,0,0,1,0,0,1,0,0,1,0,0,1,0,0,1,0,0,1,0,6,A,7,5,A,7,13.3,A,7,-1.7,A,7,35,A,7,979,A,7,240,A,7,6.7,A,7,24000,B,7,3658,A,7,2.1,E,8,0.000,F,8,0.00,F,8,0,1,D,9,00,C,8
04/24/1994,02:00,0,0,0,1,0,0,1,0,0,1,0,0,1,0,0,1,0,0,1,0,0,1,0,1,A,7,1,A,7,12.8,A,7,-0.6,A,7,39,A,7,978,A,7,230,A,7,6.7,A,7,24000,B,7,77777,A,7,2.1,E,8,0.000,F,8,0.00,F,8,0,1,D,9,00,C,8
04/24/1994,03:00,0,0,0,1,0,0,1,0,0,1,0,0,1,0,0,1,0,0,1,0,0,1,0,2,A,7,2,A,7,11.7,A,7,0.0,A,7,44,A,7,978,A,7,210,A,7,5.7,A,7,24000,B,7,77777,A,7,2.2,E,8,0.000,F,8,0.00,F,8,0,1,D,9,00,C,8
04/24/1994,04:00,0,0,0,1,0,0,1,0,0,1,0,0,1,0,0,1,0,0,1,0,0,1,0,6,A,7,5,A,7,11.7,A,7,0.6,A,7,46,A,7,978,A,7,220,A,7,6.2,A,7,24000,B,7,4572,A,7,2.2,E,8,0.000,F,8,0.00,F,8,0,1,D,9,00,C,8
04/24/1994,05:00,0,0,0,1,0,0,1,0,0,1,0,0,1,0,0,1,0,0,1,0,0,1,0,0,A,7,0,A,7,12.2,A,7,1.1,A,7,47,A,7,977,A,7,240,A,7,7.2,A,7,24000,B,7,77777,A,7,2.3,E,8,0.000,F,8,0.00,F,8,0,1,D,9,00,C,8
04/24/1994,06:00,7,349,2,1,10,3,1,16,2,1,10,0,1,10,0,1,16,0,1,10,0,1,21,6,A,7,5,A,7,11.7,A,7,1.7,A,7,50,A,7,978,A,7,230,A,7,4.6,A,7,19200,B,7,3962,A,7,2.3,E,8,0.000,F,8,0.00,F,8,0,1,D,9,00,C,8
04/24/1994,07:00,180,1351,66,1,10,168,1,16,43,1,10,68,1,10,102,1,16,54,1,10,77,1,21,2,A,7,2,A,7,13.3,A,7,2.2,A,7,47,A,7,978,A,7,230,A,7,5.7,A,7,16000,B,7,77777,A,7,2.4,E,8,0.000,F,8,0.00,F,8,0,1,D,9,00,C,8
04/24/1994,08:00,429,1351,122,1,10,74,1,16,98,1,10,134,1,10,69,1,16,112,1,10,221,1,21,9,A,7,9,A,7,15.0,A,7,2.8,A,7,44,A,7,978,A,7,240,A,7,5.2,A,7,16000,B,7,1524,A,7,2.4,E,8,0.000,F,8,0.00,F,8,0,1,D,9,00,C,8
04/24/1994,09:00,663,1351,135,1,10,0,1,16,135,1,10,158,1,10,0,1,16,158,1,10,589,1,21,10,A,7,10,A,7,13.9,A,7,5.0,A,7,55,A,7,978,A,7,230,A,7,2.6,A,7,11200,B,7,1524,A,7,2.4,E,8,0.000,F,8,0.00,F,8,13,1,D,9,00,C,8
04/24/1994,10:00,867,1351,186,1,10,0,1,16,186,1,10,220,1,10,0,1,16,220,1,10,861,1,21,10,A,7,10,A,7,16.1,A,7,6.7,A,7,54,A,7,978,A,7,200,A,7,5.2,A,7,9600,B,7,1524,A,7,2.4,E,8,0.000,F,8,0.00,F,8,10,1,D,9,17,C,8
04/24/1994,11:00,1026,1351,225,1,10,0,1,16,225,1,10,269,1,10,0,1,16,269,1,10,1076,1,21,10,A,7,10,A,7,19.4,A,7,9.4,A,7,52,A,7,977,A,7,250,A,7,7.2,A,7,16100,B,7,1500,A,7,2.4,E,8,0.000,F,8,0.00,F,8,0,1,D,9,81,C,8
04/24/1994,12:00,1129,1351,449,1,10,112,1,16,355,1,10,496,1,10,120,1,16,396,1,10,1385,1,21,9,A,7,9,A,7,18.3,A,7,11.1,A,7,63,A,7,978,A,7,240,A,7,6.2,A,7,16000,B,7,1524,A,7,2.5,E,8,0.000,F,8,0.00,F,8,3,1,D,9,80,C,8
04/24/1994,13:00,1169,1351,603,1,10,328,1,16,319,1,10,669,1,10,357,1,16,359,1,10,1352,1,21,7,A,7,7,A,7,20.0,A,7,10.0,A,7,53,A,7,977,A,7,220,A,7,7.7,A,7,16000,B,7,1829,A,7,2.5,E,8,0.000,F,8,0.00,F,8,13,1,D,9,00,C,8
04/24/1994,14:00,1143,1351,667,1,10,547,1,16,204,1,10,713,1,10,559,1,16,238,1,10,859,1,21,4,A,7,4,A,7,26.1,A,7,12.2,A,7,42,A,7,976,A,7,240,A,7,10.3,A,7,16000,B,7,77777,A,7,2.5,E,8,0.000,F,8,0.00,F,8,0,1,D,9,00,C,8
04/24/1994,15:00,1054,1351,671,1,10,671,1,16,146,1,10,726,1,10,692,1,16,185,1,10,506,1,21,4,A,7,4,A,7,26.1,A,7,12.8,A,7,44,A,7,976,A,7,250,A,7,11.3,A,7,16000,B,7,77777,A,7,2.5,E,8,0.000,F,8,0.00,F,8,0,1,D,9,00,C,8
04/24/1994,16:00,907,1351,241,1,10,93,1,16,178,1,10,272,1,10,99,1,16,205,1,10,519,1,21,9,A,7,9,A,7,25.0,A,7,12.2,A,7,45,A,7,975,A,7,240,A,7,9.3,A,7,19200,B,7,7620,A,7,2.5,E,8,0.000,F,8,0.00,F,8,0,1,D,9,00,C,8
04/24/1994,17:00,712,1351,387,1,10,315,1,16,221,1,10,414,1,10,329,1,16,241,1,10,513,1,21,6,A,7,5,A,7,24.4,A,7,11.7,A,7,45,A,7,975,A,7,250,A,7,9.3,A,7,19200,B,7,7620,A,7,2.5,E,8,0.000,F,8,0.00,F,8,0,1,D,9,17,C,8
04/24/1994,18:00,483,1351,91,1,10,0,1,16,91,1,10,106,1,10,0,1,16,106,1,10,375,1,21,10,A,7,10,A,7,24.4,A,7,12.2,A,7,46,A,7,975,A,7,230,A,7,4.6,A,7,19200,B,7,2896,A,7,2.5,E,8,0.000,F,8,0.00,F,8,0,1,D,9,00,C,8
04/24/1994,19:00,236,1351,54,1,10,39,1,16,47,1,10,59,1,10,30,1,16,54,1,10,122,1,21,9,A,7,9,A,7,23.3,A,7,11.7,A,7,48,A,7,975,A,7,210,A,7,4.1,A,7,19200,B,7,2896,A,7,2.5,E,8,0.000,F,8,0.00,F,8,0,1,D,9,00,C,8
04/24/1994,20:00,26,664,4,1,10,0,1,16,4,1,10,5,1,10,0,1,16,5,1,10,16,1,21,10,A,7,10,A,7,22.8,A,7,12.8,A,7,53,A,7,976,A,7,230,A,7,4.6,A,7,19200,B,7,3353,A,7,2.5,E,8,0.000,F,8,0.00,F,8,0,1,D,9,00,C,8
04/24/1994,21:00,0,0,0,1,0,0,1,0,0,1,0,0,1,0,0,1,0,0,1,0,0,1,0,10,A,7,10,A,7,22.2,A,7,13.3,A,7,57,A,7,976,A,7,240,A,7,4.1,A,7,19200,B,7,2591,A,7,2.5,E,8,0.000,F,8,0.00,F,8,0,1,D,9,80,C,8
04/24/1994,22:00,0,0,0,1,0,0,1,0,0,1,0,0,1,0,0,1,0,0,1,0,0,1,0,10,A,7,10,A,7,17.8,A,7,16.1,A,7,90,A,7,977,A,7,310,A,7,4.1,A,7,6400,B,7,1676,A,7,2.6,E,8,0.000,F,8,0.00,F,8,10,1,D,9,80,C,8
04/24/1994,23:00,0,0,0,1,0,0,1,0,0,1,0,0,1,0,0,1,0,0,1,0,0,1,0,10,A,7,10,A,7,17.2,A,7,16.1,A,7,93,A,7,977,A,7,320,A,7,3.6,A,7,6400,B,7,1524,A,7,2.6,E,8,0.000,F,8,0.00,F,8,10,1,D,9,80,C,8
04/24/1994,24:00,0,0,0,1,0,0,1,0,0,1,0,0,1,0,0,1,0,0,1,0,0,1,0,9,A,7,9,A,7,16.1,A,7,16.1,A,7,100,A,7,976,A,7,180,A,7,3.6,A,7,6400,B,7,2438,A,7,2.6,E,8,0.000,F,8,0.00,F,8,18,1,D,9,80,C,8
04/25/1994,01:00,0,0,0,1,0,0,1,0,0,1,0,0,1,0,0,1,0,0,1,0,0,1,0,10,A,7,10,A,7,16.7,A,7,16.1,A,7,96,A,7,975,A,7,150,A,7,3.6,A,7,6400,B,7,2438,A,7,2.6,E,8,0.000,F,8,0.00,F,8,0,1,D,9,45,C,8
04/25/1994,02:00,0,0,0,1,0,0,1,0,0,1,0,0,1,0,0,1,0,0,1,0,0,1,0,10,A,7,10,A,7,17.2,A,7,15.6,A,7,90,A,7,975,A,7,180,A,7,4.1,A,7,9600,B,7,1981,A,7,2.6,E,8,0.000,F,8,0.00,F,8,0,1,D,9,45,C,8
04/25/1994,03:00,0,0,0,1,0,0,1,0,0,1,0,0,1,0,0,1,0,0,1,0,0,1,0,10,A,7,9,A,7,16.7,A,7,13.3,A,7,80,A,7,975,A,7,310,A,7,2.6,A,7,16000,B,7,2286,A,7,2.6,E,8,0.000,F,8,0.00,F,8,0,1,D,9,45,C,8
04/25/1994,04:00,0,0,0,1,0,0,1,0,0,1,0,0,1,0,0,1,0,0,1,0,0,1,0,10,A,7,10,A,7,14.4,A,7,13.3,A,7,93,A,7,975,A,7,130,A,7,1.5,A,7,16000,B,7,3048,A,7,2.6,E,8,0.000,F,8,0.00,F,8,0,1,D,9,00,C,8
04/25/1994,05:00,0,0,0,1,0,0,1,0,0,1,0,0,1,0,0,1,0,0,1,0,0,1,0,9,A,7,4,A,7,16.1,A,7,11.7,A,7,75,A,7,975,A,7,210,A,7,4.1,A,7,16000,B,7,77777,A,7,2.6,E,8,0.000,F,8,0.00,F,8,0,1,D,9,00,C,8
04/25/1994,06:00,9,394,1,1,10,0,1,16,1,1,10,0,1,10,0,1,16,0,1,10,0,1,21,10,A,7,5,A,7,17.2,A,7,11.1,A,7,67,A,7,976,A,7,240,A,7,4.1,A,7,16000,B,7,77777,A,7,2.6,E,8,0.000,F,8,0.00,F,8,0,1,D,9,00,C,8
04/25/1994,07:00,186,1350,54,1,10,50,1,16,47,1,10,59,1,10,33,1,16,54,1,10,99,1,21,10,A,7,5,A,7,16.7,A,7,11.7,A,7,72,A,7,976,A,7,220,A,7,2.6,A,7,16000,B,7,77777,A,7,2.6,E,8,0.000,F,8,0.00,F,8,0,1,D,9,00,C,8
04/25/1994,08:00,434,1350,192,1,10,199,1,16,128,1,10,203,1,10,184,1,16,144,1,10,260,1,21,9,A,7,4,A,7,18.3,A,7,12.8,A,7,70,A,7,976,A,7,220,A,7,3.6,A,7,14400,B,7,77777,A,7,2.7,E,8,0.000,F,8,0.00,F,8,0,1,D,9,00,C,8
04/25/1994,09:00,668,1350,312,1,10,324,1,16,151,1,10,333,1,10,324,1,16,172,1,10,314,1,21,9,A,7,4,A,7,21.1,A,7,13.3,A,7,61,A,7,976,A,7,230,A,7,6.2,A,7,19200,B,7,77777,A,7,2.7,E,8,0.000,F,8,0.00,F,8,0,1,D,9,00,C,8
04/25/1994,10:00,872,1350,571,1,10,594,1,16,187,1,10,595,1,10,594,1,16,210,1,10,461,1,21,6,A,7,2,A,7,23.3,A,7,14.4,A,7,57,A,7,976,A,7,220,A,7,5.7,A,7,19200,B,7,77777,A,7,2.7,E,8,0.000,F,8,0.00,F,8,0,1,D,9,00,C,8
04/25/1994,11:00,1030,1350,751,1,10,764,1,16,168,1,10,804,1,10,782,1,16,206,1,10,548,1,21,3,A,7,0,A,7,25.0,A,7,14.4,A,7,52,A,7,976,A,7,220,A,7,6.7,A,7,19200,B,7,77777,A,7,2.7,E,8,0.000,F,8,0.00,F,8,0,1,D,9,00,C,8
04/25/1994,12:00,1132,1350,848,1,10,825,1,16,156,1,10,896,1,10,832,1,16,197,1,10,594,1,21,1,A,7,1,A,7,26.7,A,7,15.0,A,7,49,A,7,975,A,7,230,A,7,6.2,A,7,19200,B,7,77777,A,7,2.7,E,8,0.000,F,8,0.00,F,8,0,1,D,9,00,C,8
04/25/1994,13:00,1172,1350,605,1,10,377,1,16,277,1,10,659,1,10,395,1,16,315,1,10,1282,1,21,5,A,7,5,A,7,27.2,A,7,15.0,A,7,47,A,7,975,A,7,250,A,7,7.7,A,7,19200,B,7,77777,A,7,2.7,E,8,0.000,F,8,0.00,F,8,0,1,D,9,00,C,8
04/25/1994,14:00,1146,1350,568,1,10,235,1,16,368,1,10,621,1,10,255,1,16,404,1,10,1500,1,21,7,A,7,7,A,7,27.8,A,7,14.4,A,7,44,A,7,975,A,7,250,A,7,7.2,A,7,16000,B,7,1676,A,7,2.8,E,8,0.000,F,8,0.00,F,8,0,1,D,9,00,C,8
04/25/1994,15:00,1057,1350,683,1,10,308,1,16,442,1,10,729,1,10,332,1,16,469,1,10,1563,1,21,8,A,7,8,A,7,28.3,A,7,13.9,A,7,41,A,7,975,A,7,230,A,7,7.7,A,7,16000,B,7,1829,A,7,2.8,E,8,0.000,F,8,0.00,F,8,0,1,D,9,00,C,8
04/25/1994,16:00,910,1350,187,1,10,0,1,16,187,1,10,223,1,10,0,1,16,223,1,10,883,1,21,10,A,7,10,A,7,27.2,A,7,14.4,A,7,45,A,7,974,A,7,220,A,7,6.2,A,7,16000,B,7,1829,A,7,2.8,E,8,0.000,F,8,0.00,F,8,0,1,D,9,00,C,8
04/25/1994,17:00,715,1350,137,1,10,0,1,16,137,1,10,162,1,10,0,1,16,162,1,10,617,1,21,10,A,7,10,A,7,24.4,A,7,15.6,A,7,58,A,7,974,A,7,230,A,7,2.1,A,7,12800,B,7,1829,A,7,2.8,E,8,0.000,F,8,0.00,F,8,0,1,D,9,00,C,8
04/25/1994,18:00,487,1350,81,1,10,0,1,16,81,1,10,95,1,10,0,1,16,95,1,10,342,1,21,10,A,7,10,A,7,21.7,A,7,17.2,A,7,76,A,7,974,A,7,290,A,7,2.1,A,7,11200,B,7,1829,A,7,2.8,E,8,0.000,F,8,0.00,F,8,8,1,D,9,17,C,8
04/25/1994,19:00,240,1350,38,1,10,0,1,16,38,1,10,44,1,10,0,1,16,44,1,10,145,1,21,10,A,7,10,A,7,20.6,A,7,17.2,A,7,81,A,7,975,A,7,40,A,7,3.1,A,7,11200,B,7,1829,A,7,2.9,E,8,0.000,F,8,0.00,F,8,0,1,D,9,00,C,8
04/25/1994,20:00,28,686,4,1,10,0,1,16,4,1,10,5,1,10,0,1,16,5,1,10,16,1,21,10,A,7,10,A,7,15.6,A,7,14.4,A,7,93,A,7,975,A,7,100,A,7,2.6,A,7,4800,B,7,1676,A,7,2.9,E,8,0.000,F,8,0.00,F,8,0,1,D,9,00,C,8
04/25/1994,21:00,0,0,0,1,0,0,1,0,0,1,0,0,1,0,0,1,0,0,1,0,0,1,0,10,A,7,10,A,7,15.0,A,7,14.4,A,7,96,A,7,976,A,7,350,A,7,2.1,A,7,4800,B,7,1829,A,7,2.9,E,8,0.000,F,8,0.00,F,8,43,1,D,9,17,C,8
04/25/1994,22:00,0,0,0,1,0,0,1,0,0,1,0,0,1,0,0,1,0,0,1,0,0,1,0,10,A,7,10,A,7,15.0,A,7,14.4,A,7,96,A,7,977,A,7,350,A,7,2.1,A,7,4800,B,7,1676,A,7,2.9,E,8,0.000,F,8,0.00,F,8,0,1,D,9,45,C,8
04/25/1994,23:00,0,0,0,1,0,0,1,0,0,1,0,0,1,0,0,1,0,0,1,0,0,1,0,10,A,7,10,A,7,15.6,A,7,15.6,A,7,100,A,7,977,A,7,90,A,7,2.1,A,7,4800,B,7,1433,A,7,2.9,E,8,0.000,F,8,0.00,F,8,23,1,D,9,17,C,8
04/25/1994,24:00,0,0,0,1,0,0,1,0,0,1,0,0,1,0,0,1,0,0,1,0,0,1,0,10,A,7,10,A,7,16.1,A,7,15.6,A,7,97,A,7,976,A,7,60,A,7,2.6,A,7,4800,B,7,1311,A,7,2.9,E,8,0.000,F,8,0.00,F,8,0,1,D,9,45,C,8
04/26/1994,01:00,0,0,0,1,0,0,1,0,0,1,0,0,1,0,0,1,0,0,1,0,0,1,0,10,A,7,10,A,7,16.1,A,7,16.1,A,7,100,A,7,976,A,7,150,A,7,4.1,A,7,4800,B,7,3048,A,7,3.0,E,8,0.000,F,8,0.00,F,8,5,1,D,9,17,C,8
04/26/1994,02:00,0,0,0,1,0,0,1,0,0,1,0,0,1,0,0,1,0,0,1,0,0,1,0,10,A,7,10,A,7,16.7,A,7,16.1,A,7,96,A,7,976,A,7,190,A,7,4.6,A,7,4800,B,7,2743,A,7,3.0,E,8,0.000,F,8,0.00,F,8,25,1,D,9,45,C,8
04/26/1994,03:00,0,0,0,1,0,0,1,0,0,1,0,0,1,0,0,1,0,0,1,0,0,1,0,6,A,7,4,A,7,16.1,A,7,15.6,A,7,97,A,7,975,A,7,160,A,7,3.6,A,7,11200,B,7,2438,A,7,3.0,E,8,0.000,F,8,0.00,F,8,25,1,D,9,45,C,8
04/26/1994,04:00,0,0,0,1,0,0,1,0,0,1,0,0,1,0,0,1,0,0,1,0,0,1,0,4,A,7,3,A,7,16.1,A,7,15.6,A,7,97,A,7,975,A,7,130,A,7,3.6,A,7,9600,B,7,77777,A,7,3.0,E,8,0.000,F,8,0.00,F,8,0,1,D,9,00,C,8
04/26/1994,05:00,0,0,0,1,0,0,1,0,0,1,0,0,1,0,0,1,0,0,1,0,0,1,0,10,A,7,10,A,7,16.7,A,7,15.6,A,7,93,A,7,975,A,7,140,A,7,3.6,A,7,9600,B,7,1311,A,7,3.0,E,8,0.000,F,8,0.00,F,8,0,1,D,9,45,C,8
04/26/1994,06:00,10,416,1,1,10,3,1,16,1,1,10,0,1,10,0,1,16,0,1,10,0,1,21,9,A,7,8,A,7,17.8,A,7,15.6,A,7,87,A,7,975,A,7,160,A,7,3.6,A,7,8000,B,7,3962,A,7,3.0,E,8,0.000,F,8,0.00,F,8,0,1,D,9,45,C,8
04/26/1994,07:00,191,1349,33,1,10,0,1,16,33,1,10,38,1,10,0,1,16,38,1,10,121,1,21,10,A,7,10,A,7,18.3,A,7,15.0,A,7,81,A,7,975,A,7,180,A,7,5.2,A,7,8000,B,7,3048,A,7,3.1,E,8,0.000,F,8,0.00,F,8,0,1,D,9,45,C,8
04/26/1994,08:00,439,1349,79,1,10,0,1,16,79,1,10,92,1,10,0,1,16,92,1,10,323,1,21,10,A,7,10,A,7,18.9,A,7,16.1,A,7,84,A,7,975,A,7,170,A,7,3.6,A,7,8000,B,7,2743,A,7,3.0,E,8,0.000,F,8,0.00,F,8,0,1,D,9,45,C,8
04/26/1994,09:00,673,1349,357,1,10,366,1,16,175,1,10,377,1,10,366,1,16,194,1,10,370,1,21,10,A,7,5,A,7,21.1,A,7,16.1,A,7,73,A,7,975,A,7,200,A,7,6.2,A,7,9600,B,7,77777,A,7,2.9,E,8,0.000,F,8,0.00,F,8,0,1,D,9,45,C,8
04/26/1994,10:00,876,1349,233,1,10,0,1,16,233,1,10,271,1,10,0,1,16,271,1,10,1027,1,21,10,A,7,10,A,7,21.7,A,7,16.7,A,7,73,A,7,975,A,7,200,A,7,6.7,A,7,9600,B,7,3353,A,7,2.9,E,8,0.000,F,8,0.00,F,8,0,1,D,9,05,C,8
04/26/1994,11:00,1034,1349,457,1,10,132,1,16,356,1,10,501,1,10,140,1,16,394,1,10,1196,1,21,9,A,7,9,A,7,23.3,A,7,17.2,A,7,69,A,7,975,A,7,210,A,7,7.7,A,7,11200,B,7,2438,A,7,2.8,E,8,0.000,F,8,0.00,F,8,0,1,D,9,05,C,8
04/26/1994,12:00,1136,1349,593,1,10,404,1,16,252,1,10,648,1,10,423,1,16,291,1,10,1043,1,21,10,A,7,5,A,7,25.0,A,7,17.8,A,7,64,A,7,975,A,7,200,A,7,6.7,A,7,11200,B,7,77777,A,7,2.8,E,8,0.000,F,8,0.00,F,8,0,1,D,9,00,C,8
04/26/1994,13:00,1175,1349,687,1,10,497,1,16,255,1,10,756,1,10,521,1,16,302,1,10,1191,1,21,10,A,7,4,A,7,25.0,A,7,17.2,A,7,62,A,7,974,A,7,210,A,7,7.2,A,7,16000,B,7,77777,A,7,2.7,E,8,0.000,F,8,0.00,F,8,0,1,D,9,00,C,8
04/26/1994,14:00,1149,1349,823,1,10,749,1,16,184,1,10,886,1,10,770,1,16,229,1,10,797,1,21,10,A,7,1,A,7,26.7,A,7,17.8,A,7,58,A,7,974,A,7,230,A,7,8.2,A,7,16000,B,7,77777,A,7,2.6,E,8,0.000,F,8,0.00,F,8,0,1,D,9,00,C,8
04/26/1994,15:00,1060,1349,741,1,10,760,1,16,144,1,10,782,1,10,766,1,16,179,1,10,463,1,21,7,A,7,1,A,7,27.2,A,7,16.7,A,7,53,A,7,974,A,7,200,A,7,10.3,A,7,16000,B,7,77777,A,7,2.6,E,8,0.000,F,8,0.00,F,8,0,1,D,9,00,C,8
04/26/1994,16:00,913,1349,663,1,10,733,1,16,167,1,10,700,1,10,742,1,16,197,1,10,445,1,21,8,A,7,3,A,7,28.3,A,7,15.0,A,7,44,A,7,974,A,7,210,A,7,6.2,A,7,16000,B,7,77777,A,7,2.5,E,8,0.000,F,8,0.00,F,8,0,1,D,9,00,C,8
04/26/1994,17:00,719,1349,474,1,10,620,1,16,143,1,10,493,1,10,612,1,16,166,1,10,307,1,21,2,A,7,2,A,7,28.3,A,7,13.9,A,7,41,A,7,973,A,7,200,A,7,7.7,A,7,16000,B,7,77777,A,7,2.5,E,8,0.000,F,8,0.00,F,8,0,1,D,9,00,C,8
04/26/1994,18:00,490,1349,307,1,10,681,1,16,59,1,10,321,1,10,637,1,16,90,1,10,123,1,21,0,A,7,0,A,7,27.2,A,7,11.7,A,7,38,A,7,973,A,7,210,A,7,8.2,A,7,16000,B,7,77777,A,7,2.4,E,8,0.000,F,8,0.00,F,8,0,1,D,9,00,C,8
04/26/1994,19:00,244,1349,120,1,10,453,1,16,38,1,10,125,1,10,336,1,16,64,1,10,71,1,21,0,A,7,0,A,7,26.1,A,7,9.4,A,7,35,A,7,973,A,7,200,A,7,7.2,A,7,16000,B,7,77777,A,7,2.3,E,8,0.000,F,8,0.00,F,8,0,1,D,9,00,C,8
04/26/1994,20:00,31,708,5,1,10,5,1,16,5,1,10,6,1,10,2,1,16,6,1,10,13,1,21,8,A,7,8,A,7,25.0,A,7,10.6,A,7,40,A,7,973,A,7,200,A,7,6.2,A,7,16000,B,7,3353,A,7,2.3,E,8,0.000,F,8,0.00,F,8,0,1,D,9,00,C,8
04/26/1994,21:00,0,0,0,1,0,0,1,0,0,1,0,0,1,0,0,1,0,0,1,0,0,1,0,10,A,7,5,A,7,25.0,A,7,13.3,A,7,48,A,7,973,A,7,190,A,7,8.2,A,7,16000,B,7,77777,A,7,2.2,E,8,0.000,F,8,0.00,F,8,0,1,D,9,00,C,8
04/26/1994,22:00,0,0,0,1,0,0,1,0,0,1,0,0,1,0,0,1,0,0,1,0,0,1,0,10,A,7,10,A,7,22.8,A,7,13.9,A,7,57,A,7,975,A,7,250,A,7,13.9,A,7,16000,B,7,1524,A,7,2.1,E,8,0.000,F,8,0.00,F,8,0,1,D,9,00,C,8
04/26/1994,23:00,0,0,0,1,0,0,1,0,0,1,0,0,1,0,0,1,0,0,1,0,0,1,0,10,A,7,10,A,7,18.3,A,7,14.4,A,7,78,A,7,974,A,7,210,A,7,7.7,A,7,16000,B,7,1219,A,7,2.1,E,8,0.000,F,8,0.00,F,8,8,1,D,9,17,C,8
04/26/1994,24:00,0,0,0,1,0,0,1,0,0,1,0,0,1,0,0,1,0,0,1,0,0,1,0,10,A,7,10,A,7,18.9,A,7,13.3,A,7,70,A,7,975,A,7,200,A,7,10.3,A,7,16000,B,7,2743,A,7,2.0,E,8,0.000,F,8,0.00,F,8,3,1,D,9,81,C,8
04/27/1994,01:00,0,0,0,1,0,0,1,0,0,1,0,0,1,0,0,1,0,0,1,0,0,1,0,10,A,7,10,A,7,18.3,A,7,14.4,A,7,78,A,7,975,A,7,210,A,7,6.2,A,7,19200,B,7,3962,A,7,2.0,E,8,0.000,F,8,0.00,F,8,3,1,D,9,80,C,8
04/27/1994,02:00,0,0,0,1,0,0,1,0,0,1,0,0,1,0,0,1,0,0,1,0,0,1,0,10,A,7,10,A,7,18.3,A,7,13.9,A,7,76,A,7,975,A,7,220,A,7,5.7,A,7,19200,B,7,3962,A,7,1.9,E,8,0.000,F,8,0.00,F,8,0,1,D,9,00,C,8
04/27/1994,03:00,0,0,0,1,0,0,1,0,0,1,0,0,1,0,0,1,0,0,1,0,0,1,0,10,A,7,10,A,7,18.9,A,7,14.4,A,7,75,A,7,975,A,7,220,A,7,6.7,A,7,16000,B,7,2896,A,7,1.8,E,8,0.000,F,8,0.00,F,8,0,1,D,9,00,C,8
04/27/1994,04:00,0,0,0,1,0,0,1,0,0,1,0,0,1,0,0,1,0,0,1,0,0,1,0,10,A,7,10,A,7,17.8,A,7,14.4,A,7,80,A,7,975,A,7,200,A,7,6.7,A,7,16000,B,7,3353,A,7,1.8,E,8,0.000,F,8,0.00,F,8,0,1,D,9,00,C,8
04/27/1994,05:00,0,0,0,1,0,0,1,0,0,1,0,0,1,0,0,1,0,0,1,0,0,1,0,6,A,7,3,A,7,16.7,A,7,14.4,A,7,86,A,7,976,A,7,210,A,7,6.7,A,7,19200,B,7,77777,A,7,1.7,E,8,0.000,F,8,0.00,F,8,0,1,D,9,00,C,8
04/27/1994,06:00,12,438,1,1,10,1,1,16,1,1,10,0,1,10,0,1,16,0,1,10,0,1,21,2,A,7,2,A,7,16.1,A,7,13.3,A,7,83,A,7,976,A,7,210,A,7,6.2,A,7,19200,B,7,77777,A,7,1.7,E,8,0.000,F,8,0.00,F,8,0,1,D,9,00,C,8
04/27/1994,07:00,197,1349,75,1,10,206,1,16,45,1,10,78,1,10,132,1,16,59,1,10,81,1,21,0,A,7,0,A,7,16.7,A,7,13.3,A,7,80,A,7,977,A,7,230,A,7,7.2,A,7,19200,B,7,77777,A,7,1.6,E,8,0.000,F,8,0.00,F,8,0,1,D,9,00,C,8
04/27/1994,08:00,444,1349,247,1,10,493,1,16,84,1,10,254,1,10,445,1,16,108,1,10,157,1,21,0,A,7,0,A,7,15.6,A,7,7.2,A,7,57,A,7,978,A,7,260,A,7,8.2,A,7,19200,B,7,77777,A,7,1.6,E,8,0.000,F,8,0.00,F,8,0,1,D,9,00,C,8
04/27/1994,09:00,677,1349,444,1,10,650,1,16,118,1,10,467,1,10,641,1,16,144,1,10,251,1,21,0,A,7,0,A,7,15.0,A,7,6.1,A,7,55,A,7,979,A,7,270,A,7,10.8,A,7,24000,B,7,77777,A,7,1.6,E,8,0.000,F,8,0.00,F,8,0,1,D,9,00,C,8
04/27/1994,10:00,880,1349,594,1,10,694,1,16,141,1,10,633,1,10,705,1,16,172,1,10,366,1,21,1,A,7,1,A,7,13.9,A,7,5.0,A,7,55,A,7,981,A,7,280,A,7,9.8,A,7,24000,B,7,77777,A,7,1.6,E,8,0.000,F,8,0.00,F,8,0,1,D,9,00,C,8
04/27/1994,11:00,1037,1349,739,1,10,698,1,16,202,1,10,781,1,10,709,1,16,235,1,10,658,1,21,1,A,7,1,A,7,13.9,A,7,5.6,A,7,57,A,7,982,A,7,270,A,7,10.3,A,7,24000,B,7,77777,A,7,1.6,E,8,0.000,F,8,0.00,F,8,0,1,D,9,00,C,8
04/27/1994,12:00,1139,1349,497,1,10,381,1,16,174,1,10,536,1,10,392,1,16,204,1,10,736,1,21,5,A,7,5,A,7,13.9,A,7,5.6,A,7,57,A,7,983,A,7,280,A,7,9.3,A,7,24000,B,7,77777,A,7,1.7,E,8,0.000,F,8,0.00,F,8,0,1,D,9,00,C,8
04/27/1994,13:00,1178,1349,254,1,10,0,1,16,254,1,10,307,1,10,0,1,16,307,1,10,1229,1,21,10,A,7,10,A,7,14.4,A,7,6.1,A,7,57,A,7,984,A,7,280,A,7,7.7,A,7,24000,B,7,1067,A,7,1.7,E,8,0.000,F,8,0.00,F,8,0,1,D,9,00,C,8
04/27/1994,14:00,1152,1349,247,1,10,0,1,16,247,1,10,298,1,10,0,1,16,298,1,10,1196,1,21,10,A,7,10,A,7,12.8,A,7,6.1,A,7,64,A,7,985,A,7,280,A,7,6.2,A,7,24000,B,7,1006,A,7,1.7,E,8,0.000,F,8,0.00,F,8,0,1,D,9,00,C,8
04/27/1994,15:00,1063,1349,225,1,10,0,1,16,225,1,10,270,1,10,0,1,16,270,1,10,1089,1,21,10,A,7,10,A,7,13.3,A,7,5.6,A,7,60,A,7,986,A,7,300,A,7,6.7,A,7,24000,B,7,975,A,7,1.7,E,8,0.000,F,8,0.00,F,8,0,1,D,9,00,C,8
04/27/1994,16:00,916,1349,187,1,10,0,1,16,187,1,10,223,1,10,0,1,16,223,1,10,886,1,21,10,A,7,10,A,7,12.8,A,7,6.1,A,7,64,A,7,987,A,7,300,A,7,6.2,A,7,24000,B,7,975,A,7,1.7,E,8,0.000,F,8,0.00,F,8,0,1,D,9,00,C,8
04/27/1994,17:00,722,1349,137,1,10,0,1,16,137,1,10,162,1,10,0,1,16,162,1,10,620,1,21,10,A,7,10,A,7,12.2,A,7,5.6,A,7,64,A,7,988,A,7,310,A,7,6.2,A,7,24000,B,7,1006,A,7,1.7,E,8,0.000,F,8,0.00,F,8,0,1,D,9,00,C,8
04/27/1994,18:00,494,1349,81,1,10,0,1,16,81,1,10,95,1,10,0,1,16,95,1,10,344,1,21,10,A,7,10,A,7,12.2,A,7,4.4,A,7,59,A,7,988,A,7,290,A,7,7.2,A,7,24000,B,7,1067,A,7,1.7,E,8,0.000,F,8,0.00,F,8,0,1,D,9,00,C,8
04/27/1994,19:00,248,1349,78,1,10,127,1,16,54,1,10,83,1,10,91,1,16,66,1,10,98,1,21,3,A,7,3,A,7,11.1,A,7,3.9,A,7,61,A,7,988,A,7,310,A,7,5.7,A,7,24000,B,7,77777,A,7,1.7,E,8,0.000,F,8,0.00,F,8,0,1,D,9,00,C,8
04/27/1994,20:00,33,731,7,1,10,5,1,16,7,1,10,8,1,10,3,1,16,8,1,10,18,1,21,6,A,7,2,A,7,8.9,A,7,3.9,A,7,71,A,7,990,A,7,280,A,7,4.1,A,7,24000,B,7,77777,A,7,1.7,E,8,0.000,F,8,0.00,F,8,0,1,D,9,00,C,8
04/27/1994,21:00,0,0,0,1,0,0,1,0,0,1,0,0,1,0,0,1,0,0,1,0,0,1,0,8,A,7,8,A,7,7.8,A,7,2.2,A,7,68,A,7,992,A,7,10,A,7,5.7,A,7,24000,B,7,1097,A,7,1.7,E,8,0.000,F,8,0.00,F,8,0,1,D,9,00,C,8
04/27/1994,22:00,0,0,0,1,0,0,1,0,0,1,0,0,1,0,0,1,0,0,1,0,0,1,0,2,A,7,2,A,7,5.6,A,7,0.6,A,7,70,A,7,993,A,7,360,A,7,5.2,A,7,24000,B,7,77777,A,7,1.8,E,8,0.000,F,8,0.00,F,8,0,1,D,9,00,C,8
04/27/1994,23:00,0,0,0,1,0,0,1,0,0,1,0,0,1,0,0,1,0,0,1,0,0,1,0,3,A,7,3,A,7,3.9,A,7,-0.6,A,7,72,A,7,993,A,7,360,A,7,4.6,A,7,24000,B,7,77777,A,7,1.8,E,8,0.000,F,8,0.00,F,8,0,1,D,9,00,C,8
04/27/1994,24:00,0,0,0,1,0,0,1,0,0,1,0,0,1,0,0,1,0,0,1,0,0,1,0,10,A,7,10,A,7,3.3,A,7,0.0,A,7,79,A,7,994,A,7,10,A,7,4.1,A,7,16000,B,7,4572,A,7,1.8,E,8,0.000,F,8,0.00,F,8,0,1,D,9,00,C,8
04/28/1994,01:00,0,0,0,1,0,0,1,0,0,1,0,0,1,0,0,1,0,0,1,0,0,1,0,10,A,7,10,A,7,3.3,A,7,-0.6,A,7,75,A,7,994,A,7,30,A,7,5.7,A,7,16000,B,7,579,A,7,1.8,E,8,0.000,F,8,0.00,F,8,0,1,D,9,00,C,8
04/28/1994,02:00,0,0,0,1,0,0,1,0,0,1,0,0,1,0,0,1,0,0,1,0,0,1,0,10,A,7,10,A,7,3.3,A,7,0.0,A,7,79,A,7,995,A,7,30,A,7,5.2,A,7,16000,B,7,640,A,7,1.8,E,8,0.000,F,8,0.00,F,8,0,1,D,9,00,C,8
04/28/1994,03:00,0,0,0,1,0,0,1,0,0,1,0,0,1,0,0,1,0,0,1,0,0,1,0,10,A,7,10,A,7,3.3,A,7,0.0,A,7,79,A,7,995,A,7,40,A,7,4.1,A,7,16000,B,7,7620,A,7,1.8,E,8,0.000,F,8,0.00,F,8,0,1,D,9,00,C,8
04/28/1994,04:00,0,0,0,1,0,0,1,0,0,1,0,0,1,0,0,1,0,0,1,0,0,1,0,10,A,7,10,A,7,3.3,A,7,-1.1,A,7,72,A,7,995,A,7,50,A,7,7.2,A,7,16000,B,7,4572,A,7,1.8,E,8,0.000,F,8,0.00,F,8,0,1,D,9,00,C,8
04/28/1994,05:00,0,0,0,1,0,0,1,0,0,1,0,0,1,0,0,1,0,0,1,0,0,1,0,10,A,7,10,A,7,2.8,A,7,-1.1,A,7,75,A,7,995,A,7,50,A,7,6.2,A,7,16000,B,7,2743,A,7,1.8,E,8,0.000,F,8,0.00,F,8,0,1,D,9,00,C,8
04/28/1994,06:00,14,483,1,1,10,0,1,16,1,1,10,0,1,10,0,1,16,0,1,10,0,1,21,10,A,7,10,A,7,2.8,A,7,-1.1,A,7,75,A,7,995,A,7,60,A,7,5.7,A,7,16000,B,7,2591,A,7,1.8,E,8,0.000,F,8,0.00,F,8,0,1,D,9,61,C,8
04/28/1994,07:00,202,1348,30,1,10,0,1,16,30,1,10,35,1,10,0,1,16,35,1,10,114,1,21,10,A,7,10,A,7,2.2,A,7,-1.1,A,7,78,A,7,996,A,7,70,A,7,4.6,A,7,16000,B,7,2438,A,7,1.8,E,8,0.000,F,8,0.00,F,8,0,1,D,9,61,C,8
04/28/1994,08:00,449,1348,84,1,10,0,1,16,84,1,10,97,1,10,0,1,16,97,1,10,342,1,21,10,A,7,10,A,7,3.3,A,7,-0.6,A,7,75,A,7,997,A,7,70,A,7,2.6,A,7,16000,B,7,579,A,7,1.8,E,8,0.000,F,8,0.00,F,8,0,1,D,9,00,C,8
04/28/1994,09:00,682,1348,141,1,10,0,1,16,141,1,10,165,1,10,0,1,16,165,1,10,618,1,21,10,A,7,10,A,7,3.9,A,7,-0.6,A,7,72,A,7,997,A,7,60,A,7,5.2,A,7,16000,B,7,610,A,7,1.8,E,8,0.000,F,8,0.00,F,8,0,1,D,9,00,C,8
04/28/1994,10:00,884,1348,191,1,10,0,1,16,191,1,10,226,1,10,0,1,16,226,1,10,887,1,21,10,A,7,10,A,7,3.9,A,7,-0.6,A,7,72,A,7,996,A,7,60,A,7,6.2,A,7,16000,B,7,671,A,7,1.8,E,8,0.000,F,8,0.00,F,8,0,1,D,9,00,C,8
04/28/1994,11:00,1041,1348,229,1,10,0,1,16,229,1,10,274,1,10,0,1,16,274,1,10,1097,1,21,10,A,7,10,A,7,3.9,A,7,-0.6,A,7,72,A,7,996,A,7,100,A,7,5.7,A,7,16000,B,7,671,A,7,1.8,E,8,0.000,F,8,0.00,F,8,0,1,D,9,00,C,8
04/28/1994,12:00,1142,1348,254,1,10,0,1,16,254,1,10,306,1,10,0,1,16,306,1,10,1221,1,21,10,A,7,10,A,7,3.9,A,7,-0.6,A,7,72,A,7,995,A,7,60,A,7,5.7,A,7,16000,B,7,671,A,7,1.8,E,8,0.000,F,8,0.00,F,8,0,1,D,9,00,C,8
04/28/1994,13:00,1181,1348,263,1,10,0,1,16,263,1,10,317,1,10,0,1,16,317,1,10,1264,1,21,10,A,7,10,A,7,3.9,A,7,0.6,A,7,79,A,7,995,A,7,90,A,7,5.7,A,7,12800,B,7,701,A,7,1.8,E,8,0.000,F,8,0.00,F,8,0,1,D,9,00,C,8
04/28/1994,14:00,1155,1348,257,1,10,0,1,16,257,1,10,309,1,10,0,1,16,309,1,10,1235,1,21,10,A,7,10,A,7,3.9,A,7,1.7,A,7,86,A,7,995,A,7,80,A,7,4.1,A,7,8000,B,7,1067,A,7,1.8,E,8,0.000,F,8,0.00,F,8,3,1,D,9,61,C,8
04/28/1994,15:00,1066,1348,164,1,10,0,1,16,164,1,10,202,1,10,0,1,16,202,1,10,837,1,21,10,A,7,10,A,7,3.9,A,7,2.8,A,7,93,A,7,994,A,7,80,A,7,4.1,A,7,6400,B,7,183,A,7,1.8,E,8,0.000,F,8,0.00,F,8,23,1,D,9,61,C,8
04/28/1994,16:00,919,1348,167,1,10,0,1,16,167,1,10,201,1,10,0,1,16,201,1,10,809,1,21,10,A,7,10,A,7,3.3,A,7,2.8,A,7,97,A,7,993,A,7,70,A,7,5.7,A,7,4800,B,7,244,A,7,1.8,E,8,0.000,F,8,0.00,F,8,13,1,D,9,45,C,8
04/28/1994,17:00,725,1348,152,1,10,0,1,16,152,1,10,178,1,10,0,1,16,178,1,10,675,1,21,10,A,7,10,A,7,3.9,A,7,2.8,A,7,93,A,7,992,A,7,60,A,7,5.7,A,7,4800,B,7,610,A,7,1.8,E,8,0.000,F,8,0.00,F,8,36,1,D,9,45,C,8
04/28/1994,18:00,498,1348,80,1,10,0,1,16,80,1,10,94,1,10,0,1,16,94,1,10,342,1,21,10,A,7,10,A,7,3.9,A,7,3.3,A,7,96,A,7,991,A,7,70,A,7,5.2,A,7,4800,B,7,244,A,7,1.8,E,8,0.000,F,8,0.00,F,8,23,1,D,9,45,C,8
04/28/1994,19:00,252,1348,34,1,10,0,1,16,34,1,10,40,1,10,0,1,16,40,1,10,134,1,21,10,A,7,10,A,7,3.9,A,7,3.3,A,7,96,A,7,990,A,7,70,A,7,5.7,A,7,4800,B,7,213,A,7,1.8,E,8,0.000,F,8,0.00,F,8,25,1,D,9,45,C,8
04/28/1994,20:00,35,753,4,1,10,0,1,16,4,1,10,5,1,10,0,1,16,5,1,10,16,1,21,10,A,7,10,A,7,4.4,A,7,3.3,A,7,93,A,7,990,A,7,110,A,7,3.6,A,7,11200,B,7,274,A,7,1.8,E,8,0.000,F,8,0.00,F,8,0,1,D,9,45,C,8
04/28/1994,21:00,0,0,0,1,0,0,1,0,0,1,0,0,1,0,0,1,0,0,1,0,0,1,0,10,A,7,10,A,7,4.4,A,7,3.9,A,7,97,A,7,989,A,7,110,A,7,4.6,A,7,11200,B,7,244,A,7,1.8,E,8,0.000,F,8,0.00,F,8,0,1,D,9,00,C,8
04/28/1994,22:00,0,0,0,1,0,0,1,0,0,1,0,0,1,0,0,1,0,0,1,0,0,1,0,10,A,7,10,A,7,5.0,A,7,3.9,A,7,93,A,7,989,A,7,120,A,7,5.2,A,7,11200,B,7,152,A,7,1.8,E,8,0.000,F,8,0.00,F,8,5,1,D,9,80,C,8
04/28/1994,23:00,0,0,0,1,0,0,1,0,0,1,0,0,1,0,0,1,0,0,1,0,0,1,0,10,A,7,10,A,7,5.6,A,7,4.4,A,7,92,A,7,989,A,7,170,A,7,6.2,A,7,11200,B,7,244,A,7,1.8,E,8,0.000,F,8,0.00,F,8,3,1,D,9,80,C,8
04/28/1994,24:00,0,0,0,1,0,0,1,0,0,1,0,0,1,0,0,1,0,0,1,0,0,1,0,10,A,7,10,A,7,5.6,A,7,4.4,A,7,92,A,7,988,A,7,140,A,7,5.7,A,7,4800,B,7,213,A,7,1.8,E,8,0.000,F,8,0.00,F,8,0,1,D,9,80,C,8
04/29/1994,01:00,0,0,0,1,0,0,1,0,0,1,0,0,1,0,0,1,0,0,1,0,0,1,0,10,A,7,10,A,7,6.1,A,7,5.0,A,7,93,A,7,987,A,7,150,A,7,6.7,A,7,8000,B,7,213,A,7,1.8,E,8,0.000,F,8,0.00,F,8,0,1,D,9,45,C,8
04/29/1994,02:00,0,0,0,1,0,0,1,0,0,1,0,0,1,0,0,1,0,0,1,0,0,1,0,10,A,7,10,A,7,6.1,A,7,5.6,A,7,97,A,7,986,A,7,140,A,7,4.6,A,7,8000,B,7,213,A,7,1.8,E,8,0.000,F,8,0.00,F,8,0,1,D,9,45,C,8
04/29/1994,03:00,0,0,0,1,0,0,1,0,0,1,0,0,1,0,0,1,0,0,1,0,0,1,0,10,A,7,10,A,7,6.7,A,7,6.1,A,7,96,A,7,986,A,7,150,A,7,4.6,A,7,6400,B,7,305,A,7,1.8,E,8,0.000,F,8,0.00,F,8,0,1,D,9,45,C,8
04/29/1994,04:00,0,0,0,1,0,0,1,0,0,1,0,0,1,0,0,1,0,0,1,0,0,1,0,10,A,7,10,A,7,7.8,A,7,6.7,A,7,93,A,7,986,A,7,180,A,7,5.2,A,7,6400,B,7,213,A,7,1.8,E,8,0.000,F,8,0.00,F,8,0,1,D,9,45,C,8
04/29/1994,05:00,0,0,0,1,0,0,1,0,0,1,0,0,1,0,0,1,0,0,1,0,0,1,0,10,A,7,10,A,7,8.3,A,7,7.8,A,7,97,A,7,986,A,7,190,A,7,4.1,A,7,6400,B,7,152,A,7,1.8,E,8,0.000,F,8,0.00,F,8,0,1,D,9,45,C,8
04/29/1994,06:00,16,505,1,1,10,0,1,16,1,1,10,0,1,10,0,1,16,0,1,10,0,1,21,10,A,7,10,A,7,9.4,A,7,8.9,A,7,97,A,7,986,A,7,240,A,7,6.2,A,7,4000,B,7,244,A,7,1.8,E,8,0.000,F,8,0.00,F,8,0,1,D,9,45,C,8
04/29/1994,07:00,207,1347,51,1,10,14,1,16,49,1,10,56,1,10,10,1,16,54,1,10,122,1,21,10,A,7,8,A,7,10.0,A,7,8.3,A,7,89,A,7,987,A,7,250,A,7,8.8,A,7,6400,B,7,579,A,7,1.8,E,8,0.000,F,8,0.00,F,8,0,1,D,9,45,C,8
04/29/1994,08:00,454,1347,105,1,10,27,1,16,96,1,10,116,1,10,25,1,16,107,1,10,275,1,21,10,A,7,9,A,7,10.0,A,7,7.2,A,7,83,A,7,987,A,7,250,A,7,7.2,A,7,16000,B,7,579,A,7,1.8,E,8,0.000,F,8,0.00,F,8,0,1,D,9,45,C,8
04/29/1994,09:00,686,1347,271,1,10,150,1,16,195,1,10,298,1,10,155,1,16,219,1,10,489,1,21,10,A,7,8,A,7,8.9,A,7,5.6,A,7,80,A,7,988,A,7,260,A,7,7.7,A,7,16000,B,7,518,A,7,1.8,E,8,0.000,F,8,0.00,F,8,0,1,D,9,00,C,8
04/29/1994,10:00,888,1347,582,1,10,307,1,16,379,1,10,626,1,10,321,1,16,414,1,10,1091,1,21,7,A,7,7,A,7,10.0,A,7,5.0,A,7,71,A,7,988,A,7,250,A,7,7.7,A,7,16000,B,7,640,A,7,1.8,E,8,0.000,F,8,0.00,F,8,0,1,D,9,00,C,8
04/29/1994,11:00,1044,1347,448,1,10,253,1,16,252,1,10,499,1,10,275,1,16,285,1,10,807,1,21,8,A,7,8,A,7,11.1,A,7,5.0,A,7,66,A,7,989,A,7,270,A,7,9.8,A,7,11200,B,7,762,A,7,1.8,E,8,0.000,F,8,0.00,F,8,0,1,D,9,00,C,8
04/29/1994,12:00,1145,1347,866,1,10,716,1,16,257,1,10,911,1,10,724,1,16,294,1,10,1075,1,21,4,A,7,4,A,7,11.7,A,7,5.0,A,7,63,A,7,989,A,7,280,A,7,6.2,A,7,16000,B,7,77777,A,7,1.8,E,8,0.000,F,8,0.00,F,8,0,1,D,9,00,C,8
04/29/1994,13:00,1184,1347,849,1,10,581,1,16,338,1,10,908,1,10,607,1,16,374,1,10,1657,1,21,5,A,7,4,A,7,12.2,A,7,4.4,A,7,59,A,7,990,A,7,250,A,7,10.3,A,7,16000,B,7,77777,A,7,1.7,E,8,0.000,F,8,0.00,F,8,0,1,D,9,00,C,8
04/29/1994,14:00,1158,1347,683,1,10,464,1,16,284,1,10,741,1,10,486,1,16,323,1,10,1268,1,21,7,A,7,5,A,7,10.6,A,7,2.8,A,7,58,A,7,990,A,7,270,A,7,7.7,A,7,16000,B,7,7620,A,7,1.7,E,8,0.000,F,8,0.00,F,8,0,1,D,9,00,C,8
04/29/1994,15:00,1068,1347,732,1,10,518,1,16,321,1,10,775,1,10,539,1,16,346,1,10,1148,1,21,9,A,7,5,A,7,10.6,A,7,2.8,A,7,58,A,7,991,A,7,270,A,7,8.8,A,7,16000,B,7,7620,A,7,1.7,E,8,0.000,F,8,0.00,F,8,0,1,D,9,00,C,8
04/29/1994,16:00,922,1347,334,1,10,124,1,16,249,1,10,371,1,10,132,1,16,280,1,10,738,1,21,10,A,7,9,A,7,9.4,A,7,1.7,A,7,59,A,7,991,A,7,260,A,7,7.7,A,7,16000,B,7,6096,A,7,1.7,E,8,0.000,F,8,0.00,F,8,0,1,D,9,00,C,8
04/29/1994,17:00,728,1347,238,1,10,46,1,16,213,1,10,262,1,10,46,1,16,237,1,10,669,1,21,10,A,7,9,A,7,8.3,A,7,1.1,A,7,60,A,7,992,A,7,260,A,7,9.3,A,7,16000,B,7,6096,A,7,1.7,E,8,0.000,F,8,0.00,F,8,0,1,D,9,00,C,8
04/29/1994,18:00,501,1347,168,1,10,126,1,16,121,1,10,185,1,10,123,1,16,140,1,10,279,1,21,10,A,7,7,A,7,7.2,A,7,0.0,A,7,60,A,7,993,A,7,270,A,7,8.2,A,7,19200,B,7,4572,A,7,1.7,E,8,0.000,F,8,0.00,F,8,0,1,D,9,00,C,8
04/29/1994,19:00,257,1347,63,1,10,28,1,16,58,1,10,69,1,10,22,1,16,65,1,10,149,1,21,10,A,7,8,A,7,6.7,A,7,-0.6,A,7,59,A,7,993,A,7,290,A,7,6.2,A,7,24000,B,7,4572,A,7,1.7,E,8,0.000,F,8,0.00,F,8,0,1,D,9,00,C,8
04/29/1994,20:00,37,775,8,1,10,0,1,16,8,1,10,10,1,10,0,1,16,10,1,10,30,1,21,10,A,7,7,A,7,5.6,A,7,-0.6,A,7,64,A,7,993,A,7,300,A,7,4.1,A,7,24000,B,7,6096,A,7,1.6,E,8,0.000,F,8,0.00,F,8,0,1,D,9,00,C,8
04/29/1994,21:00,0,0,0,1,0,0,1,0,0,1,0,0,1,0,0,1,0,0,1,0,0,1,0,10,A,7,8,A,7,5.6,A,7,-0.6,A,7,64,A,7,995,A,7,310,A,7,6.2,A,7,24000,B,7,1128,A,7,1.6,E,8,0.000,F,8,0.00,F,8,0,1,D,9,00,C,8
04/29/1994,22:00,0,0,0,1,0,0,1,0,0,1,0,0,1,0,0,1,0,0,1,0,0,1,0,9,A,7,2,A,7,5.0,A,7,-1.1,A,7,64,A,7,994,A,7,340,A,7,5.7,A,7,24000,B,7,77777,A,7,1.6,E,8,0.000,F,8,0.00,F,8,0,1,D,9,00,C,8
04/29/1994,23:00,0,0,0,1,0,0,1,0,0,1,0,0,1,0,0,1,0,0,1,0,0,1,0,10,A,7,9,A,7,3.9,A,7,-1.1,A,7,69,A,7,994,A,7,330,A,7,2.6,A,7,24000,B,7,6096,A,7,1.6,E,8,0.000,F,8,0.00,F,8,0,1,D,9,00,C,8
04/29/1994,24:00,0,0,0,1,0,0,1,0,0,1,0,0,1,0,0,1,0,0,1,0,0,1,0,10,A,7,10,A,7,3.3,A,7,-0.6,A,7,75,A,7,994,A,7,350,A,7,2.1,A,7,16000,B,7,6096,A,7,1.6,E,8,0.000,F,8,0.00,F,8,0,1,D,9,00,C,8
04/30/1994,01:00,0,0,0,1,0,0,1,0,0,1,0,0,1,0,0,1,0,0,1,0,0,1,0,10,A,7,10,A,7,3.3,A,7,-0.6,A,7,75,A,7,994,A,7,0,A,7,0.0,A,7,16000,B,7,6096,A,7,1.6,E,8,0.000,F,8,0.00,F,8,0,1,D,9,00,C,8
04/30/1994,02:00,0,0,0,1,0,0,1,0,0,1,0,0,1,0,0,1,0,0,1,0,0,1,0,10,A,7,9,A,7,3.3,A,7,-0.6,A,7,75,A,7,994,A,7,210,A,7,2.1,A,7,16000,B,7,6096,A,7,1.6,E,8,0.000,F,8,0.00,F,8,0,1,D,9,00,C,8
04/30/1994,03:00,0,0,0,1,0,0,1,0,0,1,0,0,1,0,0,1,0,0,1,0,0,1,0,10,A,7,7,A,7,2.8,A,7,0.6,A,7,85,A,7,994,A,7,0,A,7,0.0,A,7,16000,B,7,4572,A,7,1.6,E,8,0.000,F,8,0.00,F,8,0,1,D,9,00,C,8
04/30/1994,04:00,0,0,0,1,0,0,1,0,0,1,0,0,1,0,0,1,0,0,1,0,0,1,0,10,A,7,10,A,7,1.1,A,7,0.0,A,7,92,A,7,994,A,7,340,A,7,3.1,A,7,16000,B,7,4572,A,7,1.5,E,8,0.000,F,8,0.00,F,8,0,1,D,9,00,C,8
04/30/1994,05:00,0,0,0,1,0,0,1,0,0,1,0,0,1,0,0,1,0,0,1,0,0,1,0,10,A,7,6,A,7,0.6,A,7,-0.6,A,7,91,A,7,993,A,7,0,A,7,0.0,A,7,16000,B,7,4572,A,7,1.5,E,8,0.000,F,8,0.00,F,8,0,1,D,9,00,C,8
04/30/1994,06:00,18,550,2,1,10,0,1,16,2,1,10,0,1,10,0,1,16,0,1,10,0,1,21,10,A,7,8,A,7,1.7,A,7,0.0,A,7,88,A,7,993,A,7,350,A,7,1.5,A,7,16000,B,7,4572,A,7,1.5,E,8,0.000,F,8,0.00,F,8,0,1,D,9,00,C,8
04/30/1994,07:00,213,1347,54,1,10,0,1,16,54,1,10,60,1,10,0,1,16,60,1,10,182,1,21,10,A,7,10,A,7,3.3,A,7,0.6,A,7,82,A,7,994,A,7,30,A,7,4.1,A,7,16000,B,7,6096,A,7,1.5,E,8,0.000,F,8,0.00,F,8,0,1,D,9,00,C,8
04/30/1994,08:00,459,1347,113,1,10,0,1,16,113,1,10,128,1,10,0,1,16,128,1,10,432,1,21,10,A,7,10,A,7,3.9,A,7,0.6,A,7,79,A,7,993,A,7,40,A,7,4.1,A,7,19200,B,7,3353,A,7,1.5,E,8,0.000,F,8,0.00,F,8,0,1,D,9,00,C,8
04/30/1994,09:00,691,1347,132,1,10,0,1,16,132,1,10,156,1,10,0,1,16,156,1,10,590,1,21,10,A,7,10,A,7,4.4,A,7,0.0,A,7,73,A,7,991,A,7,70,A,7,4.6,A,7,24000,B,7,2896,A,7,1.5,E,8,0.000,F,8,0.00,F,8,0,1,D,9,00,C,8
04/30/1994,10:00,891,1347,180,1,10,0,1,16,180,1,10,214,1,10,0,1,16,214,1,10,850,1,21,10,A,7,10,A,7,4.4,A,7,0.6,A,7,76,A,7,990,A,7,50,A,7,5.7,A,7,24000,B,7,2286,A,7,1.4,E,8,0.000,F,8,0.00,F,8,0,1,D,9,00,C,8
04/30/1994,11:00,1048,1347,222,1,10,0,1,16,222,1,10,266,1,10,0,1,16,266,1,10,1073,1,21,10,A,7,10,A,7,4.4,A,7,1.7,A,7,83,A,7,990,A,7,50,A,7,3.6,A,7,11200,B,7,610,A,7,1.4,E,8,0.000,F,8,0.00,F,8,3,1,D,9,61,C,8
04/30/1994,12:00,1148,1347,249,1,10,0,1,16,249,1,10,300,1,10,0,1,16,300,1,10,1203,1,21,10,A,7,10,A,7,4.4,A,7,2.2,A,7,86,A,7,989,A,7,90,A,7,5.2,A,7,8000,B,7,457,A,7,1.4,E,8,0.000,F,8,0.00,F,8,3,1,D,9,61,C,8
04/30/1994,13:00,1187,1347,217,1,10,0,1,16,217,1,10,266,1,10,0,1,16,266,1,10,1082,1,21,10,A,7,10,A,7,4.4,A,7,3.3,A,7,93,A,7,988,A,7,50,A,7,5.2,A,7,8000,B,7,274,A,7,1.4,E,8,0.000,F,8,0.00,F,8,18,1,D,9,45,C,8
04/30/1994,14:00,1160,1347,252,1,10,0,1,16,252,1,10,304,1,10,0,1,16,304,1,10,1218,1,21,10,A,7,10,A,7,3.9,A,7,2.8,A,7,93,A,7,987,A,7,40,A,7,6.7,A,7,6400,B,7,457,A,7,1.4,E,8,0.000,F,8,0.00,F,8,13,1,D,9,45,C,8
04/30/1994,15:00,1071,1347,191,1,10,0,1,16,191,1,10,233,1,10,0,1,16,233,1,10,954,1,21,10,A,7,10,A,7,4.4,A,7,3.3,A,7,93,A,7,985,A,7,30,A,7,6.2,A,7,6400,B,7,396,A,7,1.4,E,8,0.000,F,8,0.00,F,8,30,1,D,9,45,C,8
04/30/1994,16:00,925,1347,158,1,10,0,1,16,158,1,10,191,1,10,0,1,16,191,1,10,775,1,21,10,A,7,10,A,7,3.9,A,7,3.3,A,7,96,A,7,983,A,7,50,A,7,6.2,A,7,8000,B,7,213,A,7,1.3,E,8,0.000,F,8,0.00,F,8,25,1,D,9,45,C,8
04/30/1994,17:00,732,1347,117,1,10,0,1,16,117,1,10,140,1,10,0,1,16,140,1,10,547,1,21,10,A,7,10,A,7,3.3,A,7,2.2,A,7,92,A,7,983,A,7,70,A,7,5.7,A,7,6400,B,7,274,A,7,1.3,E,8,0.000,F,8,0.00,F,8,10,1,D,9,45,C,8
04/30/1994,18:00,505,1347,82,1,10,0,1,16,82,1,10,97,1,10,0,1,16,97,1,10,351,1,21,10,A,7,10,A,7,3.3,A,7,2.8,A,7,97,A,7,983,A,7,60,A,7,4.6,A,7,14400,B,7,305,A,7,1.3,E,8,0.000,F,8,0.00,F,8,5,1,D,9,45,C,8
04/30/1994,19:00,260,1347,44,1,10,0,1,16,44,1,10,51,1,10,0,1,16,51,1,10,168,1,21,10,A,7,10,A,7,2.8,A,7,2.8,A,7,100,A,7,981,A,7,50,A,7,4.6,A,7,4000,B,7,274,A,7,1.3,E,8,0.000,F,8,0.00,F,8,13,1,D,9,51,C,8
04/30/1994,20:00,40,797,4,1,10,0,1,16,4,1,10,5,1,10,0,1,16,5,1,10,16,1,21,10,A,7,10,A,7,2.8,A,7,2.8,A,7,100,A,7,981,A,7,20,A,7,5.2,A,7,4000,B,7,152,A,7,1.3,E,8,0.000,F,8,0.00,F,8,3,1,D,9,45,C,8
04/30/1994,21:00,0,0,0,1,0,0,1,0,0,1,0,0,1,0,0,1,0,0,1,0,0,1,0,10,A,7,10,A,7,2.2,A,7,1.7,A,7,96,A,7,981,A,7,20,A,7,5.2,A,7,4000,B,7,122,A,7,1.2,E,8,0.000,F,8,0.00,F,8,0,1,D,9,45,C,8
04/30/1994,22:00,0,0,0,1,0,0,1,0,0,1,0,0,1,0,0,1,0,0,1,0,0,1,0,10,A,7,10,A,7,3.6,A,7,2.6,A,7,96,A,7,981,A,7,20,A,7,5.3,A,7,4000,B,7,213,A,7,1.2,E,8,0.000,F,8,0.00,F,8,0,1,D,9,45,C,8
04/30/1994,23:00,0,0,0,1,0,0,1,0,0,1,0,0,1,0,0,1,0,0,1,0,0,1,0,10,A,7,10,A,7,5.1,A,7,3.6,A,7,96,A,7,981,A,7,360,A,7,5.5,A,7,4000,B,7,122,A,7,1.2,E,8,0.000,F,8,0.00,F,8,0,1,D,9,45,C,8
04/30/1994,24:00,0,0,0,1,0,0,1,0,0,1,0,0,1,0,0,1,0,0,1,0,0,1,0,10,A,7,10,A,7,6.5,A,7,4.5,A,7,96,A,7,980,A,7,360,A,7,5.6,A,7,6400,B,7,152,A,7,1.2,E,8,0.000,F,8,0.00,F,8,3,1,D,9,45,C,8
05/01/1985,01:00,0,0,0,1,0,0,1,0,0,1,0,0,1,0,0,1,0,0,1,0,0,1,0,10,A,7,10,A,7,7.9,A,7,5.5,A,7,58,A,7,985,A,7,360,A,7,5.8,A,7,16100,B,7,7620,A,7,1.6,E,8,0.000,?,0,0.00,?,0,0,1,D,9,00,C,8
05/01/1985,02:00,0,0,0,1,0,0,1,0,0,1,0,0,1,0,0,1,0,0,1,0,0,1,0,10,A,7,10,A,7,9.3,A,7,6.4,A,7,70,A,7,984,A,7,40,A,7,5.9,A,7,16100,B,7,4570,A,7,1.9,E,8,0.000,?,0,0.00,?,0,0,1,D,9,00,C,8
05/01/1985,03:00,0,0,0,1,0,0,1,0,0,1,0,0,1,0,0,1,0,0,1,0,0,1,0,10,A,7,10,A,7,10.8,A,7,7.4,A,7,69,A,7,984,A,7,40,A,7,6.1,A,7,16100,B,7,4570,A,7,1.7,E,8,0.000,?,0,0.00,?,0,0,1,D,9,00,C,8
05/01/1985,04:00,0,0,0,1,0,0,1,0,0,1,0,0,1,0,0,1,0,0,1,0,0,1,0,10,A,7,10,A,7,12.2,A,7,8.3,A,7,77,A,7,985,A,7,40,A,7,6.2,A,7,12900,B,7,3350,A,7,1.7,E,8,0.000,?,0,0.00,?,0,0,1,D,9,00,C,8
05/01/1985,05:00,0,0,0,1,0,0,1,0,0,1,0,0,1,0,0,1,0,0,1,0,0,1,0,10,A,7,10,A,7,11.1,A,7,7.2,A,7,77,A,7,985,A,7,50,A,7,7.2,A,7,12900,B,7,3350,A,7,1.6,E,8,0.000,?,0,0.00,?,0,0,1,D,9,00,C,8
05/01/1985,06:00,20,572,5,1,13,0,1,9,5,1,13,0,1,13,0,1,9,0,1,13,0,1,21,10,A,7,10,A,7,10.0,A,7,5.0,A,7,71,A,7,986,A,7,50,A,7,7.2,A,7,16100,B,7,3350,A,7,1.4,E,8,0.000,F,8,0.00,?,0,0,1,D,9,00,C,8
05/01/1985,07:00,219,1346,50,1,13,11,1,9,49,1,13,57,1,13,2,1,9,57,1,13,172,1,21,10,A,7,9,A,7,10.0,A,7,3.9,A,7,66,A,7,987,A,7,50,A,7,6.7,A,7,16100,B,7,3350,A,7,1.3,E,8,0.000,F,8,0.00,?,0,0,1,D,9,00,C,8
05/01/1985,08:00,464,1346,107,1,9,38,1,9,94,1,13,118,1,9,35,1,9,106,1,13,272,1,18,10,A,7,9,A,7,10.0,A,7,3.9,A,7,66,A,7,988,A,7,60,A,7,8.8,A,7,16100,B,7,3350,A,7,1.3,E,8,0.000,F,8,0.00,?,0,0,1,D,9,00,C,8
05/01/1985,09:00,695,1346,375,1,13,314,1,13,213,1,13,402,1,13,327,1,13,233,1,13,489,1,23,9,A,7,7,A,7,10.6,A,7,2.8,A,7,59,A,7,989,A,7,40,A,7,8.2,A,7,16100,B,7,7620,A,7,1.3,E,8,0.000,F,8,0.00,?,0,0,1,D,9,00,C,8
05/01/1985,10:00,896,1346,272,1,9,71,1,9,225,1,13,301,1,9,72,1,9,253,1,13,807,1,18,10,A,7,9,A,7,12.2,A,7,2.2,A,7,51,A,7,989,A,7,60,A,7,8.2,A,7,16100,B,7,7620,A,7,1.2,E,8,0.000,F,8,0.00,?,0,0,1,D,9,00,C,8
05/01/1985,11:00,1051,1346,369,1,9,57,1,9,325,1,13,408,1,9,58,1,9,362,1,13,1283,1,18,10,A,7,9,A,7,13.3,A,7,3.3,A,7,51,A,7,989,A,7,40,A,7,8.2,A,7,16100,B,7,7620,A,7,1.3,E,8,0.000,F,8,0.00,?,0,0,1,D,9,00,C,8
05/01/1985,12:00,1152,1346,467,1,9,98,1,9,384,1,13,517,1,9,101,1,9,430,1,13,1684,1,18,10,A,7,9,A,7,14.4,A,7,5.0,A,7,53,A,7,989,A,7,50,A,7,7.7,A,7,16100,B,7,7620,A,7,1.4,E,8,0.000,F,8,0.00,?,0,0,1,D,9,00,C,8
05/01/1985,13:00,1190,1346,346,1,9,32,1,9,318,1,13,383,1,9,33,1,9,355,1,13,1522,1,18,10,A,7,9,A,7,15.6,A,7,5.0,A,7,50,A,7,989,A,7,60,A,7,8.2,A,7,16100,B,7,7620,A,7,1.5,E,8,0.000,F,8,0.00,?,0,0,1,D,9,00,C,8
05/01/1985,14:00,1164,1346,237,1,9,5,1,9,232,1,13,287,1,9,4,1,9,284,1,13,1140,1,18,10,A,7,10,A,7,14.4,A,7,4.4,A,7,51,A,7,988,A,7,40,A,7,7.7,A,7,16100,B,7,7620,A,7,1.4,E,8,0.000,F,8,0.00,?,0,0,1,D,9,00,C,8
05/01/1985,15:00,1074,1346,330,1,9,12,1,9,321,1,13,387,1,9,11,1,9,378,1,13,1431,1,18,10,A,7,10,A,7,12.8,A,7,3.9,A,7,55,A,7,988,A,7,50,A,7,8.8,A,7,16100,B,7,7620,A,7,1.3,E,8,0.000,F,8,0.00,?,0,0,1,D,9,00,C,8
05/01/1985,16:00,928,1346,285,1,9,62,1,9,242,1,13,314,1,9,63,1,9,271,1,13,884,1,18,10,A,7,8,A,7,12.8,A,7,3.9,A,7,55,A,7,988,A,7,40,A,7,8.2,A,7,16100,B,7,7620,A,7,1.3,E,8,0.000,F,8,0.00,?,0,0,1,D,9,00,C,8
05/01/1985,17:00,735,1346,390,1,13,318,1,13,217,1,13,421,1,13,334,1,13,238,1,13,507,1,23,10,A,7,7,A,7,12.2,A,7,2.8,A,7,53,A,7,988,A,7,50,A,7,8.2,A,7,16100,B,7,7620,A,7,1.3,E,8,0.000,F,8,0.00,?,0,0,1,D,9,00,C,8
05/01/1985,18:00,509,1346,226,1,13,148,1,13,171,1,13,246,1,13,143,1,13,191,1,13,396,1,23,10,A,7,7,A,7,11.7,A,7,3.3,A,7,57,A,7,988,A,7,20,A,7,6.2,A,7,16100,B,7,7620,A,7,1.3,E,8,0.000,F,8,0.00,?,0,0,1,D,9,00,C,8
05/01/1985,19:00,265,1346,60,1,13,15,1,9,58,1,13,67,1,13,12,1,9,65,1,13,151,1,21,10,A,7,9,A,7,10.6,A,7,3.9,A,7,64,A,7,989,A,7,40,A,7,5.7,A,7,16100,B,7,6100,A,7,1.4,E,8,0.000,F,8,0.00,?,0,0,1,D,9,00,C,8
05/01/1985,20:00,43,841,12,1,13,3,1,9,12,1,13,14,1,13,0,1,9,14,1,13,43,1,21,10,A,7,8,A,7,9.4,A,7,2.8,A,7,64,A,7,989,A,7,40,A,7,6.2,A,7,16100,B,7,6100,A,7,1.3,E,8,0.000,F,8,0.00,?,0,0,1,D,9,00,C,8
05/01/1985,21:00,0,0,0,1,0,0,1,0,0,1,0,0,1,0,0,1,0,0,1,0,0,1,0,10,A,7,9,A,7,7.8,A,7,2.2,A,7,68,A,7,989,A,7,40,A,7,6.2,A,7,16100,B,7,6100,A,7,1.2,E,8,0.000,?,0,0.00,?,0,0,1,D,9,00,C,8
05/01/1985,22:00,0,0,0,1,0,0,1,0,0,1,0,0,1,0,0,1,0,0,1,0,0,1,0,9,A,7,8,A,7,7.2,A,7,1.7,A,7,68,A,7,989,A,7,30,A,7,5.7,A,7,16100,B,7,6100,A,7,1.2,E,8,0.000,?,0,0.00,?,0,0,1,D,9,00,C,8
05/01/1985,23:00,0,0,0,1,0,0,1,0,0,1,0,0,1,0,0,1,0,0,1,0,0,1,0,9,A,7,8,A,7,6.7,A,7,1.1,A,7,68,A,7,989,A,7,50,A,7,5.2,A,7,16100,B,7,6100,A,7,1.1,E,8,0.000,?,0,0.00,?,0,0,1,D,9,00,C,8
05/01/1985,24:00,0,0,0,1,0,0,1,0,0,1,0,0,1,0,0,1,0,0,1,0,0,1,0,10,A,7,8,A,7,5.6,A,7,-0.6,A,7,65,A,7,989,A,7,40,A,7,3.6,A,7,16100,B,7,6100,A,7,1.0,E,8,0.000,?,0,0.00,?,0,0,1,D,9,00,C,8
05/02/1985,01:00,0,0,0,1,0,0,1,0,0,1,0,0,1,0,0,1,0,0,1,0,0,1,0,10,A,7,8,A,7,5.6,A,7,-1.1,A,7,63,A,7,989,A,7,50,A,7,5.2,A,7,32200,B,7,7620,A,7,1.0,E,8,0.000,?,0,0.00,?,0,0,1,D,9,00,C,8
05/02/1985,02:00,0,0,0,1,0,0,1,0,0,1,0,0,1,0,0,1,0,0,1,0,0,1,0,10,A,7,7,A,7,5.0,A,7,-2.2,A,7,60,A,7,989,A,7,50,A,7,4.6,A,7,32200,B,7,7620,A,7,0.9,E,8,0.000,?,0,0.00,?,0,0,1,D,9,00,C,8
05/02/1985,03:00,0,0,0,1,0,0,1,0,0,1,0,0,1,0,0,1,0,0,1,0,0,1,0,8,A,7,5,A,7,4.4,A,7,-2.2,A,7,62,A,7,988,A,7,50,A,7,3.6,A,7,32200,B,7,7620,A,7,0.9,E,8,0.000,?,0,0.00,?,0,0,1,D,9,00,C,8
05/02/1985,04:00,0,0,0,1,0,0,1,0,0,1,0,0,1,0,0,1,0,0,1,0,0,1,0,8,A,7,4,A,7,3.3,A,7,-2.2,A,7,67,A,7,988,A,7,40,A,7,3.6,A,7,32200,B,7,77777,A,7,0.9,E,8,0.000,?,0,0.00,?,0,0,1,D,9,00,C,8
05/02/1985,05:00,0,0,0,1,0,0,1,0,0,1,0,0,1,0,0,1,0,0,1,0,0,1,0,8,A,7,4,A,7,3.3,A,7,-1.7,A,7,70,A,7,988,A,7,40,A,7,3.6,A,7,32200,B,7,77777,A,7,1.0,E,8,0.000,?,0,0.00,?,0,0,1,D,9,00,C,8
05/02/1985,06:00,22,617,7,1,13,6,1,13,7,1,13,0,1,13,0,1,13,0,1,13,0,1,23,8,A,7,6,A,7,3.3,A,7,-1.7,A,7,70,A,7,988,A,7,40,A,7,3.6,A,7,24100,B,7,7620,A,7,1.0,E,8,0.000,F,8,0.00,?,0,0,1,D,9,00,C,8
05/02/1985,07:00,224,1345,68,1,13,67,1,13,57,1,13,74,1,13,48,1,13,66,1,13,121,1,23,8,A,7,6,A,7,3.9,A,7,-1.1,A,7,70,A,7,989,A,7,40,A,7,5.2,A,7,24100,B,7,7620,A,7,1.0,E,8,0.000,F,8,0.00,?,0,0,1,D,9,00,C,8
05/02/1985,08:00,469,1345,239,1,13,329,1,13,125,1,13,256,1,13,313,1,13,147,1,13,251,1,23,9,A,7,4,A,7,6.1,A,7,1.1,A,7,71,A,7,989,A,7,30,A,7,5.2,A,7,24100,B,7,77777,A,7,1.1,E,8,0.000,F,8,0.00,?,0,0,1,D,9,00,C,8
05/02/1985,09:00,699,1345,416,1,13,423,1,13,196,1,13,435,1,13,425,1,13,214,1,13,427,1,23,8,A,7,4,A,7,10.0,A,7,2.2,A,7,59,A,7,990,A,7,50,A,7,5.2,A,7,24100,B,7,77777,A,7,1.2,E,8,0.000,F,8,0.00,?,0,0,1,D,9,00,C,8
05/02/1985,10:00,899,1345,536,1,13,471,1,13,222,1,13,575,1,13,487,1,13,249,1,13,583,1,23,9,A,7,6,A,7,13.9,A,7,2.2,A,7,46,A,7,990,A,7,40,A,7,7.2,A,7,24100,B,7,7620,A,7,1.2,E,8,0.000,F,8,0.00,?,0,0,1,D,9,00,C,8
05/02/1985,11:00,1055,1345,539,1,13,264,1,13,332,1,13,588,1,13,286,1,13,364,1,13,1124,1,23,9,A,7,7,A,7,15.6,A,7,0.6,A,7,36,A,7,990,A,7,50,A,7,8.2,A,7,24100,B,7,7620,A,7,1.1,E,8,0.000,F,8,0.00,?,0,0,1,D,9,00,C,8
05/02/1985,12:00,1155,1345,580,1,13,246,1,13,370,1,13,637,1,13,267,1,13,407,1,13,1556,1,23,8,A,7,7,A,7,16.7,A,7,0.6,A,7,34,A,7,989,A,7,50,A,7,7.7,A,7,24100,B,7,7620,A,7,1.1,E,8,0.000,F,8,0.00,?,0,0,1,D,9,00,C,8
05/02/1985,13:00,1193,1345,651,1,13,460,1,13,244,1,13,722,1,13,483,1,13,293,1,13,1224,1,23,8,A,7,5,A,7,17.2,A,7,-0.6,A,7,30,A,7,989,A,7,60,A,7,6.7,A,7,24100,B,7,7620,A,7,1.0,E,8,0.000,F,8,0.00,?,0,0,1,D,9,00,C,8
05/02/1985,14:00,1166,1345,633,1,13,274,1,13,396,1,13,692,1,13,297,1,13,433,1,13,1729,1,23,9,A,7,7,A,7,17.8,A,7,0.0,A,7,30,A,7,988,A,7,50,A,7,8.8,A,7,24100,B,7,7620,A,7,1.1,E,8,0.000,F,8,0.00,?,0,0,1,D,9,00,C,8
05/02/1985,15:00,1077,1345,608,1,13,418,1,13,274,1,13,656,1,13,436,1,13,306,1,13,991,1,23,7,A,7,5,A,7,18.3,A,7,-1.1,A,7,27,A,7,988,A,7,50,A,7,8.8,A,7,24100,B,7,7620,A,7,1.0,E,8,0.000,F,8,0.00,?,0,0,1,D,9,00,C,8
05/02/1985,16:00,931,1345,650,1,13,693,1,13,172,1,13,689,1,13,702,1,13,202,1,13,472,1,23,4,A,7,3,A,7,18.3,A,7,-1.1,A,7,27,A,7,988,A,7,40,A,7,7.7,A,7,24100,B,7,77777,A,7,1.0,E,8,0.000,F,8,0.00,?,0,0,1,D,9,00,C,8
05/02/1985,17:00,738,1345,517,1,13,726,1,13,121,1,13,549,1,13,726,1,13,150,1,13,272,1,23,3,A,7,3,A,7,18.3,A,7,-1.7,A,7,26,A,7,988,A,7,40,A,7,7.2,A,7,24100,B,7,77777,A,7,1.0,E,8,0.000,F,8,0.00,?,0,0,1,D,9,00,C,8
05/02/1985,18:00,512,1345,256,1,13,383,1,13,112,1,13,274,1,13,364,1,13,136,1,13,214,1,23,3,A,7,3,A,7,17.2,A,7,-1.1,A,7,29,A,7,988,A,7,30,A,7,8.2,A,7,24100,B,7,77777,A,7,1.0,E,8,0.000,F,8,0.00,?,0,0,1,D,9,00,C,8
05/02/1985,19:00,269,1345,127,1,13,431,1,9,43,1,13,134,1,13,332,1,9,68,1,13,80,1,21,2,A,7,1,A,7,15.6,A,7,-1.7,A,7,31,A,7,989,A,7,30,A,7,6.2,A,7,24100,B,7,77777,A,7,1.0,E,8,0.000,F,8,0.00,?,0,0,1,D,9,00,C,8
05/02/1985,20:00,45,863,20,1,13,66,1,9,14,1,13,19,1,13,24,1,9,18,1,13,24,1,21,2,A,7,1,A,7,12.2,A,7,-2.8,A,7,35,A,7,989,A,7,50,A,7,5.2,A,7,24100,B,7,77777,A,7,0.9,E,8,0.000,F,8,0.00,?,0,0,1,D,9,00,C,8
05/02/1985,21:00,0,0,0,1,0,0,1,0,0,1,0,0,1,0,0,1,0,0,1,0,0,1,0,0,A,7,0,A,7,9.4,A,7,-2.2,A,7,44,A,7,990,A,7,40,A,7,3.6,A,7,24100,B,7,77777,A,7,0.9,E,8,0.000,?,0,0.00,?,0,0,1,D,9,00,C,8
05/02/1985,22:00,0,0,0,1,0,0,1,0,0,1,0,0,1,0,0,1,0,0,1,0,0,1,0,0,A,7,0,A,7,8.3,A,7,-1.7,A,7,50,A,7,990,A,7,50,A,7,3.1,A,7,24100,B,7,77777,A,7,1.0,E,8,0.000,?,0,0.00,?,0,0,1,D,9,00,C,8
05/02/1985,23:00,0,0,0,1,0,0,1,0,0,1,0,0,1,0,0,1,0,0,1,0,0,1,0,0,A,7,0,A,7,6.7,A,7,-0.6,A,7,60,A,7,990,A,7,20,A,7,3.1,A,7,32200,B,7,77777,A,7,1.0,E,8,0.000,?,0,0.00,?,0,0,1,D,9,00,C,8
05/02/1985,24:00,0,0,0,1,0,0,1,0,0,1,0,0,1,0,0,1,0,0,1,0,0,1,0,0,A,7,0,A,7,6.1,A,7,-1.7,A,7,58,A,7,990,A,7,10,A,7,3.1,A,7,32200,B,7,77777,A,7,1.0,E,8,0.000,?,0,0.00,?,0,0,1,D,9,00,C,8
05/03/1985,01:00,0,0,0,1,0,0,1,0,0,1,0,0,1,0,0,1,0,0,1,0,0,1,0,0,A,7,0,A,7,5.0,A,7,-2.2,A,7,60,A,7,990,A,7,10,A,7,2.6,A,7,32200,B,7,77777,A,7,0.9,E,8,0.000,?,0,0.00,?,0,0,1,D,9,00,C,8
05/03/1985,02:00,0,0,0,1,0,0,1,0,0,1,0,0,1,0,0,1,0,0,1,0,0,1,0,0,A,7,0,A,7,3.9,A,7,-2.8,A,7,62,A,7,990,A,7,20,A,7,2.1,A,7,32200,B,7,77777,A,7,0.9,E,8,0.000,?,0,0.00,?,0,0,1,D,9,00,C,8
05/03/1985,03:00,0,0,0,1,0,0,1,0,0,1,0,0,1,0,0,1,0,0,1,0,0,1,0,0,A,7,0,A,7,2.8,A,7,-3.3,A,7,65,A,7,990,A,7,350,A,7,1.5,A,7,32200,B,7,77777,A,7,0.9,E,8,0.000,?,0,0.00,?,0,0,1,D,9,00,C,8
05/03/1985,04:00,0,0,0,1,0,0,1,0,0,1,0,0,1,0,0,1,0,0,1,0,0,1,0,0,A,7,0,A,7,1.1,A,7,-3.3,A,7,73,A,7,990,A,7,350,A,7,2.1,A,7,32200,B,7,77777,A,7,0.9,E,8,0.000,?,0,0.00,?,0,0,1,D,9,00,C,8
05/03/1985,05:00,0,0,0,1,0,0,1,0,0,1,0,0,1,0,0,1,0,0,1,0,0,1,0,0,A,7,0,A,7,1.1,A,7,-2.2,A,7,79,A,7,991,A,7,0,A,7,0.0,A,7,32200,B,7,77777,A,7,0.9,E,8,0.000,?,0,0.00,?,0,0,1,D,9,00,C,8
05/03/1985,06:00,25,639,10,1,13,1,1,9,10,1,13,0,1,13,0,1,9,0,1,13,0,1,21,0,A,7,0,A,7,0.0,A,7,-2.8,A,7,82,A,7,991,A,7,290,A,7,1.5,A,7,24100,B,7,77777,A,7,0.9,E,8,0.000,F,8,0.00,?,0,0,1,D,9,00,C,8
05/03/1985,07:00,228,1344,79,1,13,112,1,9,60,1,13,86,1,13,81,1,9,72,1,13,128,1,21,0,A,7,0,A,7,3.3,A,7,1.1,A,7,86,A,7,992,A,7,360,A,7,1.5,A,7,24100,B,7,77777,A,7,1.1,E,8,0.000,F,8,0.00,?,0,0,1,D,9,00,C,8
05/03/1985,08:00,473,1344,240,1,9,353,1,9,117,1,13,253,1,9,328,1,9,138,1,13,224,1,18,0,A,7,0,A,7,9.4,A,7,5.6,A,7,77,A,7,992,A,7,20,A,7,2.6,A,7,24100,B,7,77777,A,7,1.5,E,8,0.000,F,8,0.00,?,0,0,1,D,9,00,C,8
05/03/1985,09:00,703,1344,436,1,9,513,1,9,168,1,13,465,1,9,518,1,9,193,1,13,361,1,18,0,A,7,0,A,7,12.2,A,7,4.4,A,7,59,A,7,993,A,7,0,A,7,0.0,A,7,24100,B,7,77777,A,7,1.4,E,8,0.000,F,8,0.00,?,0,0,1,D,9,00,C,8
05/03/1985,10:00,903,1344,619,1,9,614,1,9,208,1,13,644,1,9,614,1,9,231,1,13,531,1,18,0,A,7,0,A,7,14.4,A,7,3.9,A,7,49,A,7,993,A,7,0,A,7,0.0,A,7,24100,B,7,77777,A,7,1.3,E,8,0.000,F,8,0.00,?,0,0,1,D,9,00,C,8
05/03/1985,11:00,1058,1344,768,1,9,679,1,9,235,1,13,807,1,9,685,1,9,266,1,13,792,1,18,0,A,7,0,A,7,16.1,A,7,1.7,A,7,38,A,7,993,A,7,110,A,7,2.1,A,7,24100,B,7,77777,A,7,1.2,E,8,0.000,F,8,0.00,?,0,0,1,D,9,00,C,8
05/03/1985,12:00,1157,1344,862,1,9,711,1,9,251,1,13,911,1,9,720,1,9,289,1,13,1101,1,18,0,A,7,0,A,7,16.7,A,7,2.2,A,7,38,A,7,992,A,7,0,A,7,0.0,A,7,24100,B,7,77777,A,7,1.2,E,8,0.000,F,8,0.00,?,0,0,1,D,9,00,C,8
05/03/1985,13:00,1195,1344,898,1,9,722,1,9,257,1,13,951,1,9,732,1,9,298,1,13,1282,1,18,0,A,7,0,A,7,17.8,A,7,1.7,A,7,34,A,7,992,A,7,360,A,7,3.1,A,7,24100,B,7,77777,A,7,1.2,E,8,0.000,F,8,0.00,?,0,0,1,D,9,00,C,8
05/03/1985,14:00,1169,1344,828,1,9,677,1,9,240,1,13,878,1,9,688,1,9,279,1,13,1097,1,18,1,A,7,1,A,7,18.3,A,7,1.1,A,7,32,A,7,991,A,7,20,A,7,5.2,A,7,24100,B,7,77777,A,7,1.2,E,8,0.000,F,8,0.00,?,0,0,1,D,9,00,C,8
05/03/1985,15:00,1080,1344,754,1,13,578,1,13,290,1,13,808,1,13,603,1,13,323,1,13,1060,1,23,3,A,7,3,A,7,18.3,A,7,1.1,A,7,32,A,7,991,A,7,70,A,7,1.5,A,7,24100,B,7,77777,A,7,1.2,E,8,0.000,F,8,0.00,?,0,0,1,D,9,00,C,8
05/03/1985,16:00,934,1344,595,1,13,478,1,13,264,1,13,631,1,13,495,1,13,286,1,13,738,1,23,3,A,7,3,A,7,18.9,A,7,1.7,A,7,32,A,7,990,A,7,210,A,7,2.1,A,7,24100,B,7,77777,A,7,1.2,E,8,0.000,F,8,0.00,?,0,0,1,D,9,00,C,8
05/03/1985,17:00,741,1344,439,1,9,448,1,9,194,1,13,466,1,9,455,1,9,215,1,13,433,1,18,2,A,7,2,A,7,18.9,A,7,1.7,A,7,32,A,7,990,A,7,250,A,7,2.1,A,7,24100,B,7,77777,A,7,1.2,E,8,0.000,F,8,0.00,?,0,0,1,D,9,00,C,8
05/03/1985,18:00,516,1344,254,1,9,300,1,9,140,1,13,273,1,9,293,1,9,160,1,13,287,1,18,2,A,7,2,A,7,18.9,A,7,1.1,A,7,31,A,7,989,A,7,240,A,7,2.1,A,7,24100,B,7,77777,A,7,1.2,E,8,0.000,F,8,0.00,?,0,0,1,D,9,00,C,8
05/03/1985,19:00,273,1344,90,1,13,143,1,9,62,1,13,97,1,13,108,1,9,75,1,13,114,1,21,1,A,7,1,A,7,17.2,A,7,2.8,A,7,38,A,7,989,A,7,230,A,7,2.6,A,7,24100,B,7,77777,A,7,1.3,E,8,0.000,F,8,0.00,?,0,0,1,D,9,00,C,8
05/03/1985,20:00,48,885,17,1,13,3,1,9,17,1,13,19,1,13,0,1,9,19,1,13,58,1,21,0,A,7,0,A,7,14.4,A,7,2.8,A,7,46,A,7,989,A,7,230,A,7,3.1,A,7,32200,B,7,77777,A,7,1.3,E,8,0.000,F,8,0.00,?,0,0,1,D,9,00,C,8
05/03/1985,21:00,0,0,0,1,0,0,1,0,0,1,0,0,1,0,0,1,0,0,1,0,0,1,0,0,A,7,0,A,7,10.6,A,7,3.3,A,7,61,A,7,989,A,7,230,A,7,2.1,A,7,32200,B,7,77777,A,7,1.3,E,8,0.000,?,0,0.00,?,0,0,1,D,9,00,C,8
05/03/1985,22:00,0,0,0,1,0,0,1,0,0,1,0,0,1,0,0,1,0,0,1,0,0,1,0,2,A,7,2,A,7,10.6,A,7,3.9,A,7,64,A,7,990,A,7,270,A,7,2.6,A,7,32200,B,7,77777,A,7,1.4,E,8,0.000,?,0,0.00,?,0,0,1,D,9,00,C,8
05/03/1985,23:00,0,0,0,1,0,0,1,0,0,1,0,0,1,0,0,1,0,0,1,0,0,1,0,3,A,7,3,A,7,8.9,A,7,4.4,A,7,74,A,7,989,A,7,250,A,7,1.5,A,7,24100,B,7,77777,A,7,1.4,E,8,0.000,?,0,0.00,?,0,0,1,D,9,00,C,8
05/03/1985,24:00,0,0,0,1,0,0,1,0,0,1,0,0,1,0,0,1,0,0,1,0,0,1,0,0,A,7,0,A,7,7.8,A,7,2.8,A,7,71,A,7,989,A,7,160,A,7,1.5,A,7,24100,B,7,77777,A,7,1.3,E,8,0.000,?,0,0.00,?,0,0,1,D,9,00,C,8
05/04/1985,01:00,0,0,0,1,0,0,1,0,0,1,0,0,1,0,0,1,0,0,1,0,0,1,0,0,A,7,0,A,7,6.7,A,7,2.2,A,7,74,A,7,989,A,7,160,A,7,1.5,A,7,24100,B,7,77777,A,7,1.2,E,8,0.000,?,0,0.00,?,0,0,1,D,9,00,C,8
05/04/1985,02:00,0,0,0,1,0,0,1,0,0,1,0,0,1,0,0,1,0,0,1,0,0,1,0,0,A,7,0,A,7,5.0,A,7,1.1,A,7,76,A,7,988,A,7,0,A,7,0.0,A,7,24100,B,7,77777,A,7,1.1,E,8,0.000,?,0,0.00,?,0,0,1,D,9,00,C,8
05/04/1985,03:00,0,0,0,1,0,0,1,0,0,1,0,0,1,0,0,1,0,0,1,0,0,1,0,0,A,7,0,A,7,5.0,A,7,1.1,A,7,76,A,7,988,A,7,0,A,7,0.0,A,7,24100,B,7,77777,A,7,1.1,E,8,0.000,?,0,0.00,?,0,0,1,D,9,00,C,8
05/04/1985,04:00,0,0,0,1,0,0,1,0,0,1,0,0,1,0,0,1,0,0,1,0,0,1,0,0,A,7,0,A,7,5.0,A,7,1.1,A,7,76,A,7,988,A,7,50,A,7,1.5,A,7,24100,B,7,77777,A,7,1.1,E,8,0.000,?,0,0.00,?,0,0,1,D,9,00,C,8
05/04/1985,05:00,0,0,0,1,0,0,1,0,0,1,0,0,1,0,0,1,0,0,1,0,0,1,0,3,A,7,3,A,7,5.6,A,7,1.7,A,7,76,A,7,988,A,7,130,A,7,1.5,A,7,24100,B,7,77777,A,7,1.2,E,8,0.000,?,0,0.00,?,0,0,1,D,9,00,C,8
05/04/1985,06:00,27,661,5,1,13,0,1,9,5,1,13,6,1,13,0,1,9,6,1,13,19,1,21,10,A,7,10,A,7,7.2,A,7,3.9,A,7,80,A,7,988,A,7,200,A,7,2.1,A,7,24100,B,7,2130,A,7,1.3,E,8,0.000,F,8,0.00,?,0,0,1,D,9,00,C,8
05/04/1985,07:00,233,1344,50,1,13,1,1,9,49,1,13,56,1,13,0,1,9,56,1,13,176,1,21,10,A,7,10,A,7,10.0,A,7,6.7,A,7,80,A,7,988,A,7,220,A,7,3.1,A,7,24100,B,7,2130,A,7,1.6,E,8,0.000,F,8,0.00,?,0,0,1,D,9,00,C,8
05/04/1985,08:00,477,1344,86,1,9,3,1,9,85,1,13,100,1,9,2,1,9,100,1,13,354,1,18,10,A,7,10,A,7,11.7,A,7,6.7,A,7,72,A,7,988,A,7,220,A,7,4.1,A,7,24100,B,7,2130,A,7,1.6,E,8,0.000,F,8,0.00,?,0,0,1,D,9,00,C,8
05/04/1985,09:00,707,1344,176,1,9,4,1,9,174,1,13,204,1,9,3,1,9,202,1,13,741,1,18,10,A,7,10,A,7,13.3,A,7,7.8,A,7,69,A,7,988,A,7,200,A,7,3.1,A,7,24100,B,7,2130,A,7,1.7,E,8,0.000,F,8,0.00,?,0,0,1,D,9,00,C,8
05/04/1985,10:00,906,1344,303,1,9,6,1,9,299,1,13,348,1,9,6,1,9,344,1,13,1247,1,18,10,A,7,10,A,7,15.0,A,7,7.8,A,7,62,A,7,988,A,7,230,A,7,7.7,A,7,24100,B,7,2130,A,7,1.7,E,8,0.000,F,8,0.00,?,0,0,1,D,9,00,C,8
05/04/1985,11:00,1061,1344,286,1,9,2,1,9,285,1,13,338,1,9,2,1,9,337,1,13,1308,1,18,10,A,7,10,A,7,15.6,A,7,7.8,A,7,60,A,7,988,A,7,230,A,7,6.2,A,7,24100,B,7,2130,A,7,1.7,E,8,0.000,F,8,0.00,?,0,0,1,D,9,00,C,8
05/04/1985,12:00,1160,1344,352,1,9,4,1,9,348,1,13,414,1,9,4,1,9,411,1,13,1553,1,18,10,A,7,10,A,7,17.2,A,7,8.9,A,7,58,A,7,987,A,7,240,A,7,5.7,A,7,24100,B,7,2130,A,7,1.8,E,8,0.000,F,8,0.00,?,0,0,1,D,9,00,C,8
05/04/1985,13:00,1198,1344,418,1,9,4,1,9,415,1,13,489,1,9,4,1,9,485,1,13,1765,1,18,10,A,7,10,A,7,18.3,A,7,8.9,A,7,54,A,7,987,A,7,220,A,7,5.2,A,7,24100,B,7,2130,A,7,1.8,E,8,0.000,F,8,0.00,?,0,0,1,D,9,00,C,8
05/04/1985,14:00,1171,1344,646,1,9,307,1,9,379,1,13,709,1,9,334,1,9,418,1,13,1673,1,18,10,A,7,8,A,7,20.0,A,7,8.3,A,7,47,A,7,986,A,7,240,A,7,7.2,A,7,24100,B,7,3660,A,7,1.7,E,8,0.000,F,8,0.00,?,0,0,1,D,9,00,C,8
05/04/1985,15:00,1082,1344,530,1,9,198,1,9,371,1,13,583,1,9,211,1,9,413,1,13,1347,1,18,10,A,7,9,A,7,21.7,A,7,8.3,A,7,43,A,7,985,A,7,240,A,7,6.7,A,7,24100,B,7,3660,A,7,1.8,E,8,0.000,F,8,0.00,?,0,0,1,D,9,00,C,8
05/04/1985,16:00,936,1344,504,1,13,326,1,13,278,1,13,550,1,13,351,1,13,305,1,13,784,1,23,9,A,7,7,A,7,21.7,A,7,7.8,A,7,41,A,7,983,A,7,220,A,7,6.7,A,7,24100,B,7,7620,A,7,1.7,E,8,0.000,F,8,0.00,?,0,0,1,D,9,00,C,8
05/04/1985,17:00,744,1344,264,1,9,121,1,9,198,1,13,293,1,9,126,1,9,223,1,13,513,1,18,9,A,7,8,A,7,22.2,A,7,7.2,A,7,38,A,7,982,A,7,230,A,7,8.2,A,7,24100,B,7,7620,A,7,1.6,E,8,0.000,F,8,0.00,?,0,0,1,D,9,00,C,8
05/04/1985,18:00,519,1344,149,1,9,46,1,9,131,1,13,164,1,9,44,1,9,147,1,13,377,1,18,10,A,7,9,A,7,21.7,A,7,6.1,A,7,37,A,7,981,A,7,200,A,7,6.7,A,7,24100,B,7,7620,A,7,1.5,E,8,0.000,F,8,0.00,?,0,0,1,D,9,00,C,8
05/04/1985,19:00,277,1344,74,1,13,39,1,13,67,1,13,82,1,13,32,1,13,76,1,13,172,1,23,9,A,7,6,A,7,20.6,A,7,6.1,A,7,39,A,7,981,A,7,220,A,7,8.2,A,7,24100,B,7,7620,A,7,1.5,E,8,0.000,F,8,0.00,?,0,0,1,D,9,00,C,8
05/04/1985,20:00,51,907,16,1,13,2,1,13,16,1,13,18,1,13,0,1,13,18,1,13,56,1,23,8,A,7,4,A,7,19.4,A,7,6.1,A,7,42,A,7,981,A,7,200,A,7,7.2,A,7,24100,B,7,77777,A,7,1.5,E,8,0.000,F,8,0.00,?,0,0,1,D,9,00,C,8
05/04/1985,21:00,0,0,0,1,0,0,1,0,0,1,0,0,1,0,0,1,0,0,1,0,0,1,0,7,A,7,3,A,7,18.3,A,7,6.1,A,7,45,A,7,981,A,7,200,A,7,5.7,A,7,24100,B,7,77777,A,7,1.5,E,8,0.000,?,0,0.00,?,0,0,1,D,9,00,C,8
05/04/1985,22:00,0,0,0,1,0,0,1,0,0,1,0,0,1,0,0,1,0,0,1,0,0,1,0,9,A,7,6,A,7,17.2,A,7,6.7,A,7,50,A,7,980,A,7,200,A,7,6.7,A,7,24100,B,7,7620,A,7,1.6,E,8,0.000,?,0,0.00,?,0,0,1,D,9,00,C,8
05/04/1985,23:00,0,0,0,1,0,0,1,0,0,1,0,0,1,0,0,1,0,0,1,0,0,1,0,8,A,7,4,A,7,16.7,A,7,5.6,A,7,48,A,7,981,A,7,200,A,7,6.7,A,7,24100,B,7,77777,A,7,1.5,E,8,0.000,?,0,0.00,?,0,0,1,D,9,00,C,8
05/04/1985,24:00,0,0,0,1,0,0,1,0,0,1,0,0,1,0,0,1,0,0,1,0,0,1,0,7,A,7,2,A,7,17.2,A,7,4.4,A,7,43,A,7,981,A,7,210,A,7,8.8,A,7,24100,B,7,77777,A,7,1.4,E,8,0.000,?,0,0.00,?,0,0,1,D,9,00,C,8
05/05/1985,01:00,0,0,0,1,0,0,1,0,0,1,0,0,1,0,0,1,0,0,1,0,0,1,0,6,A,7,2,A,7,16.1,A,7,4.4,A,7,46,A,7,981,A,7,220,A,7,5.2,A,7,24100,B,7,77777,A,7,1.4,E,8,0.000,?,0,0.00,?,0,0,1,D,9,00,C,8
05/05/1985,02:00,0,0,0,1,0,0,1,0,0,1,0,0,1,0,0,1,0,0,1,0,0,1,0,6,A,7,2,A,7,16.1,A,7,5.6,A,7,50,A,7,980,A,7,210,A,7,5.2,A,7,24100,B,7,77777,A,7,1.5,E,8,0.000,?,0,0.00,?,0,0,1,D,9,00,C,8
05/05/1985,03:00,0,0,0,1,0,0,1,0,0,1,0,0,1,0,0,1,0,0,1,0,0,1,0,9,A,7,4,A,7,16.1,A,7,6.7,A,7,54,A,7,980,A,7,210,A,7,6.7,A,7,24100,B,7,77777,A,7,1.6,E,8,0.000,?,0,0.00,?,0,0,1,D,9,00,C,8
05/05/1985,04:00,0,0,0,1,0,0,1,0,0,1,0,0,1,0,0,1,0,0,1,0,0,1,0,9,A,7,5,A,7,15.6,A,7,7.2,A,7,58,A,7,979,A,7,210,A,7,6.2,A,7,24100,B,7,7620,A,7,1.6,E,8,0.000,?,0,0.00,?,0,0,1,D,9,00,C,8
05/05/1985,05:00,0,0,0,1,0,0,1,0,0,1,0,0,1,0,0,1,0,0,1,0,0,1,0,8,A,7,5,A,7,15.6,A,7,7.2,A,7,58,A,7,978,A,7,220,A,7,6.2,A,7,24100,B,7,7620,A,7,1.6,E,8,0.000,?,0,0.00,?,0,0,1,D,9,00,C,8
05/05/1985,06:00,29,705,10,1,13,1,1,13,10,1,13,12,1,13,0,1,13,12,1,13,36,1,23,10,A,7,3,A,7,14.4,A,7,8.3,A,7,67,A,7,978,A,7,220,A,7,6.7,A,7,24100,B,7,77777,A,7,1.7,E,8,0.000,F,8,0.00,?,0,0,1,D,9,00,C,8
05/05/1985,07:00,238,1343,41,1,13,3,1,9,41,1,13,48,1,13,1,1,9,48,1,13,154,1,21,10,A,7,10,A,7,13.9,A,7,8.9,A,7,72,A,7,978,A,7,220,A,7,7.7,A,7,24100,B,7,2440,A,7,1.8,E,8,0.000,F,8,0.00,?,0,0,1,D,9,00,C,8
05/05/1985,08:00,482,1343,119,1,9,2,1,9,119,1,13,136,1,9,1,1,9,136,1,13,460,1,18,10,A,7,10,A,7,15.0,A,7,10.0,A,7,72,A,7,978,A,7,230,A,7,8.2,A,7,24100,B,7,2440,A,7,1.9,E,8,0.000,F,8,0.00,?,0,0,1,D,9,00,C,8
05/05/1985,09:00,711,1343,165,1,9,6,1,9,162,1,13,192,1,9,5,1,9,190,1,13,704,1,18,10,A,7,10,A,7,16.7,A,7,12.2,A,7,75,A,7,978,A,7,230,A,7,7.7,A,7,24100,B,7,2740,A,7,2.2,E,8,0.000,F,8,0.00,?,0,0,1,D,9,00,C,8
05/05/1985,10:00,909,1343,259,1,9,7,1,9,254,1,13,301,1,9,6,1,9,297,1,13,1118,1,18,10,A,7,10,A,7,18.3,A,7,12.8,A,7,70,A,7,978,A,7,230,A,7,7.7,A,7,24100,B,7,2740,A,7,2.3,E,8,0.000,F,8,0.00,?,0,0,1,D,9,00,C,8
05/05/1985,11:00,1063,1343,475,1,9,201,1,9,316,1,13,527,1,9,215,1,9,357,1,13,1115,1,18,9,A,7,9,A,7,20.0,A,7,12.8,A,7,63,A,7,978,A,7,250,A,7,8.8,A,7,24100,B,7,1220,A,7,2.3,E,8,0.000,F,8,0.00,?,0,0,1,D,9,00,C,8
05/05/1985,12:00,1163,1343,536,1,9,93,1,9,456,1,13,592,1,9,96,1,9,508,1,13,1982,1,18,9,A,7,9,A,7,20.6,A,7,12.8,A,7,61,A,7,978,A,7,250,A,7,9.8,A,7,24100,B,7,2440,A,7,2.3,E,8,0.000,F,8,0.00,?,0,0,1,D,9,00,C,8
05/05/1985,13:00,1200,1343,373,1,9,13,1,9,362,1,13,441,1,9,12,1,9,431,1,13,1613,1,18,9,A,7,9,A,7,21.7,A,7,12.8,A,7,57,A,7,978,A,7,230,A,7,8.8,A,7,24100,B,7,3050,A,7,2.3,E,8,0.000,F,8,0.00,?,0,0,1,D,9,00,C,8
05/05/1985,14:00,1174,1343,700,1,13,351,1,13,393,1,13,766,1,13,381,1,13,432,1,13,1756,1,23,10,A,7,7,A,7,21.7,A,7,12.8,A,7,57,A,7,978,A,7,240,A,7,8.8,A,7,24100,B,7,2130,A,7,2.3,E,8,0.000,F,8,0.00,?,0,0,1,D,9,00,C,8
05/05/1985,15:00,1084,1343,304,1,9,0,1,9,304,1,13,358,1,9,0,1,9,358,1,13,1382,1,18,10,A,7,10,A,7,22.8,A,7,14.4,A,7,60,A,7,978,A,7,250,A,7,8.8,A,7,24100,B,7,3050,A,7,2.5,E,8,0.000,F,8,0.00,?,0,0,1,D,9,00,C,8
05/05/1985,16:00,939,1343,250,1,9,80,1,9,195,1,13,283,1,9,86,1,9,223,1,13,589,1,18,10,A,7,9,A,7,22.2,A,7,14.4,A,7,62,A,7,978,A,7,250,A,7,9.3,A,7,24100,B,7,3050,A,7,2.5,E,8,0.000,F,8,0.00,?,0,0,1,D,9,00,C,8
05/05/1985,17:00,747,1343,132,1,9,1,1,9,131,1,13,157,1,9,1,1,9,156,1,13,608,1,18,10,A,7,10,A,7,20.6,A,7,12.8,A,7,61,A,7,979,A,7,260,A,7,12.4,A,7,11300,B,7,910,A,7,2.3,E,8,0.000,F,8,0.00,?,0,0,1,D,9,00,C,8
05/05/1985,18:00,523,1343,72,1,9,14,1,9,67,1,13,80,1,9,13,1,9,75,1,13,210,1,18,10,A,7,10,A,7,16.7,A,7,14.4,A,7,87,A,7,979,A,7,240,A,7,9.3,A,7,4000,B,7,700,A,7,2.5,E,8,0.000,F,8,0.00,?,0,8,1,D,9,00,C,8
05/05/1985,19:00,281,1343,23,1,13,0,1,9,23,1,13,28,1,13,0,1,9,28,1,13,97,1,21,10,A,7,10,A,7,15.6,A,7,15.0,A,7,97,A,7,979,A,7,230,A,7,5.2,A,7,4000,B,7,240,A,7,2.6,E,8,0.000,F,8,0.00,?,0,23,1,D,9,45,C,8
05/05/1985,20:00,53,929,9,1,13,0,1,9,9,1,13,11,1,13,0,1,9,11,1,13,34,1,21,10,A,7,10,A,7,15.0,A,7,15.0,A,7,100,A,7,979,A,7,230,A,7,3.6,A,7,1600,B,7,1370,A,7,2.6,E,8,0.000,F,8,0.00,?,0,0,1,D,9,45,C,8
05/05/1985,21:00,0,0,0,1,0,0,1,0,0,1,0,0,1,0,0,1,0,0,1,0,0,1,0,10,A,7,10,A,7,15.0,A,7,15.0,A,7,100,A,7,979,A,7,230,A,7,3.6,A,7,1600,B,7,490,A,7,2.6,E,8,0.000,?,0,0.00,?,0,0,1,D,9,45,C,8
05/05/1985,22:00,0,0,0,1,0,0,1,0,0,1,0,0,1,0,0,1,0,0,1,0,0,1,0,10,A,7,10,A,7,15.0,A,7,15.0,A,7,100,A,7,979,A,7,230,A,7,3.6,A,7,4800,B,7,240,A,7,2.6,E,8,0.000,?,0,0.00,?,0,0,1,D,9,45,C,8
05/05/1985,23:00,0,0,0,1,0,0,1,0,0,1,0,0,1,0,0,1,0,0,1,0,0,1,0,10,A,7,10,A,7,15.0,A,7,15.0,A,7,100,A,7,979,A,7,210,A,7,3.1,A,7,4800,B,7,240,A,7,2.6,E,8,0.000,?,0,0.00,?,0,8,1,D,9,45,C,8
05/05/1985,24:00,0,0,0,1,0,0,1,0,0,1,0,0,1,0,0,1,0,0,1,0,0,1,0,10,A,7,10,A,7,15.0,A,7,13.9,A,7,93,A,7,979,A,7,210,A,7,3.1,A,7,4800,B,7,180,A,7,2.4,E,8,0.000,?,0,0.00,?,0,5,1,D,9,45,C,8
05/06/1985,01:00,0,0,0,1,0,0,1,0,0,1,0,0,1,0,0,1,0,0,1,0,0,1,0,10,A,7,10,A,7,15.0,A,7,14.4,A,7,97,A,7,979,A,7,260,A,7,3.1,A,7,3200,B,7,120,A,7,2.5,E,8,0.000,?,0,0.00,?,0,0,1,D,9,45,C,8
05/06/1985,02:00,0,0,0,1,0,0,1,0,0,1,0,0,1,0,0,1,0,0,1,0,0,1,0,10,A,7,10,A,7,14.4,A,7,13.9,A,7,97,A,7,978,A,7,280,A,7,2.1,A,7,3200,B,7,120,A,7,2.4,E,8,0.000,?,0,0.00,?,0,0,1,D,9,45,C,8
05/06/1985,03:00,0,0,0,1,0,0,1,0,0,1,0,0,1,0,0,1,0,0,1,0,0,1,0,10,A,7,10,A,7,14.4,A,7,13.9,A,7,97,A,7,978,A,7,290,A,7,2.6,A,7,3200,B,7,120,A,7,2.4,E,8,0.000,?,0,0.00,?,0,0,1,D,9,45,C,8
05/06/1985,04:00,0,0,0,1,0,0,1,0,0,1,0,0,1,0,0,1,0,0,1,0,0,1,0,10,A,7,10,A,7,14.4,A,7,13.9,A,7,97,A,7,978,A,7,280,A,7,3.1,A,7,3200,B,7,120,A,7,2.4,E,8,0.000,?,0,0.00,?,0,0,1,D,9,45,C,8
05/06/1985,05:00,0,0,0,1,0,0,1,0,0,1,0,0,1,0,0,1,0,0,1,0,0,1,0,10,A,7,10,A,7,13.9,A,7,13.3,A,7,97,A,7,978,A,7,240,A,7,3.1,A,7,1600,B,7,30,A,7,2.4,E,8,0.000,?,0,0.00,?,0,0,1,D,9,45,C,8
05/06/1985,06:00,32,727,9,1,13,0,1,9,9,1,13,11,1,13,0,1,9,11,1,13,33,1,21,10,A,7,10,A,7,13.9,A,7,13.3,A,7,97,A,7,978,A,7,230,A,7,1.5,A,7,2400,B,7,90,A,7,2.4,E,8,0.000,F,8,0.00,?,0,0,1,D,9,45,C,8
05/06/1985,07:00,242,1342,46,1,13,0,1,9,46,1,13,53,1,13,0,1,9,53,1,13,170,1,21,10,A,7,10,A,7,14.4,A,7,13.9,A,7,97,A,7,979,A,7,250,A,7,3.1,A,7,4000,B,7,210,A,7,2.4,E,8,0.000,F,8,0.00,?,0,0,1,D,9,45,C,8
05/06/1985,08:00,486,1342,133,1,9,3,1,9,133,1,13,151,1,9,2,1,9,151,1,13,499,1,18,10,A,7,10,A,7,14.4,A,7,14.4,A,7,100,A,7,978,A,7,210,A,7,2.6,A,7,4000,B,7,270,A,7,2.5,E,8,0.000,F,8,0.00,?,0,0,1,D,9,45,C,8
05/06/1985,09:00,714,1342,350,1,13,185,1,13,252,1,13,380,1,13,191,1,13,279,1,13,643,1,23,9,A,7,7,A,7,17.8,A,7,17.2,A,7,97,A,7,978,A,7,230,A,7,4.6,A,7,8000,B,7,240,A,7,3.0,E,8,0.000,F,8,0.00,?,0,0,1,D,9,45,C,8
05/06/1985,10:00,912,1342,233,1,9,5,1,9,230,1,13,274,1,9,4,1,9,271,1,13,1042,1,18,10,A,7,10,A,7,17.8,A,7,16.7,A,7,93,A,7,978,A,7,230,A,7,4.6,A,7,9700,B,7,340,A,7,2.8,E,8,0.000,F,8,0.00,?,0,0,1,D,9,45,C,8
05/06/1985,11:00,1066,1342,281,1,9,15,1,9,268,1,13,332,1,9,13,1,9,322,1,13,1252,1,18,10,A,7,10,A,7,18.9,A,7,16.7,A,7,87,A,7,978,A,7,220,A,7,6.2,A,7,11300,B,7,490,A,7,2.9,E,8,0.000,F,8,0.00,?,0,0,1,D,9,45,C,8
05/06/1985,12:00,1165,1342,334,1,9,4,1,9,331,1,13,396,1,9,4,1,9,393,1,13,1501,1,18,10,A,7,10,A,7,18.3,A,7,16.1,A,7,87,A,7,977,A,7,240,A,7,8.8,A,7,11300,B,7,520,A,7,2.8,E,8,0.000,F,8,0.00,?,0,0,1,D,9,00,C,8
05/06/1985,13:00,1203,1342,356,1,9,1,1,9,355,1,13,421,1,9,1,1,9,420,1,13,1592,1,18,10,A,7,10,A,7,17.8,A,7,15.6,A,7,87,A,7,977,A,7,270,A,7,7.7,A,7,11300,B,7,490,A,7,2.7,E,8,0.000,F,8,0.00,?,0,0,1,D,9,00,C,8
05/06/1985,14:00,1176,1342,318,1,9,3,1,9,316,1,13,379,1,9,3,1,9,377,1,13,1455,1,18,10,A,7,10,A,7,15.6,A,7,14.4,A,7,93,A,7,978,A,7,280,A,7,9.8,A,7,8000,B,7,240,A,7,2.5,E,8,0.000,F,8,0.00,?,0,0,1,D,9,00,C,8
05/06/1985,15:00,1087,1342,345,1,9,5,1,9,341,1,13,403,1,9,5,1,9,399,1,13,1500,1,18,10,A,7,10,A,7,13.9,A,7,12.8,A,7,93,A,7,979,A,7,270,A,7,9.3,A,7,8000,B,7,370,A,7,2.3,E,8,0.000,F,8,0.00,?,0,0,1,D,9,45,C,8
05/06/1985,16:00,942,1342,347,1,9,4,1,9,344,1,13,396,1,9,4,1,9,393,1,13,1396,1,18,10,A,7,10,A,7,12.8,A,7,10.6,A,7,87,A,7,980,A,7,290,A,7,10.3,A,7,9700,B,7,490,A,7,2.0,E,8,0.000,F,8,0.00,?,0,0,1,D,9,45,C,8
05/06/1985,17:00,750,1342,195,1,9,26,1,9,181,1,13,216,1,9,26,1,9,201,1,13,596,1,18,9,A,7,9,A,7,12.8,A,7,10.6,A,7,87,A,7,980,A,7,280,A,7,8.8,A,7,16100,B,7,580,A,7,2.0,E,8,0.000,F,8,0.00,?,0,0,1,D,9,45,C,8
05/06/1985,18:00,526,1342,224,1,13,189,1,13,150,1,13,245,1,13,185,1,13,172,1,13,350,1,23,6,A,7,6,A,7,12.2,A,7,9.4,A,7,83,A,7,981,A,7,310,A,7,8.8,A,7,16100,B,7,640,A,7,1.9,E,8,0.000,F,8,0.00,?,0,0,1,D,9,00,C,8
05/06/1985,19:00,284,1342,52,1,13,11,1,9,50,1,13,60,1,13,3,1,9,60,1,13,191,1,21,10,A,7,10,A,7,11.1,A,7,8.3,A,7,83,A,7,982,A,7,290,A,7,9.3,A,7,16100,B,7,640,A,7,1.7,E,8,0.000,F,8,0.00,?,0,0,1,D,9,00,C,8
05/06/1985,20:00,56,951,13,1,13,2,1,9,13,1,13,15,1,13,0,1,9,15,1,13,47,1,21,9,A,7,9,A,7,10.0,A,7,7.2,A,7,83,A,7,983,A,7,310,A,7,6.2,A,7,16100,B,7,640,A,7,1.6,E,8,0.000,F,8,0.00,?,0,0,1,D,9,00,C,8
05/06/1985,21:00,0,0,0,1,0,0,1,0,0,1,0,0,1,0,0,1,0,0,1,0,0,1,0,8,A,7,8,A,7,9.4,A,7,7.2,A,7,86,A,7,984,A,7,310,A,7,5.2,A,7,16100,B,7,610,A,7,1.6,E,8,0.000,?,0,0.00,?,0,0,1,D,9,00,C,8
05/06/1985,22:00,0,0,0,1,0,0,1,0,0,1,0,0,1,0,0,1,0,0,1,0,0,1,0,3,A,7,3,A,7,8.3,A,7,6.7,A,7,89,A,7,984,A,7,290,A,7,4.1,A,7,16100,B,7,77777,A,7,1.6,E,8,0.000,?,0,0.00,?,0,0,1,D,9,00,C,8
05/06/1985,23:00,0,0,0,1,0,0,1,0,0,1,0,0,1,0,0,1,0,0,1,0,0,1,0,3,A,7,0,A,7,6.7,A,7,4.4,A,7,86,A,7,985,A,7,280,A,7,3.6,A,7,16100,B,7,77777,A,7,1.4,E,8,0.000,?,0,0.00,?,0,0,1,D,9,00,C,8
05/06/1985,24:00,0,0,0,1,0,0,1,0,0,1,0,0,1,0,0,1,0,0,1,0,0,1,0,2,A,7,0,A,7,6.7,A,7,3.9,A,7,83,A,7,985,A,7,300,A,7,3.1,A,7,16100,B,7,77777,A,7,1.3,E,8,0.000,?,0,0.00,?,0,0,1,D,9,00,C,8
05/07/1985,01:00,0,0,0,1,0,0,1,0,0,1,0,0,1,0,0,1,0,0,1,0,0,1,0,0,A,7,0,A,7,6.7,A,7,3.9,A,7,83,A,7,985,A,7,300,A,7,3.1,A,7,16100,B,7,77777,A,7,1.3,E,8,0.000,?,0,0.00,?,0,0,1,D,9,00,C,8
05/07/1985,02:00,0,0,0,1,0,0,1,0,0,1,0,0,1,0,0,1,0,0,1,0,0,1,0,6,A,7,6,A,7,6.7,A,7,3.9,A,7,83,A,7,985,A,7,300,A,7,2.6,A,7,16100,B,7,460,A,7,1.3,E,8,0.000,?,0,0.00,?,0,0,1,D,9,00,C,8
05/07/1985,03:00,0,0,0,1,0,0,1,0,0,1,0,0,1,0,0,1,0,0,1,0,0,1,0,6,A,7,6,A,7,6.7,A,7,3.9,A,7,83,A,7,985,A,7,300,A,7,2.6,A,7,16100,B,7,460,A,7,1.3,E,8,0.000,?,0,0.00,?,0,0,1,D,9,00,C,8
05/07/1985,04:00,0,0,0,1,0,0,1,0,0,1,0,0,1,0,0,1,0,0,1,0,0,1,0,2,A,7,2,A,7,4.4,A,7,2.2,A,7,86,A,7,985,A,7,290,A,7,2.6,A,7,16100,B,7,77777,A,7,1.2,E,8,0.000,?,0,0.00,?,0,0,1,D,9,00,C,8
05/07/1985,05:00,0,0,0,1,0,0,1,0,0,1,0,0,1,0,0,1,0,0,1,0,0,1,0,0,A,7,0,A,7,2.8,A,7,1.7,A,7,93,A,7,986,A,7,280,A,7,2.6,A,7,16100,B,7,77777,A,7,1.2,E,8,0.000,?,0,0.00,?,0,0,1,D,9,00,C,8
05/07/1985,06:00,34,749,19,1,13,82,1,9,11,1,13,16,1,13,28,1,9,15,1,13,19,1,21,0,A,7,0,A,7,2.8,A,7,1.7,A,7,93,A,7,987,A,7,270,A,7,2.1,A,7,16100,B,7,77777,A,7,1.2,E,8,0.000,F,8,0.00,?,0,0,1,D,9,00,C,8
05/07/1985,07:00,247,1342,124,1,13,496,1,9,34,1,13,128,1,13,384,1,9,58,1,13,68,1,21,0,A,7,0,A,7,5.0,A,7,3.9,A,7,93,A,7,987,A,7,280,A,7,1.5,A,7,11300,B,7,77777,A,7,1.3,E,8,0.000,F,8,0.00,?,0,0,1,D,9,00,C,8
05/07/1985,08:00,490,1342,314,1,9,723,1,9,52,1,13,336,1,9,680,1,9,87,1,13,114,1,18,0,A,7,0,A,7,8.3,A,7,4.4,A,7,77,A,7,987,A,7,280,A,7,1.5,A,7,16100,B,7,77777,A,7,1.4,E,8,0.000,F,8,0.00,?,0,0,1,D,9,00,C,8
05/07/1985,09:00,718,1342,510,1,9,825,1,9,70,1,13,536,1,9,809,1,9,102,1,13,162,1,18,0,A,7,0,A,7,11.7,A,7,4.4,A,7,62,A,7,987,A,7,180,A,7,3.1,A,7,16100,B,7,77777,A,7,1.4,E,8,0.000,F,8,0.00,?,0,0,1,D,9,00,C,8
05/07/1985,10:00,916,1342,688,1,9,887,1,9,83,1,13,719,1,9,884,1,9,114,1,13,217,1,18,0,A,7,0,A,7,13.9,A,7,5.6,A,7,58,A,7,987,A,7,120,A,7,1.5,A,7,16100,B,7,77777,A,7,1.5,E,8,0.000,F,8,0.00,?,0,0,1,D,9,00,C,8
05/07/1985,11:00,1069,1342,744,1,9,776,1,9,126,1,13,799,1,9,787,1,9,170,1,13,435,1,18,2,A,7,2,A,7,14.4,A,7,6.7,A,7,60,A,7,987,A,7,330,A,7,3.1,A,7,16100,B,7,77777,A,7,1.6,E,8,0.000,F,8,0.00,?,0,0,1,D,9,00,C,8
05/07/1985,12:00,1168,1342,853,1,9,793,1,9,164,1,13,903,1,9,800,1,9,205,1,13,707,1,18,2,A,7,2,A,7,16.7,A,7,6.7,A,7,52,A,7,987,A,7,310,A,7,3.1,A,7,16100,B,7,77777,A,7,1.6,E,8,0.000,F,8,0.00,?,0,0,1,D,9,00,C,8
05/07/1985,13:00,1205,1342,684,1,13,510,1,13,227,1,13,732,1,13,521,1,13,263,1,13,1196,1,23,6,A,7,6,A,7,16.7,A,7,7.8,A,7,56,A,7,987,A,7,270,A,7,5.2,A,7,16100,B,7,3050,A,7,1.7,E,8,0.000,F,8,0.00,?,0,0,1,D,9,00,C,8
05/07/1985,14:00,1178,1342,805,1,13,703,1,13,189,1,13,870,1,13,723,1,13,234,1,13,914,1,23,4,A,7,4,A,7,18.3,A,7,10.0,A,7,59,A,7,987,A,7,240,A,7,4.1,A,7,16100,B,7,77777,A,7,1.9,E,8,0.000,F,8,0.00,?,0,0,1,D,9,00,C,8
05/07/1985,15:00,1089,1342,709,1,13,590,1,13,230,1,13,747,1,13,598,1,13,261,1,13,843,1,23,5,A,7,5,A,7,19.4,A,7,10.0,A,7,55,A,7,987,A,7,250,A,7,8.2,A,7,16100,B,7,77777,A,7,1.9,E,8,0.000,F,8,0.00,?,0,0,1,D,9,00,C,8
05/07/1985,16:00,944,1342,573,1,13,435,1,13,268,1,13,608,1,13,451,1,13,290,1,13,763,1,23,5,A,7,5,A,7,19.4,A,7,10.0,A,7,55,A,7,986,A,7,280,A,7,6.2,A,7,16100,B,7,77777,A,7,1.9,E,8,0.000,F,8,0.00,?,0,0,1,D,9,00,C,8
05/07/1985,17:00,753,1342,446,1,13,522,1,13,155,1,13,486,1,13,533,1,13,186,1,13,342,1,23,4,A,7,4,A,7,20.0,A,7,8.9,A,7,49,A,7,986,A,7,270,A,7,7.2,A,7,24100,B,7,77777,A,7,1.8,E,8,0.000,F,8,0.00,?,0,0,1,D,9,00,C,8
05/07/1985,18:00,529,1342,305,1,9,601,1,9,70,1,13,327,1,9,575,1,9,100,1,13,143,1,18,2,A,7,2,A,7,18.9,A,7,6.1,A,7,43,A,7,986,A,7,290,A,7,6.2,A,7,24100,B,7,77777,A,7,1.5,E,8,0.000,F,8,0.00,?,0,0,1,D,9,00,C,8
05/07/1985,19:00,288,1342,151,1,13,543,1,9,37,1,13,159,1,13,443,1,9,64,1,13,75,1,21,0,A,7,0,A,7,17.8,A,7,5.6,A,7,45,A,7,986,A,7,290,A,7,5.7,A,7,24100,B,7,77777,A,7,1.5,E,8,0.000,F,8,0.00,?,0,0,1,D,9,00,C,8
05/07/1985,20:00,59,995,29,1,13,138,1,9,16,1,13,26,1,13,64,1,9,22,1,13,29,1,21,0,A,7,0,A,7,13.9,A,7,6.1,A,7,60,A,7,987,A,7,280,A,7,2.6,A,7,24100,B,7,77777,A,7,1.5,E,8,0.000,F,8,0.00,?,0,0,1,D,9,00,C,8
05/07/1985,21:00,0,0,0,1,0,0,1,0,0,1,0,0,1,0,0,1,0,0,1,0,0,1,0,0,A,7,0,A,7,11.1,A,7,6.7,A,7,74,A,7,987,A,7,260,A,7,2.6,A,7,24100,B,7,77777,A,7,1.6,E,8,0.000,?,0,0.00,?,0,0,1,D,9,00,C,8
05/07/1985,22:00,0,0,0,1,0,0,1,0,0,1,0,0,1,0,0,1,0,0,1,0,0,1,0,0,A,7,0,A,7,9.4,A,7,6.1,A,7,80,A,7,988,A,7,260,A,7,2.6,A,7,24100,B,7,77777,A,7,1.5,E,8,0.000,?,0,0.00,?,0,0,1,D,9,00,C,8
05/07/1985,23:00,0,0,0,1,0,0,1,0,0,1,0,0,1,0,0,1,0,0,1,0,0,1,0,0,A,7,0,A,7,9.4,A,7,6.7,A,7,83,A,7,988,A,7,260,A,7,2.6,A,7,24100,B,7,77777,A,7,1.6,E,8,0.000,?,0,0.00,?,0,0,1,D,9,00,C,8
05/07/1985,24:00,0,0,0,1,0,0,1,0,0,1,0,0,1,0,0,1,0,0,1,0,0,1,0,0,A,7,0,A,7,11.1,A,7,6.7,A,7,74,A,7,989,A,7,330,A,7,3.1,A,7,24100,B,7,77777,A,7,1.6,E,8,0.000,?,0,0.00,?,0,0,1,D,9,00,C,8
05/08/1985,01:00,0,0,0,1,0,0,1,0,0,1,0,0,1,0,0,1,0,0,1,0,0,1,0,0,A,7,0,A,7,10.0,A,7,6.7,A,7,80,A,7,989,A,7,320,A,7,2.6,A,7,24100,B,7,77777,A,7,1.6,E,8,0.000,?,0,0.00,?,0,0,1,D,9,00,C,8
05/08/1985,02:00,0,0,0,1,0,0,1,0,0,1,0,0,1,0,0,1,0,0,1,0,0,1,0,0,A,7,0,A,7,10.0,A,7,6.7,A,7,80,A,7,990,A,7,40,A,7,4.1,A,7,24100,B,7,77777,A,7,1.6,E,8,0.000,?,0,0.00,?,0,0,1,D,9,00,C,8
05/08/1985,03:00,0,0,0,1,0,0,1,0,0,1,0,0,1,0,0,1,0,0,1,0,0,1,0,0,A,7,0,A,7,8.9,A,7,5.0,A,7,77,A,7,990,A,7,50,A,7,2.6,A,7,24100,B,7,77777,A,7,1.4,E,8,0.000,?,0,0.00,?,0,0,1,D,9,00,C,8
05/08/1985,04:00,0,0,0,1,0,0,1,0,0,1,0,0,1,0,0,1,0,0,1,0,0,1,0,0,A,7,0,A,7,7.8,A,7,5.0,A,7,83,A,7,991,A,7,40,A,7,2.1,A,7,24100,B,7,77777,A,7,1.4,E,8,0.000,?,0,0.00,?,0,0,1,D,9,00,C,8
05/08/1985,05:00,0,0,0,1,0,0,1,0,0,1,0,0,1,0,0,1,0,0,1,0,0,1,0,0,A,7,0,A,7,7.2,A,7,4.4,A,7,83,A,7,992,A,7,50,A,7,3.6,A,7,24100,B,7,77777,A,7,1.4,E,8,0.000,?,0,0.00,?,0,0,1,D,9,00,C,8
05/08/1985,06:00,37,771,16,1,13,26,1,9,13,1,13,16,1,13,10,1,9,16,1,13,27,1,21,0,A,7,0,A,7,6.7,A,7,3.9,A,7,83,A,7,993,A,7,50,A,7,4.1,A,7,24100,B,7,77777,A,7,1.4,E,8,0.000,F,8,0.00,?,0,0,1,D,9,00,C,8
05/08/1985,07:00,251,1341,112,1,13,340,1,9,50,1,13,116,1,13,252,1,9,69,1,13,89,1,21,0,A,7,0,A,7,6.7,A,7,4.4,A,7,86,A,7,994,A,7,50,A,7,3.1,A,7,24100,B,7,77777,A,7,1.4,E,8,0.000,F,8,0.00,?,0,0,1,D,9,00,C,8
05/08/1985,08:00,493,1341,295,1,9,589,1,9,80,1,13,311,1,9,551,1,9,108,1,13,157,1,18,0,A,7,0,A,7,8.9,A,7,5.0,A,7,77,A,7,994,A,7,60,A,7,5.2,A,7,24100,B,7,77777,A,7,1.4,E,8,0.000,F,8,0.00,?,0,0,1,D,9,00,C,8
05/08/1985,09:00,721,1341,494,1,9,721,1,9,107,1,13,527,1,9,722,1,9,138,1,13,241,1,18,0,A,7,0,A,7,10.6,A,7,4.4,A,7,66,A,7,994,A,7,70,A,7,6.2,A,7,24100,B,7,77777,A,7,1.4,E,8,0.000,F,8,0.00,?,0,0,1,D,9,00,C,8
05/08/1985,10:00,918,1341,674,1,9,798,1,9,128,1,13,707,1,9,799,1,9,159,1,13,326,1,18,0,A,7,0,A,7,12.2,A,7,4.4,A,7,59,A,7,994,A,7,80,A,7,5.2,A,7,24100,B,7,77777,A,7,1.4,E,8,0.000,F,8,0.00,?,0,0,1,D,9,00,C,8
05/08/1985,11:00,1071,1341,814,1,9,841,1,9,143,1,13,863,1,9,849,1,9,184,1,13,481,1,18,0,A,7,0,A,7,13.9,A,7,3.9,A,7,51,A,7,994,A,7,80,A,7,4.6,A,7,24100,B,7,77777,A,7,1.3,E,8,0.000,F,8,0.00,?,0,0,1,D,9,00,C,8
05/08/1985,12:00,1170,1341,905,1,9,864,1,9,152,1,13,965,1,9,875,1,9,201,1,13,673,1,18,0,A,7,0,A,7,15.0,A,7,4.4,A,7,50,A,7,994,A,7,50,A,7,3.1,A,7,24100,B,7,77777,A,7,1.4,E,8,0.000,F,8,0.00,?,0,0,1,D,9,00,C,8
05/08/1985,13:00,1207,1341,939,1,9,873,1,9,154,1,13,1005,1,9,885,1,9,207,1,13,781,1,18,0,A,7,0,A,7,16.7,A,7,5.0,A,7,46,A,7,993,A,7,100,A,7,3.6,A,7,24100,B,7,77777,A,7,1.4,E,8,0.000,F,8,0.00,?,0,0,1,D,9,00,C,8
05/08/1985,14:00,1180,1341,912,1,9,864,1,9,152,1,13,974,1,9,875,1,9,202,1,13,698,1,18,0,A,7,0,A,7,17.2,A,7,5.6,A,7,46,A,7,993,A,7,360,A,7,1.5,A,7,24100,B,7,77777,A,7,1.5,E,8,0.000,F,8,0.00,?,0,0,1,D,9,00,C,8
05/08/1985,15:00,1091,1341,833,1,9,847,1,9,145,1,13,885,1,9,855,1,9,187,1,13,512,1,18,0,A,7,0,A,7,17.8,A,7,5.0,A,7,43,A,7,992,A,7,130,A,7,3.1,A,7,24100,B,7,77777,A,7,1.4,E,8,0.000,F,8,0.00,?,0,0,1,D,9,00,C,8
05/08/1985,16:00,947,1341,697,1,9,799,1,9,135,1,13,732,1,9,801,1,9,166,1,13,355,1,18,1,A,7,0,A,7,18.3,A,7,3.3,A,7,37,A,7,991,A,7,0,A,7,0.0,A,7,24100,B,7,77777,A,7,1.3,E,8,0.000,F,8,0.00,?,0,0,1,D,9,00,C,8
05/08/1985,17:00,756,1341,526,1,9,741,1,9,111,1,13,564,1,9,746,1,9,143,1,13,258,1,18,0,A,7,0,A,7,18.9,A,7,3.3,A,7,36,A,7,991,A,7,50,A,7,2.6,A,7,24100,B,7,77777,A,7,1.3,E,8,0.000,F,8,0.00,?,0,0,1,D,9,00,C,8
05/08/1985,18:00,533,1341,329,1,9,622,1,9,85,1,13,349,1,9,592,1,9,113,1,13,170,1,18,0,A,7,0,A,7,18.3,A,7,2.8,A,7,36,A,7,991,A,7,130,A,7,3.1,A,7,24100,B,7,77777,A,7,1.3,E,8,0.000,F,8,0.00,?,0,0,1,D,9,00,C,8
05/08/1985,19:00,292,1341,138,1,13,385,1,9,56,1,13,143,1,13,304,1,9,77,1,13,101,1,21,1,A,7,0,A,7,17.8,A,7,3.9,A,7,40,A,7,991,A,7,110,A,7,3.1,A,7,24100,B,7,77777,A,7,1.4,E,8,0.000,F,8,0.00,?,0,0,1,D,9,00,C,8
05/08/1985,20:00,62,1017,19,1,13,41,1,9,16,1,13,20,1,13,14,1,9,19,1,13,27,1,21,2,A,7,1,A,7,13.9,A,7,5.6,A,7,58,A,7,990,A,7,90,A,7,2.1,A,7,24100,B,7,77777,A,7,1.5,E,8,0.000,F,8,0.00,?,0,0,1,D,9,00,C,8
05/08/1985,21:00,0,0,0,1,0,0,1,0,0,1,0,0,1,0,0,1,0,0,1,0,0,1,0,2,A,7,1,A,7,12.2,A,7,5.6,A,7,64,A,7,990,A,7,110,A,7,2.6,A,7,24100,B,7,77777,A,7,1.5,E,8,0.000,?,0,0.00,?,0,0,1,D,9,00,C,8
05/08/1985,22:00,0,0,0,1,0,0,1,0,0,1,0,0,1,0,0,1,0,0,1,0,0,1,0,2,A,7,1,A,7,12.2,A,7,6.1,A,7,67,A,7,990,A,7,150,A,7,7.2,A,7,24100,B,7,77777,A,7,1.5,E,8,0.000,?,0,0.00,?,0,0,1,D,9,00,C,8
05/08/1985,23:00,0,0,0,1,0,0,1,0,0,1,0,0,1,0,0,1,0,0,1,0,0,1,0,0,A,7,0,A,7,11.7,A,7,5.0,A,7,64,A,7,991,A,7,150,A,7,5.2,A,7,24100,B,7,77777,A,7,1.4,E,8,0.000,?,0,0.00,?,0,0,1,D,9,00,C,8
05/08/1985,24:00,0,0,0,1,0,0,1,0,0,1,0,0,1,0,0,1,0,0,1,0,0,1,0,0,A,7,0,A,7,10.6,A,7,3.9,A,7,64,A,7,990,A,7,170,A,7,6.2,A,7,24100,B,7,77777,A,7,1.4,E,8,0.000,?,0,0.00,?,0,0,1,D,9,00,C,8
05/09/1985,01:00,0,0,0,1,0,0,1,0,0,1,0,0,1,0,0,1,0,0,1,0,0,1,0,0,A,7,0,A,7,10.6,A,7,2.8,A,7,59,A,7,989,A,7,170,A,7,6.2,A,7,24100,B,7,77777,A,7,1.3,E,8,0.000,?,0,0.00,?,0,0,1,D,9,00,C,8
05/09/1985,02:00,0,0,0,1,0,0,1,0,0,1,0,0,1,0,0,1,0,0,1,0,0,1,0,0,A,7,0,A,7,10.6,A,7,1.7,A,7,55,A,7,990,A,7,180,A,7,4.1,A,7,24100,B,7,77777,A,7,1.2,E,8,0.000,?,0,0.00,?,0,0,1,D,9,00,C,8
05/09/1985,03:00,0,0,0,1,0,0,1,0,0,1,0,0,1,0,0,1,0,0,1,0,0,1,0,0,A,7,0,A,7,9.4,A,7,0.0,A,7,52,A,7,990,A,7,180,A,7,6.2,A,7,24100,B,7,77777,A,7,1.1,E,8,0.000,?,0,0.00,?,0,0,1,D,9,00,C,8
05/09/1985,04:00,0,0,0,1,0,0,1,0,0,1,0,0,1,0,0,1,0,0,1,0,0,1,0,0,A,7,0,A,7,8.9,A,7,0.0,A,7,54,A,7,990,A,7,180,A,7,5.7,A,7,24100,B,7,77777,A,7,1.1,E,8,0.000,?,0,0.00,?,0,0,1,D,9,00,C,8
05/09/1985,05:00,0,0,0,1,0,0,1,0,0,1,0,0,1,0,0,1,0,0,1,0,0,1,0,2,A,7,0,A,7,8.9,A,7,0.6,A,7,56,A,7,990,A,7,180,A,7,5.2,A,7,24100,B,7,77777,A,7,1.1,E,8,0.000,?,0,0.00,?,0,0,1,D,9,00,C,8
05/09/1985,06:00,39,815,17,1,13,23,1,9,14,1,13,17,1,13,9,1,9,17,1,13,29,1,21,6,A,7,2,A,7,8.9,A,7,0.6,A,7,56,A,7,989,A,7,180,A,7,5.2,A,7,24100,B,7,77777,A,7,1.1,E,8,0.000,F,8,0.00,?,0,0,1,D,9,00,C,8
05/09/1985,07:00,255,1341,92,1,13,126,1,13,69,1,13,101,1,13,96,1,13,83,1,13,148,1,23,9,A,7,3,A,7,10.0,A,7,2.8,A,7,61,A,7,989,A,7,210,A,7,6.2,A,7,24100,B,7,77777,A,7,1.3,E,8,0.000,F,8,0.00,?,0,0,1,D,9,00,C,8
05/09/1985,08:00,497,1341,264,1,13,347,1,13,136,1,13,283,1,13,336,1,13,158,1,13,277,1,23,10,A,7,3,A,7,14.4,A,7,6.1,A,7,58,A,7,989,A,7,220,A,7,7.2,A,7,24100,B,7,77777,A,7,1.5,E,8,0.000,F,8,0.00,?,0,0,1,D,9,00,C,8
05/09/1985,09:00,724,1341,432,1,13,492,1,13,168,1,13,464,1,13,499,1,13,194,1,13,366,1,23,6,A,7,3,A,7,16.7,A,7,6.7,A,7,52,A,7,989,A,7,220,A,7,8.8,A,7,24100,B,7,77777,A,7,1.6,E,8,0.000,F,8,0.00,?,0,0,1,D,9,00,C,8
05/09/1985,10:00,921,1341,653,1,9,813,1,9,96,1,13,681,1,9,809,1,9,123,1,13,232,1,18,2,A,7,1,A,7,19.4,A,7,8.3,A,7,49,A,7,989,A,7,220,A,7,7.7,A,7,16100,B,7,77777,A,7,1.8,E,8,0.000,F,8,0.00,?,0,0,1,D,9,00,C,8
05/09/1985,11:00,1074,1341,754,1,9,765,1,9,142,1,13,800,1,9,772,1,9,180,1,13,482,1,18,2,A,7,1,A,7,22.2,A,7,10.6,A,7,48,A,7,988,A,7,230,A,7,7.7,A,7,16100,B,7,77777,A,7,2.0,E,8,0.000,F,8,0.00,?,0,0,1,D,9,00,C,8
05/09/1985,12:00,1172,1341,892,1,9,882,1,9,122,1,13,921,1,9,884,1,9,147,1,13,463,1,18,2,A,7,1,A,7,23.9,A,7,10.6,A,7,43,A,7,988,A,7,230,A,7,7.7,A,7,16100,B,7,77777,A,7,2.0,E,8,0.000,F,8,0.00,?,0,0,1,D,9,00,C,8
05/09/1985,13:00,1209,1341,842,1,9,709,1,9,203,1,13,908,1,9,728,1,9,250,1,13,1100,1,18,6,A,7,2,A,7,24.4,A,7,11.1,A,7,43,A,7,987,A,7,240,A,7,8.2,A,7,16100,B,7,77777,A,7,2.1,E,8,0.000,F,8,0.00,?,0,0,1,D,9,00,C,8
05/09/1985,14:00,1182,1341,832,1,13,719,1,13,199,1,13,897,1,13,738,1,13,244,1,13,977,1,23,8,A,7,3,A,7,23.9,A,7,10.6,A,7,43,A,7,987,A,7,230,A,7,7.7,A,7,16100,B,7,77777,A,7,2.0,E,8,0.000,F,8,0.00,?,0,0,1,D,9,00,C,8
05/09/1985,15:00,1094,1341,760,1,13,660,1,13,223,1,13,805,1,13,670,1,13,257,1,13,832,1,23,8,A,7,3,A,7,25.0,A,7,11.1,A,7,42,A,7,986,A,7,230,A,7,7.7,A,7,16100,B,7,77777,A,7,2.1,E,8,0.000,F,8,0.00,?,0,0,1,D,9,00,C,8
05/09/1985,16:00,949,1341,653,1,9,728,1,9,139,1,13,704,1,9,746,1,9,175,1,13,404,1,18,4,A,7,2,A,7,25.0,A,7,8.9,A,7,36,A,7,985,A,7,220,A,7,7.7,A,7,16100,B,7,77777,A,7,1.8,E,8,0.000,F,8,0.00,?,0,0,1,D,9,00,C,8
05/09/1985,17:00,759,1341,496,1,9,620,1,9,147,1,13,521,1,9,617,1,9,171,1,13,329,1,18,5,A,7,2,A,7,25.0,A,7,8.3,A,7,35,A,7,984,A,7,220,A,7,8.2,A,7,16100,B,7,77777,A,7,1.8,E,8,0.000,F,8,0.00,?,0,0,1,D,9,00,C,8
05/09/1985,18:00,536,1341,317,1,9,626,1,9,69,1,13,340,1,9,601,1,9,100,1,13,142,1,18,2,A,7,1,A,7,25.0,A,7,8.3,A,7,35,A,7,984,A,7,220,A,7,5.7,A,7,24100,B,7,77777,A,7,1.8,E,8,0.000,F,8,0.00,?,0,0,1,D,9,00,C,8
05/09/1985,19:00,295,1341,121,1,13,235,1,9,70,1,13,130,1,13,185,1,9,89,1,13,131,1,21,4,A,7,2,A,7,23.9,A,7,8.9,A,7,39,A,7,983,A,7,230,A,7,3.1,A,7,24100,B,7,77777,A,7,1.8,E,8,0.000,F,8,0.00,?,0,0,1,D,9,00,C,8
05/09/1985,20:00,65,1039,25,1,13,58,1,9,20,1,13,26,1,13,21,1,9,24,1,13,35,1,21,4,A,7,2,A,7,21.1,A,7,9.4,A,7,47,A,7,983,A,7,200,A,7,3.1,A,7,24100,B,7,77777,A,7,1.9,E,8,0.000,F,8,0.00,?,0,0,1,D,9,00,C,8
05/09/1985,21:00,0,0,0,1,0,0,1,0,0,1,0,0,1,0,0,1,0,0,1,0,0,1,0,3,A,7,1,A,7,18.9,A,7,9.4,A,7,55,A,7,984,A,7,200,A,7,4.1,A,7,24100,B,7,77777,A,7,1.9,E,8,0.000,?,0,0.00,?,0,0,1,D,9,00,C,8
05/09/1985,22:00,0,0,0,1,0,0,1,0,0,1,0,0,1,0,0,1,0,0,1,0,0,1,0,2,A,7,1,A,7,19.4,A,7,8.3,A,7,49,A,7,983,A,7,200,A,7,3.6,A,7,24100,B,7,77777,A,7,1.7,E,8,0.000,?,0,0.00,?,0,0,1,D,9,00,C,8
05/09/1985,23:00,0,0,0,1,0,0,1,0,0,1,0,0,1,0,0,1,0,0,1,0,0,1,0,0,A,7,0,A,7,18.3,A,7,9.4,A,7,56,A,7,984,A,7,200,A,7,4.6,A,7,24100,B,7,77777,A,7,1.9,E,8,0.000,?,0,0.00,?,0,0,1,D,9,00,C,8
05/09/1985,24:00,0,0,0,1,0,0,1,0,0,1,0,0,1,0,0,1,0,0,1,0,0,1,0,0,A,7,0,A,7,18.3,A,7,9.4,A,7,56,A,7,984,A,7,200,A,7,4.6,A,7,24100,B,7,77777,A,7,1.9,E,8,0.000,?,0,0.00,?,0,0,1,D,9,00,C,8
05/10/1985,01:00,0,0,0,1,0,0,1,0,0,1,0,0,1,0,0,1,0,0,1,0,0,1,0,3,A,7,1,A,7,17.8,A,7,9.4,A,7,58,A,7,984,A,7,210,A,7,4.6,A,7,24100,B,7,77777,A,7,1.9,E,8,0.000,?,0,0.00,?,0,0,1,D,9,00,C,8
05/10/1985,02:00,0,0,0,1,0,0,1,0,0,1,0,0,1,0,0,1,0,0,1,0,0,1,0,5,A,7,2,A,7,17.8,A,7,9.4,A,7,58,A,7,984,A,7,220,A,7,6.2,A,7,24100,B,7,77777,A,7,1.9,E,8,0.000,?,0,0.00,?,0,0,1,D,9,00,C,8
05/10/1985,03:00,0,0,0,1,0,0,1,0,0,1,0,0,1,0,0,1,0,0,1,0,0,1,0,7,A,7,3,A,7,17.2,A,7,8.9,A,7,58,A,7,984,A,7,220,A,7,5.7,A,7,24100,B,7,77777,A,7,1.8,E,8,0.000,?,0,0.00,?,0,0,1,D,9,00,C,8
05/10/1985,04:00,0,0,0,1,0,0,1,0,0,1,0,0,1,0,0,1,0,0,1,0,0,1,0,8,A,7,8,A,7,16.7,A,7,8.9,A,7,60,A,7,985,A,7,220,A,7,5.2,A,7,24100,B,7,7620,A,7,1.8,E,8,0.000,?,0,0.00,?,0,0,1,D,9,00,C,8
05/10/1985,05:00,0,0,0,1,0,0,1,0,0,1,0,0,1,0,0,1,0,0,1,0,0,1,0,7,A,7,5,A,7,16.1,A,7,9.4,A,7,65,A,7,985,A,7,220,A,7,4.1,A,7,24100,B,7,7620,A,7,1.9,E,8,0.000,?,0,0.00,?,0,0,1,D,9,00,C,8
05/10/1985,06:00,42,837,18,1,13,24,1,13,16,1,13,19,1,13,10,1,13,19,1,13,33,1,23,9,A,7,5,A,7,14.4,A,7,9.4,A,7,72,A,7,985,A,7,210,A,7,3.6,A,7,16100,B,7,7620,A,7,1.9,E,8,0.000,F,8,0.00,?,0,0,1,D,9,00,C,8
05/10/1985,07:00,259,1340,88,1,13,85,1,9,72,1,13,96,1,13,65,1,9,84,1,13,155,1,21,10,A,7,8,A,7,15.0,A,7,10.0,A,7,72,A,7,986,A,7,210,A,7,5.2,A,7,16100,B,7,7620,A,7,1.9,E,8,0.000,F,8,0.00,?,0,0,1,D,9,00,C,8
05/10/1985,08:00,501,1340,233,1,13,266,1,13,134,1,13,250,1,13,258,1,13,153,1,13,272,1,23,8,A,7,5,A,7,19.4,A,7,11.7,A,7,61,A,7,985,A,7,210,A,7,6.2,A,7,16100,B,7,7620,A,7,2.1,E,8,0.000,F,8,0.00,?,0,0,1,D,9,00,C,8
05/10/1985,09:00,728,1340,460,1,9,631,1,9,118,1,13,487,1,9,630,1,9,144,1,13,264,1,18,7,A,7,2,A,7,21.7,A,7,11.7,A,7,53,A,7,985,A,7,230,A,7,6.2,A,7,16100,B,7,77777,A,7,2.1,E,8,0.000,F,8,0.00,?,0,0,1,D,9,00,C,8
05/10/1985,10:00,924,1340,643,1,9,798,1,9,94,1,13,670,1,9,795,1,9,121,1,13,232,1,18,3,A,7,1,A,7,22.8,A,7,12.2,A,7,52,A,7,985,A,7,240,A,7,7.7,A,7,16100,B,7,77777,A,7,2.2,E,8,0.000,F,8,0.00,?,0,0,1,D,9,00,C,8
05/10/1985,11:00,1076,1340,719,1,9,709,1,9,150,1,13,759,1,9,714,1,9,184,1,13,506,1,18,2,A,7,1,A,7,24.4,A,7,11.7,A,7,45,A,7,985,A,7,240,A,7,8.2,A,7,16100,B,7,77777,A,7,2.1,E,8,0.000,F,8,0.00,?,0,0,1,D,9,00,C,8
05/10/1985,12:00,1174,1340,897,1,9,882,1,9,124,1,13,925,1,9,884,1,9,148,1,13,472,1,18,4,A,7,2,A,7,25.6,A,7,12.2,A,7,44,A,7,985,A,7,260,A,7,7.7,A,7,16100,B,7,77777,A,7,2.2,E,8,0.000,F,8,0.00,?,0,0,1,D,9,00,C,8
05/10/1985,13:00,1211,1340,789,1,9,672,1,9,182,1,13,857,1,9,693,1,9,230,1,13,1002,1,18,6,A,7,2,A,7,26.1,A,7,12.2,A,7,42,A,7,984,A,7,240,A,7,7.2,A,7,16100,B,7,77777,A,7,2.2,E,8,0.000,F,8,0.00,?,0,0,1,D,9,00,C,8
05/10/1985,14:00,1184,1340,827,1,9,681,1,9,226,1,13,883,1,9,695,1,9,267,1,13,1110,1,18,7,A,7,2,A,7,26.7,A,7,11.1,A,7,38,A,7,984,A,7,230,A,7,7.7,A,7,16100,B,7,77777,A,7,2.1,E,8,0.000,F,8,0.00,?,0,0,1,D,9,00,C,8
05/10/1985,15:00,1096,1340,598,1,13,407,1,13,266,1,13,649,1,13,425,1,13,301,1,13,1015,1,23,9,A,7,4,A,7,27.2,A,7,10.6,A,7,35,A,7,983,A,7,220,A,7,8.2,A,7,16100,B,7,77777,A,7,2.0,E,8,0.000,F,8,0.00,?,0,0,1,D,9,00,C,8
05/10/1985,16:00,952,1340,353,1,13,171,1,13,232,1,13,396,1,13,183,1,13,266,1,13,712,1,23,9,A,7,6,A,7,26.7,A,7,9.4,A,7,34,A,7,982,A,7,210,A,7,8.2,A,7,24100,B,7,7620,A,7,1.9,E,8,0.000,F,8,0.00,?,0,0,1,D,9,00,C,8
05/10/1985,17:00,762,1340,393,1,13,406,1,13,163,1,13,425,1,13,415,1,13,189,1,13,364,1,23,8,A,7,4,A,7,26.1,A,7,8.3,A,7,33,A,7,981,A,7,220,A,7,7.7,A,7,24100,B,7,77777,A,7,1.8,E,8,0.000,F,8,0.00,?,0,0,1,D,9,00,C,8
05/10/1985,18:00,539,1340,332,1,13,546,1,13,115,1,13,344,1,13,513,1,13,137,1,13,219,1,23,8,A,7,3,A,7,26.7,A,7,8.9,A,7,33,A,7,981,A,7,230,A,7,5.7,A,7,24100,B,7,77777,A,7,1.8,E,8,0.000,F,8,0.00,?,0,0,1,D,9,00,C,8
05/10/1985,19:00,299,1340,127,1,13,102,1,13,104,1,13,136,1,13,83,1,13,118,1,13,226,1,23,9,A,7,4,A,7,24.4,A,7,8.9,A,7,37,A,7,981,A,7,210,A,7,3.6,A,7,24100,B,7,77777,A,7,1.8,E,8,0.000,F,8,0.00,?,0,0,1,D,9,00,C,8
05/10/1985,20:00,68,1061,27,1,13,24,1,13,25,1,13,29,1,13,14,1,13,28,1,13,58,1,23,9,A,7,4,A,7,23.3,A,7,10.0,A,7,43,A,7,981,A,7,200,A,7,2.6,A,7,24100,B,7,77777,A,7,1.9,E,8,0.000,F,8,0.00,?,0,0,1,D,9,00,C,8
05/10/1985,21:00,0,0,0,1,0,0,1,0,0,1,0,0,1,0,0,1,0,0,1,0,0,1,0,7,A,7,3,A,7,20.6,A,7,10.0,A,7,51,A,7,982,A,7,200,A,7,3.1,A,7,24100,B,7,77777,A,7,1.9,E,8,0.000,?,0,0.00,?,0,0,1,D,9,00,C,8
05/10/1985,22:00,0,0,0,1,0,0,1,0,0,1,0,0,1,0,0,1,0,0,1,0,0,1,0,4,A,7,1,A,7,20.6,A,7,10.6,A,7,53,A,7,982,A,7,200,A,7,4.6,A,7,24100,B,7,77777,A,7,2.0,E,8,0.000,?,0,0.00,?,0,0,1,D,9,00,C,8
05/10/1985,23:00,0,0,0,1,0,0,1,0,0,1,0,0,1,0,0,1,0,0,1,0,0,1,0,3,A,7,1,A,7,20.0,A,7,11.7,A,7,59,A,7,982,A,7,200,A,7,5.7,A,7,24100,B,7,77777,A,7,2.1,E,8,0.000,?,0,0.00,?,0,0,1,D,9,00,C,8
05/10/1985,24:00,0,0,0,1,0,0,1,0,0,1,0,0,1,0,0,1,0,0,1,0,0,1,0,3,A,7,1,A,7,18.9,A,7,11.7,A,7,63,A,7,982,A,7,200,A,7,4.6,A,7,24100,B,7,77777,A,7,2.1,E,8,0.000,?,0,0.00,?,0,0,1,D,9,00,C,8
05/11/1985,01:00,0,0,0,1,0,0,1,0,0,1,0,0,1,0,0,1,0,0,1,0,0,1,0,3,A,7,1,A,7,18.3,A,7,14.4,A,7,78,A,7,982,A,7,200,A,7,4.1,A,7,16100,B,7,77777,A,7,2.5,E,8,0.000,?,0,0.00,?,0,0,1,D,9,00,C,8
05/11/1985,02:00,0,0,0,1,0,0,1,0,0,1,0,0,1,0,0,1,0,0,1,0,0,1,0,3,A,7,1,A,7,17.2,A,7,14.4,A,7,84,A,7,982,A,7,200,A,7,3.6,A,7,16100,B,7,77777,A,7,2.5,E,8,0.000,?,0,0.00,?,0,0,1,D,9,00,C,8
05/11/1985,03:00,0,0,0,1,0,0,1,0,0,1,0,0,1,0,0,1,0,0,1,0,0,1,0,3,A,7,1,A,7,16.7,A,7,14.4,A,7,87,A,7,982,A,7,200,A,7,3.1,A,7,11300,B,7,77777,A,7,2.5,E,8,0.000,?,0,0.00,?,0,0,1,D,9,00,C,8
05/11/1985,04:00,0,0,0,1,0,0,1,0,0,1,0,0,1,0,0,1,0,0,1,0,0,1,0,3,A,7,1,A,7,16.7,A,7,15.0,A,7,90,A,7,982,A,7,200,A,7,3.6,A,7,8000,B,7,77777,A,7,2.6,E,8,0.000,?,0,0.00,?,0,0,1,D,9,00,C,8
05/11/1985,05:00,0,0,0,1,0,0,1,0,0,1,0,0,1,0,0,1,0,0,1,0,0,1,0,3,A,7,0,A,7,15.6,A,7,13.3,A,7,87,A,7,982,A,7,200,A,7,2.6,A,7,8000,B,7,77777,A,7,2.4,E,8,0.000,?,0,0.00,?,0,0,1,D,9,45,C,8
05/11/1985,06:00,44,859,14,1,13,5,1,9,13,1,13,15,1,13,3,1,9,14,1,13,33,1,21,5,A,7,2,A,7,15.0,A,7,13.3,A,7,90,A,7,982,A,7,180,A,7,3.6,A,7,6400,B,7,77777,A,7,2.4,E,8,0.000,F,8,0.00,?,0,0,1,D,9,45,C,8
05/11/1985,07:00,263,1339,117,1,13,230,1,9,73,1,13,124,1,13,171,1,9,91,1,13,140,1,21,8,A,7,0,A,7,16.7,A,7,14.4,A,7,87,A,7,983,A,7,180,A,7,3.6,A,7,6400,B,7,77777,A,7,2.5,E,8,0.000,F,8,0.00,?,0,0,1,D,9,45,C,8
05/11/1985,08:00,504,1339,276,1,9,335,1,9,151,1,13,294,1,9,325,1,9,172,1,13,315,1,18,7,A,7,2,A,7,18.9,A,7,16.1,A,7,84,A,7,983,A,7,190,A,7,4.6,A,7,8000,B,7,77777,A,7,2.8,E,8,0.000,F,8,0.00,?,0,0,1,D,9,05,C,8
05/11/1985,09:00,731,1339,358,1,13,332,1,13,177,1,13,392,1,13,350,1,13,201,1,13,399,1,23,7,A,7,3,A,7,20.6,A,7,17.2,A,7,81,A,7,982,A,7,190,A,7,5.2,A,7,9700,B,7,77777,A,7,3.0,E,8,0.000,F,8,0.00,?,0,0,1,D,9,05,C,8
05/11/1985,10:00,927,1339,492,1,13,343,1,13,255,1,13,539,1,13,370,1,13,283,1,13,705,1,23,8,A,7,6,A,7,21.7,A,7,17.2,A,7,76,A,7,982,A,7,210,A,7,6.2,A,7,9700,B,7,640,A,7,3.0,E,8,0.000,F,8,0.00,?,0,0,1,D,9,05,C,8
05/11/1985,11:00,1079,1339,662,1,13,471,1,13,282,1,13,711,1,13,492,1,13,314,1,13,1037,1,23,9,A,7,6,A,7,23.9,A,7,18.3,A,7,71,A,7,981,A,7,220,A,7,6.2,A,7,11300,B,7,760,A,7,3.2,E,8,0.000,F,8,0.00,?,0,0,1,D,9,05,C,8
05/11/1985,12:00,1176,1339,569,1,13,133,1,13,452,1,13,623,1,13,141,1,13,498,1,13,1996,1,23,8,A,7,7,A,7,25.6,A,7,17.8,A,7,62,A,7,981,A,7,180,A,7,8.2,A,7,11300,B,7,910,A,7,3.1,E,8,0.000,F,8,0.00,?,0,0,1,D,9,00,C,8
05/11/1985,13:00,1213,1339,652,1,13,313,1,13,368,1,13,720,1,13,341,1,13,411,1,13,1865,1,23,8,A,7,6,A,7,25.6,A,7,17.2,A,7,60,A,7,980,A,7,200,A,7,6.7,A,7,11300,B,7,910,A,7,3.0,E,8,0.000,F,8,0.00,?,0,0,1,D,9,00,C,8
05/11/1985,14:00,1186,1339,683,1,13,365,1,13,360,1,13,754,1,13,397,1,13,402,1,13,1669,1,23,9,A,7,6,A,7,25.6,A,7,16.7,A,7,58,A,7,979,A,7,190,A,7,7.7,A,7,11300,B,7,7620,A,7,2.9,E,8,0.000,F,8,0.00,?,0,0,1,D,9,00,C,8
05/11/1985,15:00,1098,1339,498,1,9,100,1,9,416,1,13,549,1,9,103,1,9,464,1,13,1676,1,18,10,A,7,8,A,7,27.2,A,7,16.7,A,7,53,A,7,979,A,7,190,A,7,7.2,A,7,11300,B,7,7620,A,7,2.9,E,8,0.000,F,8,0.00,?,0,0,1,D,9,00,C,8
05/11/1985,16:00,954,1339,492,1,13,236,1,13,324,1,13,539,1,13,250,1,13,361,1,13,999,1,23,9,A,7,6,A,7,27.8,A,7,16.7,A,7,51,A,7,978,A,7,190,A,7,7.7,A,7,11300,B,7,7620,A,7,2.9,E,8,0.000,F,8,0.00,?,0,0,1,D,9,00,C,8
05/11/1985,17:00,764,1339,273,1,13,141,1,13,194,1,13,305,1,13,148,1,13,220,1,13,510,1,23,9,A,7,7,A,7,27.2,A,7,16.1,A,7,51,A,7,977,A,7,200,A,7,8.8,A,7,11300,B,7,7620,A,7,2.8,E,8,0.000,F,8,0.00,?,0,0,1,D,9,00,C,8
05/11/1985,18:00,542,1339,231,1,13,223,1,13,142,1,13,250,1,13,221,1,13,160,1,13,292,1,23,10,A,7,5,A,7,26.7,A,7,15.6,A,7,51,A,7,977,A,7,210,A,7,6.2,A,7,11300,B,7,77777,A,7,2.7,E,8,0.000,F,8,0.00,?,0,0,1,D,9,00,C,8
05/11/1985,19:00,303,1339,66,1,13,22,1,9,61,1,13,72,1,13,18,1,9,68,1,13,164,1,21,10,A,7,9,A,7,25.6,A,7,15.0,A,7,52,A,7,977,A,7,220,A,7,6.2,A,7,11300,B,7,1370,A,7,2.6,E,8,0.000,F,8,0.00,?,0,0,1,D,9,00,C,8
05/11/1985,20:00,71,1083,13,1,13,1,1,9,13,1,13,15,1,13,0,1,9,15,1,13,48,1,21,10,A,7,9,A,7,23.9,A,7,15.0,A,7,58,A,7,977,A,7,200,A,7,4.6,A,7,11300,B,7,3350,A,7,2.6,E,8,0.000,F,8,0.00,?,0,0,1,D,9,00,C,8
05/11/1985,21:00,0,0,0,1,0,0,1,0,0,1,0,0,1,0,0,1,0,0,1,0,0,1,0,10,A,7,10,A,7,22.8,A,7,15.6,A,7,64,A,7,978,A,7,200,A,7,4.1,A,7,11300,B,7,3350,A,7,2.7,E,8,0.000,?,0,0.00,?,0,0,1,D,9,00,C,8
05/11/1985,22:00,0,0,0,1,0,0,1,0,0,1,0,0,1,0,0,1,0,0,1,0,0,1,0,10,A,7,10,A,7,21.1,A,7,15.6,A,7,71,A,7,978,A,7,180,A,7,4.1,A,7,11300,B,7,3350,A,7,2.7,E,8,0.000,?,0,0.00,?,0,0,1,D,9,00,C,8
05/11/1985,23:00,0,0,0,1,0,0,1,0,0,1,0,0,1,0,0,1,0,0,1,0,0,1,0,10,A,7,9,A,7,21.1,A,7,15.6,A,7,71,A,7,978,A,7,190,A,7,4.6,A,7,11300,B,7,7620,A,7,2.7,E,8,0.000,?,0,0.00,?,0,0,1,D,9,00,C,8
05/11/1985,24:00,0,0,0,1,0,0,1,0,0,1,0,0,1,0,0,1,0,0,1,0,0,1,0,10,A,7,9,A,7,20.6,A,7,15.6,A,7,73,A,7,977,A,7,180,A,7,5.2,A,7,11300,B,7,7620,A,7,2.7,E,8,0.000,?,0,0.00,?,0,0,1,D,9,00,C,8
05/12/1985,01:00,0,0,0,1,0,0,1,0,0,1,0,0,1,0,0,1,0,0,1,0,0,1,0,10,A,7,10,A,7,20.6,A,7,15.6,A,7,73,A,7,977,A,7,190,A,7,5.2,A,7,11300,B,7,3050,A,7,2.7,E,8,0.000,?,0,0.00,?,0,0,1,D,9,00,C,8
05/12/1985,02:00,0,0,0,1,0,0,1,0,0,1,0,0,1,0,0,1,0,0,1,0,0,1,0,10,A,7,10,A,7,20.0,A,7,15.6,A,7,76,A,7,977,A,7,190,A,7,4.6,A,7,12900,B,7,3050,A,7,2.7,E,8,0.000,?,0,0.00,?,0,0,1,D,9,00,C,8
05/12/1985,03:00,0,0,0,1,0,0,1,0,0,1,0,0,1,0,0,1,0,0,1,0,0,1,0,10,A,7,10,A,7,20.0,A,7,16.1,A,7,78,A,7,976,A,7,190,A,7,5.2,A,7,12900,B,7,3050,A,7,2.7,E,8,0.000,?,0,0.00,?,0,0,1,D,9,00,C,8
05/12/1985,04:00,0,0,0,1,0,0,1,0,0,1,0,0,1,0,0,1,0,0,1,0,0,1,0,10,A,7,10,A,7,19.4,A,7,16.1,A,7,81,A,7,976,A,7,190,A,7,4.1,A,7,12900,B,7,3050,A,7,2.7,E,8,0.000,?,0,0.00,?,0,0,1,D,9,00,C,8
05/12/1985,05:00,0,0,0,1,0,0,1,0,0,1,0,0,1,0,0,1,0,0,1,0,0,1,0,10,A,7,10,A,7,19.4,A,7,16.1,A,7,81,A,7,976,A,7,180,A,7,4.6,A,7,12900,B,7,3050,A,7,2.7,E,8,0.000,?,0,0.00,?,0,0,1,D,9,00,C,8
05/12/1985,06:00,47,881,17,1,13,9,1,9,16,1,13,18,1,13,5,1,9,18,1,13,39,1,21,10,A,7,10,A,7,19.4,A,7,16.1,A,7,81,A,7,976,A,7,180,A,7,4.6,A,7,11300,B,7,3050,A,7,2.7,E,8,0.000,F,8,0.00,?,0,0,1,D,9,00,C,8
05/12/1985,07:00,267,1339,26,1,13,8,1,9,25,1,13,29,1,13,6,1,9,28,1,13,71,1,21,10,A,7,10,A,7,19.4,A,7,16.7,A,7,84,A,7,976,A,7,190,A,7,6.2,A,7,11300,B,7,3050,A,7,2.8,E,8,0.000,F,8,0.00,?,0,0,1,D,9,00,C,8
05/12/1985,08:00,507,1339,158,1,9,5,1,9,156,1,13,177,1,9,4,1,9,176,1,13,569,1,18,10,A,7,10,A,7,19.4,A,7,17.2,A,7,87,A,7,976,A,7,180,A,7,6.2,A,7,11300,B,7,3050,A,7,2.9,E,8,0.000,F,8,0.00,?,0,0,1,D,9,61,C,8
05/12/1985,09:00,733,1339,208,1,9,2,1,9,206,1,13,238,1,9,2,1,9,237,1,13,855,1,18,10,A,7,10,A,7,20.6,A,7,17.8,A,7,84,A,7,976,A,7,200,A,7,7.2,A,7,11300,B,7,580,A,7,3.0,E,8,0.000,F,8,0.00,?,0,0,1,D,9,00,C,8
05/12/1985,10:00,929,1339,281,1,9,4,1,9,278,1,13,325,1,9,4,1,9,323,1,13,1208,1,18,10,A,7,10,A,7,23.3,A,7,18.9,A,7,76,A,7,976,A,7,200,A,7,8.2,A,7,11300,B,7,640,A,7,3.2,E,8,0.000,F,8,0.00,?,0,0,1,D,9,00,C,8
05/12/1985,11:00,1081,1339,487,1,9,258,1,9,279,1,13,541,1,9,280,1,9,314,1,13,977,1,18,8,A,7,8,A,7,26.7,A,7,18.9,A,7,63,A,7,976,A,7,210,A,7,8.8,A,7,11300,B,7,700,A,7,3.3,E,8,0.000,F,8,0.00,?,0,0,1,D,9,00,C,8
05/12/1985,12:00,1178,1339,854,1,13,727,1,13,214,1,13,914,1,13,744,1,13,258,1,13,1037,1,23,6,A,7,6,A,7,25.6,A,7,19.4,A,7,69,A,7,976,A,7,190,A,7,7.7,A,7,11300,B,7,760,A,7,3.4,E,8,0.000,F,8,0.00,?,0,0,1,D,9,00,C,8
05/12/1985,13:00,1215,1339,737,1,13,426,1,13,351,1,13,790,1,13,445,1,13,386,1,13,1990,1,23,7,A,7,7,A,7,26.7,A,7,18.9,A,7,63,A,7,975,A,7,210,A,7,7.7,A,7,11300,B,7,2440,A,7,3.3,E,8,0.000,F,8,0.00,?,0,0,1,D,9,00,C,8
05/12/1985,14:00,1188,1339,651,1,13,442,1,13,259,1,13,717,1,13,464,1,13,305,1,13,1307,1,23,7,A,7,7,A,7,26.7,A,7,18.9,A,7,63,A,7,975,A,7,190,A,7,9.3,A,7,11300,B,7,850,A,7,3.3,E,8,0.000,F,8,0.00,?,0,0,1,D,9,00,C,8
05/12/1985,15:00,1100,1339,496,1,13,212,1,13,322,1,13,546,1,13,230,1,13,357,1,13,1191,1,23,7,A,7,7,A,7,27.2,A,7,18.3,A,7,58,A,7,974,A,7,210,A,7,8.8,A,7,11300,B,7,1070,A,7,3.1,E,8,0.000,F,8,0.00,?,0,0,1,D,9,00,C,8
05/12/1985,16:00,956,1339,574,1,13,378,1,13,304,1,13,623,1,13,408,1,13,331,1,13,893,1,23,7,A,7,7,A,7,27.2,A,7,17.8,A,7,56,A,7,974,A,7,210,A,7,9.8,A,7,11300,B,7,1070,A,7,3.0,E,8,0.000,F,8,0.00,?,0,0,1,D,9,00,C,8
05/12/1985,17:00,767,1339,416,1,13,441,1,13,164,1,13,450,1,13,451,1,13,192,1,13,368,1,23,6,A,7,6,A,7,27.2,A,7,17.8,A,7,56,A,7,974,A,7,230,A,7,7.7,A,7,11300,B,7,1070,A,7,3.0,E,8,0.000,F,8,0.00,?,0,0,1,D,9,00,C,8
05/12/1985,18:00,545,1339,268,1,13,316,1,13,141,1,13,290,1,13,314,1,13,162,1,13,290,1,23,6,A,7,6,A,7,28.3,A,7,17.2,A,7,51,A,7,974,A,7,230,A,7,6.7,A,7,11300,B,7,1070,A,7,2.9,E,8,0.000,F,8,0.00,?,0,0,1,D,9,00,C,8
05/12/1985,19:00,306,1339,149,1,13,398,1,9,60,1,13,155,1,13,319,1,9,82,1,13,108,1,21,2,A,7,2,A,7,26.7,A,7,15.0,A,7,49,A,7,975,A,7,240,A,7,8.2,A,7,16100,B,7,77777,A,7,2.6,E,8,0.000,F,8,0.00,?,0,0,1,D,9,00,C,8
05/12/1985,20:00,74,1104,33,1,13,163,1,9,18,1,13,30,1,13,79,1,9,25,1,13,33,1,21,0,A,7,0,A,7,22.8,A,7,12.8,A,7,53,A,7,976,A,7,270,A,7,7.2,A,7,24100,B,7,77777,A,7,2.3,E,8,0.000,F,8,0.00,?,0,0,1,D,9,00,C,8
05/12/1985,21:00,0,0,0,1,0,0,1,0,0,1,0,0,1,0,0,1,0,0,1,0,0,1,0,0,A,7,0,A,7,19.4,A,7,13.9,A,7,70,A,7,977,A,7,280,A,7,6.7,A,7,24100,B,7,77777,A,7,2.4,E,8,0.000,?,0,0.00,?,0,0,1,D,9,00,C,8
05/12/1985,22:00,0,0,0,1,0,0,1,0,0,1,0,0,1,0,0,1,0,0,1,0,0,1,0,0,A,7,0,A,7,18.3,A,7,11.7,A,7,65,A,7,979,A,7,280,A,7,7.2,A,7,24100,B,7,77777,A,7,2.1,E,8,0.000,?,0,0.00,?,0,0,1,D,9,00,C,8
05/12/1985,23:00,0,0,0,1,0,0,1,0,0,1,0,0,1,0,0,1,0,0,1,0,0,1,0,0,A,7,0,A,7,16.7,A,7,11.7,A,7,73,A,7,980,A,7,280,A,7,3.6,A,7,24100,B,7,77777,A,7,2.1,E,8,0.000,?,0,0.00,?,0,0,1,D,9,00,C,8
05/12/1985,24:00,0,0,0,1,0,0,1,0,0,1,0,0,1,0,0,1,0,0,1,0,0,1,0,0,A,7,0,A,7,15.6,A,7,11.1,A,7,75,A,7,980,A,7,270,A,7,4.1,A,7,24100,B,7,77777,A,7,2.1,E,8,0.000,?,0,0.00,?,0,0,1,D,9,00,C,8
05/13/1985,01:00,0,0,0,1,0,0,1,0,0,1,0,0,1,0,0,1,0,0,1,0,0,1,0,0,A,7,0,A,7,13.9,A,7,10.0,A,7,78,A,7,981,A,7,230,A,7,3.6,A,7,24100,B,7,77777,A,7,1.9,E,8,0.000,?,0,0.00,?,0,0,1,D,9,00,C,8
05/13/1985,02:00,0,0,0,1,0,0,1,0,0,1,0,0,1,0,0,1,0,0,1,0,0,1,0,0,A,7,0,A,7,13.3,A,7,10.0,A,7,80,A,7,981,A,7,260,A,7,4.1,A,7,24100,B,7,77777,A,7,1.9,E,8,0.000,?,0,0.00,?,0,0,1,D,9,00,C,8
05/13/1985,03:00,0,0,0,1,0,0,1,0,0,1,0,0,1,0,0,1,0,0,1,0,0,1,0,0,A,7,0,A,7,12.2,A,7,8.9,A,7,80,A,7,981,A,7,230,A,7,5.2,A,7,24100,B,7,77777,A,7,1.8,E,8,0.000,?,0,0.00,?,0,0,1,D,9,00,C,8
05/13/1985,04:00,0,0,0,1,0,0,1,0,0,1,0,0,1,0,0,1,0,0,1,0,0,1,0,0,A,7,0,A,7,11.1,A,7,8.9,A,7,86,A,7,982,A,7,260,A,7,4.1,A,7,24100,B,7,77777,A,7,1.8,E,8,0.000,?,0,0.00,?,0,0,1,D,9,00,C,8
05/13/1985,05:00,0,0,0,1,0,0,1,0,0,1,0,0,1,0,0,1,0,0,1,0,0,1,0,0,A,7,0,A,7,10.0,A,7,7.8,A,7,86,A,7,982,A,7,250,A,7,3.6,A,7,24100,B,7,77777,A,7,1.7,E,8,0.000,?,0,0.00,?,0,0,1,D,9,00,C,8
05/13/1985,06:00,49,903,18,1,13,6,1,9,17,1,13,19,1,13,3,1,9,19,1,13,41,1,21,0,A,7,0,A,7,9.4,A,7,7.2,A,7,86,A,7,983,A,7,270,A,7,4.1,A,7,24100,B,7,77777,A,7,1.6,E,8,0.000,F,8,0.00,?,0,0,1,D,9,00,C,8
05/13/1985,07:00,270,1338,109,1,13,182,1,9,72,1,13,115,1,13,137,1,9,87,1,13,137,1,21,3,A,7,0,A,7,11.7,A,7,9.4,A,7,86,A,7,984,A,7,300,A,7,5.2,A,7,24100,B,7,77777,A,7,1.9,E,8,0.000,F,8,0.00,?,0,0,1,D,9,00,C,8
05/13/1985,08:00,511,1338,289,1,9,383,1,9,143,1,13,300,1,9,362,1,9,162,1,13,281,1,18,7,A,7,0,A,7,13.3,A,7,10.0,A,7,80,A,7,985,A,7,320,A,7,5.2,A,7,24100,B,7,77777,A,7,1.9,E,8,0.000,F,8,0.00,?,0,0,1,D,9,00,C,8
05/13/1985,09:00,736,1338,484,1,9,532,1,9,192,1,13,513,1,9,540,1,9,215,1,13,428,1,18,6,A,7,0,A,7,15.6,A,7,10.0,A,7,70,A,7,985,A,7,300,A,7,4.1,A,7,24100,B,7,77777,A,7,1.9,E,8,0.000,F,8,0.00,?,0,0,1,D,9,00,C,8
05/13/1985,10:00,931,1338,590,1,9,466,1,9,265,1,13,624,1,9,482,1,9,287,1,13,743,1,18,8,A,7,1,A,7,17.2,A,7,9.4,A,7,61,A,7,986,A,7,290,A,7,4.1,A,7,24100,B,7,77777,A,7,1.9,E,8,0.000,F,8,0.00,?,0,0,1,D,9,00,C,8
05/13/1985,11:00,1083,1338,674,1,9,460,1,9,302,1,13,721,1,9,480,1,9,331,1,13,1129,1,18,7,A,7,1,A,7,20.6,A,7,10.0,A,7,51,A,7,985,A,7,280,A,7,4.6,A,7,24100,B,7,77777,A,7,1.9,E,8,0.000,F,8,0.00,?,0,0,1,D,9,00,C,8
05/13/1985,12:00,1180,1338,838,1,9,654,1,9,261,1,13,884,1,9,662,1,9,299,1,13,1256,1,18,6,A,7,1,A,7,20.6,A,7,10.0,A,7,51,A,7,985,A,7,220,A,7,2.1,A,7,24100,B,7,77777,A,7,1.9,E,8,0.000,F,8,0.00,?,0,0,1,D,9,00,C,8
05/13/1985,13:00,1217,1338,884,1,9,647,1,9,296,1,13,928,1,9,652,1,9,334,1,13,1628,1,18,7,A,7,1,A,7,21.7,A,7,8.9,A,7,44,A,7,985,A,7,250,A,7,3.1,A,7,24100,B,7,77777,A,7,1.8,E,8,0.000,F,8,0.00,?,0,0,1,D,9,00,C,8
05/13/1985,14:00,1190,1338,832,1,9,598,1,9,301,1,13,904,1,9,626,1,9,346,1,13,1542,1,18,8,A,7,2,A,7,23.3,A,7,8.9,A,7,40,A,7,985,A,7,320,A,7,3.1,A,7,24100,B,7,77777,A,7,1.8,E,8,0.000,F,8,0.00,?,0,0,1,D,9,00,C,8
05/13/1985,15:00,1102,1338,756,1,9,591,1,9,269,1,13,820,1,9,618,1,9,310,1,13,1047,1,18,6,A,7,2,A,7,23.9,A,7,8.3,A,7,37,A,7,984,A,7,270,A,7,2.6,A,7,24100,B,7,77777,A,7,1.7,E,8,0.000,F,8,0.00,?,0,0,1,D,9,00,C,8
05/13/1985,16:00,959,1338,579,1,9,453,1,9,255,1,13,618,1,9,470,1,9,281,1,13,741,1,18,6,A,7,2,A,7,25.0,A,7,8.3,A,7,35,A,7,984,A,7,250,A,7,4.1,A,7,24100,B,7,77777,A,7,1.8,E,8,0.000,F,8,0.00,?,0,0,1,D,9,00,C,8
05/13/1985,17:00,770,1338,451,1,13,404,1,13,220,1,13,475,1,13,411,1,13,237,1,13,509,1,23,6,A,7,3,A,7,25.0,A,7,6.7,A,7,31,A,7,984,A,7,270,A,7,2.6,A,7,24100,B,7,77777,A,7,1.6,E,8,0.000,F,8,0.00,?,0,0,1,D,9,00,C,8
05/13/1985,18:00,548,1338,288,1,9,335,1,9,152,1,13,310,1,9,333,1,9,173,1,13,317,1,18,5,A,7,2,A,7,25.0,A,7,7.2,A,7,32,A,7,984,A,7,310,A,7,2.1,A,7,24100,B,7,77777,A,7,1.6,E,8,0.000,F,8,0.00,?,0,0,1,D,9,00,C,8
05/13/1985,19:00,310,1338,115,1,13,152,1,9,81,1,13,123,1,13,123,1,9,95,1,13,155,1,21,4,A,7,2,A,7,22.8,A,7,9.4,A,7,43,A,7,983,A,7,280,A,7,2.1,A,7,24100,B,7,77777,A,7,1.9,E,8,0.000,F,8,0.00,?,0,0,1,D,9,00,C,8
05/13/1985,20:00,77,1126,20,1,13,11,1,9,19,1,13,22,1,13,6,1,9,21,1,13,47,1,21,2,A,7,1,A,7,17.8,A,7,10.0,A,7,61,A,7,984,A,7,0,A,7,0.0,A,7,24100,B,7,77777,A,7,1.9,E,8,0.000,F,8,0.00,?,0,0,1,D,9,00,C,8
05/13/1985,21:00,0,0,0,1,0,0,1,0,0,1,0,0,1,0,0,1,0,0,1,0,0,1,0,0,A,7,0,A,7,15.6,A,7,8.3,A,7,62,A,7,985,A,7,310,A,7,1.5,A,7,24100,B,7,77777,A,7,1.7,E,8,0.000,?,0,0.00,?,0,0,1,D,9,00,C,8
05/13/1985,22:00,0,0,0,1,0,0,1,0,0,1,0,0,1,0,0,1,0,0,1,0,0,1,0,0,A,7,0,A,7,13.9,A,7,8.9,A,7,72,A,7,985,A,7,160,A,7,1.5,A,7,24100,B,7,77777,A,7,1.8,E,8,0.000,?,0,0.00,?,0,0,1,D,9,00,C,8
05/13/1985,23:00,0,0,0,1,0,0,1,0,0,1,0,0,1,0,0,1,0,0,1,0,0,1,0,0,A,7,0,A,7,11.7,A,7,8.9,A,7,83,A,7,984,A,7,50,A,7,3.1,A,7,24100,B,7,77777,A,7,1.8,E,8,0.000,?,0,0.00,?,0,0,1,D,9,00,C,8
05/13/1985,24:00,0,0,0,1,0,0,1,0,0,1,0,0,1,0,0,1,0,0,1,0,0,1,0,0,A,7,0,A,7,11.1,A,7,8.3,A,7,83,A,7,984,A,7,320,A,7,3.1,A,7,24100,B,7,77777,A,7,1.7,E,8,0.000,?,0,0.00,?,0,0,1,D,9,00,C,8
05/14/1985,01:00,0,0,0,1,0,0,1,0,0,1,0,0,1,0,0,1,0,0,1,0,0,1,0,0,A,7,0,A,7,10.6,A,7,7.8,A,7,83,A,7,984,A,7,0,A,7,0.0,A,7,24100,B,7,77777,A,7,1.7,E,8,0.000,?,0,0.00,?,0,0,1,D,9,00,C,8
05/14/1985,02:00,0,0,0,1,0,0,1,0,0,1,0,0,1,0,0,1,0,0,1,0,0,1,0,4,A,7,4,A,7,13.9,A,7,10.6,A,7,81,A,7,984,A,7,60,A,7,3.1,A,7,24100,B,7,77777,A,7,2.0,E,8,0.000,?,0,0.00,?,0,0,1,D,9,00,C,8
05/14/1985,03:00,0,0,0,1,0,0,1,0,0,1,0,0,1,0,0,1,0,0,1,0,0,1,0,8,A,7,8,A,7,13.9,A,7,10.0,A,7,78,A,7,984,A,7,60,A,7,4.1,A,7,24100,B,7,3050,A,7,1.9,E,8,0.000,?,0,0.00,?,0,0,1,D,9,00,C,8
05/14/1985,04:00,0,0,0,1,0,0,1,0,0,1,0,0,1,0,0,1,0,0,1,0,0,1,0,5,A,7,5,A,7,13.9,A,7,10.0,A,7,78,A,7,984,A,7,60,A,7,5.2,A,7,24100,B,7,77777,A,7,1.9,E,8,0.000,?,0,0.00,?,0,0,1,D,9,00,C,8
05/14/1985,05:00,0,0,0,1,0,0,1,0,0,1,0,0,1,0,0,1,0,0,1,0,0,1,0,5,A,7,5,A,7,13.3,A,7,9.4,A,7,78,A,7,984,A,7,80,A,7,5.7,A,7,24100,B,7,77777,A,7,1.9,E,8,0.000,?,0,0.00,?,0,0,1,D,9,00,C,8
05/14/1985,06:00,52,925,18,1,13,1,1,13,18,1,13,20,1,13,0,1,13,20,1,13,61,1,23,10,A,7,4,A,7,12.2,A,7,9.4,A,7,83,A,7,985,A,7,90,A,7,4.6,A,7,24100,B,7,77777,A,7,1.9,E,8,0.000,F,8,0.00,?,0,0,1,D,9,00,C,8
05/14/1985,07:00,274,1337,79,1,13,42,1,13,70,1,13,86,1,13,34,1,13,79,1,13,178,1,23,10,A,7,6,A,7,13.3,A,7,10.0,A,7,80,A,7,985,A,7,90,A,7,5.2,A,7,24100,B,7,7620,A,7,1.9,E,8,0.000,F,8,0.00,?,0,0,1,D,9,00,C,8
05/14/1985,08:00,514,1337,181,1,9,38,1,9,167,1,13,199,1,9,36,1,9,185,1,13,455,1,18,10,A,7,9,A,7,15.0,A,7,10.0,A,7,72,A,7,985,A,7,120,A,7,5.7,A,7,24100,B,7,7620,A,7,1.9,E,8,0.000,F,8,0.00,?,0,0,1,D,9,00,C,8
05/14/1985,09:00,739,1337,344,1,9,122,1,9,276,1,13,377,1,9,123,1,9,309,1,13,830,1,18,10,A,7,9,A,7,16.7,A,7,10.0,A,7,65,A,7,985,A,7,100,A,7,5.2,A,7,24100,B,7,7620,A,7,1.9,E,8,0.000,F,8,0.00,?,0,0,1,D,9,00,C,8
05/14/1985,10:00,934,1337,449,1,13,198,1,13,310,1,13,492,1,13,210,1,13,345,1,13,937,1,23,8,A,7,7,A,7,19.4,A,7,11.1,A,7,59,A,7,985,A,7,120,A,7,3.6,A,7,24100,B,7,2440,A,7,2.1,E,8,0.000,F,8,0.00,?,0,0,1,D,9,00,C,8
05/14/1985,11:00,1085,1337,582,1,13,254,1,13,376,1,13,632,1,13,275,1,13,408,1,13,1381,1,23,8,A,7,6,A,7,22.2,A,7,11.1,A,7,50,A,7,984,A,7,110,A,7,5.7,A,7,24100,B,7,7620,A,7,2.1,E,8,0.000,F,8,0.00,?,0,0,1,D,9,00,C,8
05/14/1985,12:00,1182,1337,682,1,13,265,1,13,447,1,13,739,1,13,287,1,13,484,1,13,2106,1,23,10,A,7,7,A,7,24.4,A,7,12.8,A,7,48,A,7,984,A,7,160,A,7,6.2,A,7,24100,B,7,2740,A,7,2.3,E,8,0.000,F,8,0.00,?,0,0,1,D,9,00,C,8
05/14/1985,13:00,1219,1337,545,1,9,57,1,9,494,1,13,602,1,9,59,1,9,548,1,13,2382,1,18,10,A,7,10,A,7,25.0,A,7,12.2,A,7,45,A,7,984,A,7,160,A,7,6.2,A,7,24100,B,7,2740,A,7,2.2,E,8,0.000,F,8,0.00,?,0,0,1,D,9,00,C,8
05/14/1985,14:00,1192,1337,638,1,13,269,1,13,398,1,13,699,1,13,292,1,13,438,1,13,1906,1,23,9,A,7,7,A,7,25.6,A,7,13.3,A,7,47,A,7,983,A,7,150,A,7,5.7,A,7,24100,B,7,2740,A,7,2.4,E,8,0.000,F,8,0.00,?,0,0,1,D,9,00,C,8
05/14/1985,15:00,1104,1337,609,1,13,279,1,13,379,1,13,663,1,13,302,1,13,413,1,13,1447,1,23,10,A,7,6,A,7,26.1,A,7,13.3,A,7,45,A,7,983,A,7,150,A,7,5.7,A,7,24100,B,7,2740,A,7,2.3,E,8,0.000,F,8,0.00,?,0,0,1,D,9,00,C,8
05/14/1985,16:00,961,1337,510,1,13,315,1,13,285,1,13,558,1,13,340,1,13,313,1,13,834,1,23,9,A,7,5,A,7,27.2,A,7,13.9,A,7,44,A,7,983,A,7,170,A,7,4.6,A,7,24100,B,7,7620,A,7,2.4,E,8,0.000,F,8,0.00,?,0,0,1,D,9,00,C,8
05/14/1985,17:00,772,1337,473,1,13,462,1,13,208,1,13,501,1,13,471,1,13,229,1,13,480,1,23,5,A,7,3,A,7,27.8,A,7,13.9,A,7,43,A,7,983,A,7,110,A,7,5.2,A,7,24100,B,7,77777,A,7,2.5,E,8,0.000,F,8,0.00,?,0,0,1,D,9,00,C,8
05/14/1985,18:00,551,1337,225,1,13,88,1,13,189,1,13,247,1,13,86,1,13,212,1,13,519,1,23,9,A,7,7,A,7,26.7,A,7,13.9,A,7,45,A,7,982,A,7,130,A,7,4.1,A,7,24100,B,7,2740,A,7,2.4,E,8,0.000,F,8,0.00,?,0,0,1,D,9,00,C,8
05/14/1985,19:00,313,1337,110,1,13,23,1,13,105,1,13,121,1,13,12,1,13,118,1,13,334,1,23,9,A,7,4,A,7,25.0,A,7,13.3,A,7,48,A,7,982,A,7,130,A,7,5.2,A,7,24100,B,7,77777,A,7,2.3,E,8,0.000,F,8,0.00,?,0,0,1,D,9,00,C,8
05/14/1985,20:00,80,1148,15,1,13,0,1,13,15,1,13,17,1,13,0,1,13,17,1,13,55,1,23,8,A,7,6,A,7,24.4,A,7,11.7,A,7,45,A,7,982,A,7,150,A,7,6.7,A,7,24100,B,7,2740,A,7,2.1,E,8,0.000,F,8,0.00,?,0,0,1,D,9,00,C,8
05/14/1985,21:00,0,0,0,1,0,0,1,0,0,1,0,0,1,0,0,1,0,0,1,0,0,1,0,8,A,7,5,A,7,22.8,A,7,12.2,A,7,52,A,7,983,A,7,160,A,7,6.2,A,7,24100,B,7,2740,A,7,2.2,E,8,0.000,?,0,0.00,?,0,0,1,D,9,00,C,8
05/14/1985,22:00,0,0,0,1,0,0,1,0,0,1,0,0,1,0,0,1,0,0,1,0,0,1,0,9,A,7,6,A,7,21.1,A,7,13.3,A,7,61,A,7,983,A,7,140,A,7,5.2,A,7,24100,B,7,3050,A,7,2.3,E,8,0.000,?,0,0.00,?,0,0,1,D,9,00,C,8
05/14/1985,23:00,0,0,0,1,0,0,1,0,0,1,0,0,1,0,0,1,0,0,1,0,0,1,0,9,A,7,7,A,7,20.0,A,7,15.0,A,7,73,A,7,982,A,7,140,A,7,6.2,A,7,24100,B,7,3050,A,7,2.6,E,8,0.000,?,0,0.00,?,0,0,1,D,9,00,C,8
05/14/1985,24:00,0,0,0,1,0,0,1,0,0,1,0,0,1,0,0,1,0,0,1,0,0,1,0,7,A,7,3,A,7,18.9,A,7,15.0,A,7,78,A,7,982,A,7,130,A,7,6.2,A,7,24100,B,7,77777,A,7,2.6,E,8,0.000,?,0,0.00,?,0,0,1,D,9,00,C,8
05/15/1985,01:00,0,0,0,1,0,0,1,0,0,1,0,0,1,0,0,1,0,0,1,0,0,1,0,7,A,7,2,A,7,18.3,A,7,14.4,A,7,78,A,7,982,A,7,130,A,7,7.7,A,7,24100,B,7,77777,A,7,2.5,E,8,0.000,?,0,0.00,?,0,0,1,D,9,00,C,8
05/15/1985,02:00,0,0,0,1,0,0,1,0,0,1,0,0,1,0,0,1,0,0,1,0,0,1,0,7,A,7,2,A,7,17.8,A,7,12.8,A,7,73,A,7,981,A,7,130,A,7,6.2,A,7,24100,B,7,77777,A,7,2.3,E,8,0.000,?,0,0.00,?,0,0,1,D,9,00,C,8
05/15/1985,03:00,0,0,0,1,0,0,1,0,0,1,0,0,1,0,0,1,0,0,1,0,0,1,0,7,A,7,3,A,7,17.2,A,7,10.6,A,7,65,A,7,981,A,7,130,A,7,5.2,A,7,24100,B,7,77777,A,7,2.0,E,8,0.000,?,0,0.00,?,0,0,1,D,9,00,C,8
05/15/1985,04:00,0,0,0,1,0,0,1,0,0,1,0,0,1,0,0,1,0,0,1,0,0,1,0,9,A,7,4,A,7,16.7,A,7,10.6,A,7,67,A,7,980,A,7,130,A,7,7.2,A,7,24100,B,7,77777,A,7,2.0,E,8,0.000,?,0,0.00,?,0,0,1,D,9,00,C,8
05/15/1985,05:00,0,0,0,1,0,0,1,0,0,1,0,0,1,0,0,1,0,0,1,0,0,1,0,10,A,7,9,A,7,16.7,A,7,12.2,A,7,75,A,7,980,A,7,130,A,7,6.2,A,7,16100,B,7,7620,A,7,2.2,E,8,0.000,?,0,0.00,?,0,0,1,D,9,00,C,8
05/15/1985,06:00,54,947,16,1,13,0,1,9,16,1,13,18,1,13,0,1,9,18,1,13,56,1,21,10,A,7,10,A,7,17.2,A,7,13.3,A,7,78,A,7,981,A,7,160,A,7,5.2,A,7,12900,B,7,1070,A,7,2.3,E,8,0.000,F,8,0.00,?,0,20,1,D,9,00,C,8
05/15/1985,07:00,277,1337,39,1,13,2,1,9,38,1,13,45,1,13,0,1,9,45,1,13,152,1,21,10,A,7,10,A,7,15.6,A,7,14.4,A,7,93,A,7,982,A,7,170,A,7,3.6,A,7,4800,B,7,610,A,7,2.5,E,8,0.000,F,8,0.00,?,0,23,1,D,9,00,C,8
05/15/1985,08:00,517,1337,67,1,9,10,1,9,64,1,13,82,1,9,5,1,9,80,1,13,287,1,18,10,A,7,10,A,7,16.7,A,7,15.0,A,7,90,A,7,981,A,7,130,A,7,4.1,A,7,6400,B,7,1830,A,7,2.6,E,8,0.000,F,8,0.00,?,0,3,1,D,9,80,C,8
05/15/1985,09:00,742,1337,208,1,9,7,1,9,204,1,13,239,1,9,6,1,9,236,1,13,855,1,18,10,A,7,10,A,7,18.3,A,7,16.1,A,7,87,A,7,979,A,7,130,A,7,6.2,A,7,6400,B,7,3660,A,7,2.8,E,8,0.000,F,8,0.00,?,0,0,1,D,9,45,C,8
05/15/1985,10:00,936,1337,446,1,13,191,1,13,312,1,13,489,1,13,202,1,13,347,1,13,945,1,23,9,A,7,6,A,7,20.6,A,7,17.2,A,7,81,A,7,979,A,7,160,A,7,5.7,A,7,8000,B,7,7620,A,7,2.9,E,8,0.000,F,8,0.00,?,0,0,1,D,9,05,C,8
05/15/1985,11:00,1087,1337,334,1,9,17,1,9,320,1,13,392,1,9,15,1,9,380,1,13,1438,1,18,10,A,7,10,A,7,21.1,A,7,16.7,A,7,76,A,7,979,A,7,160,A,7,6.7,A,7,8000,B,7,520,A,7,2.9,E,8,0.000,F,8,0.00,?,0,0,1,D,9,05,C,8
05/15/1985,12:00,1184,1337,365,1,9,14,1,9,353,1,13,432,1,9,13,1,9,420,1,13,1580,1,18,10,A,7,10,A,7,21.7,A,7,17.2,A,7,76,A,7,979,A,7,200,A,7,5.7,A,7,11300,B,7,580,A,7,3.0,E,8,0.000,F,8,0.00,?,0,0,1,D,9,05,C,8
05/15/1985,13:00,1220,1337,643,1,9,255,1,9,411,1,13,706,1,9,277,1,9,453,1,13,2177,1,18,9,A,7,8,A,7,23.3,A,7,18.9,A,7,76,A,7,978,A,7,190,A,7,6.7,A,7,11300,B,7,580,A,7,3.2,E,8,0.000,F,8,0.00,?,0,0,1,D,9,00,C,8
05/15/1985,14:00,1194,1337,377,1,9,2,1,9,375,1,13,444,1,9,2,1,9,442,1,13,1652,1,18,10,A,7,10,A,7,21.7,A,7,18.3,A,7,81,A,7,978,A,7,200,A,7,3.1,A,7,11300,B,7,640,A,7,3.1,E,8,0.000,F,8,0.00,?,0,0,1,D,9,00,C,8
05/15/1985,15:00,1106,1337,386,1,9,1,1,9,384,1,13,447,1,9,1,1,9,446,1,13,1635,1,18,10,A,7,10,A,7,21.7,A,7,18.9,A,7,84,A,7,977,A,7,210,A,7,4.1,A,7,11300,B,7,700,A,7,3.2,E,8,0.000,F,8,0.00,?,0,13,1,D,9,00,C,8
05/15/1985,16:00,963,1337,250,1,9,7,1,9,245,1,13,294,1,9,6,1,9,290,1,13,1124,1,18,10,A,7,10,A,7,20.0,A,7,18.3,A,7,90,A,7,977,A,7,290,A,7,5.2,A,7,9700,B,7,1680,A,7,3.1,E,8,0.000,F,8,0.00,?,0,20,1,D,9,00,C,8
05/15/1985,17:00,775,1337,253,1,9,96,1,9,198,1,13,282,1,9,101,1,9,223,1,13,525,1,18,9,A,7,9,A,7,20.6,A,7,17.2,A,7,81,A,7,977,A,7,300,A,7,5.2,A,7,9700,B,7,3050,A,7,2.9,E,8,0.000,F,8,0.00,?,0,0,1,D,9,05,C,8
05/15/1985,18:00,554,1337,89,1,9,2,1,9,88,1,13,105,1,9,1,1,9,105,1,13,387,1,18,10,A,7,10,A,7,18.9,A,7,14.4,A,7,76,A,7,978,A,7,290,A,7,7.2,A,7,9700,B,7,850,A,7,2.5,E,8,0.000,F,8,0.00,?,0,0,1,D,9,05,C,8
05/15/1985,19:00,316,1337,71,1,13,2,1,9,71,1,13,81,1,13,1,1,9,81,1,13,261,1,21,10,A,7,10,A,7,17.8,A,7,12.8,A,7,73,A,7,978,A,7,270,A,7,6.2,A,7,11300,B,7,850,A,7,2.3,E,8,0.000,F,8,0.00,?,0,0,1,D,9,05,C,8
05/15/1985,20:00,83,1170,20,1,13,7,1,13,20,1,13,23,1,13,4,1,13,22,1,13,49,1,23,4,A,7,3,A,7,16.7,A,7,12.8,A,7,78,A,7,978,A,7,250,A,7,5.2,A,7,11300,B,7,77777,A,7,2.3,E,8,0.000,F,8,0.00,?,0,0,1,D,9,00,C,8
05/15/1985,21:00,0,0,0,1,0,0,1,0,0,1,0,0,1,0,0,1,0,0,1,0,0,1,0,10,A,7,10,A,7,16.1,A,7,10.6,A,7,70,A,7,979,A,7,250,A,7,10.8,A,7,11300,B,7,580,A,7,2.0,E,8,0.000,?,0,0.00,?,0,0,1,D,9,00,C,8
05/15/1985,22:00,0,0,0,1,0,0,1,0,0,1,0,0,1,0,0,1,0,0,1,0,0,1,0,10,A,7,10,A,7,14.4,A,7,12.8,A,7,90,A,7,979,A,7,260,A,7,4.6,A,7,11300,B,7,850,A,7,2.3,E,8,0.000,?,0,0.00,?,0,0,1,D,9,00,C,8
05/15/1985,23:00,0,0,0,1,0,0,1,0,0,1,0,0,1,0,0,1,0,0,1,0,0,1,0,10,A,7,10,A,7,13.9,A,7,12.2,A,7,90,A,7,979,A,7,230,A,7,4.6,A,7,11300,B,7,1160,A,7,2.2,E,8,0.000,?,0,0.00,?,0,0,1,D,9,51,C,8
05/15/1985,24:00,0,0,0,1,0,0,1,0,0,1,0,0,1,0,0,1,0,0,1,0,0,1,0,4,A,7,4,A,7,12.8,A,7,11.1,A,7,90,A,7,978,A,7,210,A,7,3.6,A,7,11300,B,7,77777,A,7,2.1,E,8,0.000,?,0,0.00,?,0,0,1,D,9,00,C,8
05/16/1985,01:00,0,0,0,1,0,0,1,0,0,1,0,0,1,0,0,1,0,0,1,0,0,1,0,4,A,7,4,A,7,11.1,A,7,8.9,A,7,86,A,7,978,A,7,190,A,7,2.6,A,7,11300,B,7,77777,A,7,1.8,E,8,0.000,?,0,0.00,?,0,0,1,D,9,00,C,8
05/16/1985,02:00,0,0,0,1,0,0,1,0,0,1,0,0,1,0,0,1,0,0,1,0,0,1,0,9,A,7,9,A,7,12.2,A,7,10.0,A,7,86,A,7,977,A,7,190,A,7,2.6,A,7,12900,B,7,1370,A,7,1.9,E,8,0.000,?,0,0.00,?,0,0,1,D,9,00,C,8
05/16/1985,03:00,0,0,0,1,0,0,1,0,0,1,0,0,1,0,0,1,0,0,1,0,0,1,0,10,A,7,10,A,7,12.2,A,7,10.0,A,7,86,A,7,977,A,7,200,A,7,3.1,A,7,12900,B,7,1520,A,7,1.9,E,8,0.000,?,0,0.00,?,0,0,1,D,9,00,C,8
05/16/1985,04:00,0,0,0,1,0,0,1,0,0,1,0,0,1,0,0,1,0,0,1,0,0,1,0,10,A,7,10,A,7,12.8,A,7,10.0,A,7,83,A,7,976,A,7,210,A,7,4.1,A,7,11300,B,7,1370,A,7,1.9,E,8,0.000,?,0,0.00,?,0,0,1,D,9,00,C,8
05/16/1985,05:00,0,0,0,1,0,0,1,0,0,1,0,0,1,0,0,1,0,0,1,0,0,1,0,10,A,7,10,A,7,12.8,A,7,10.0,A,7,83,A,7,976,A,7,210,A,7,3.6,A,7,11300,B,7,1370,A,7,1.9,E,8,0.000,?,0,0.00,?,0,0,1,D,9,00,C,8
05/16/1985,06:00,57,969,17,1,13,0,1,9,17,1,13,19,1,13,0,1,9,19,1,13,59,1,21,10,A,7,10,A,7,12.8,A,7,10.0,A,7,83,A,7,976,A,7,190,A,7,3.6,A,7,11300,B,7,1370,A,7,1.9,E,8,0.000,F,8,0.00,?,0,0,1,D,9,00,C,8
05/16/1985,07:00,281,1336,75,1,13,3,1,9,74,1,13,83,1,13,1,1,9,83,1,13,255,1,21,10,A,7,10,A,7,13.3,A,7,10.0,A,7,80,A,7,976,A,7,190,A,7,4.1,A,7,11300,B,7,1370,A,7,1.9,E,8,0.000,F,8,0.00,?,0,0,1,D,9,00,C,8
05/16/1985,08:00,520,1336,64,1,9,4,1,9,62,1,13,77,1,9,2,1,9,76,1,13,280,1,18,10,A,7,10,A,7,13.3,A,7,10.0,A,7,80,A,7,976,A,7,190,A,7,5.7,A,7,6400,B,7,760,A,7,1.9,E,8,0.000,F,8,0.00,?,0,0,1,D,9,00,C,8
05/16/1985,09:00,744,1336,217,1,9,8,1,9,213,1,13,250,1,9,7,1,9,246,1,13,884,1,18,10,A,7,10,A,7,13.9,A,7,11.1,A,7,84,A,7,976,A,7,190,A,7,3.1,A,7,9700,B,7,1220,A,7,2.1,E,8,0.000,F,8,0.00,?,0,0,1,D,9,05,C,8
05/16/1985,10:00,938,1336,164,1,9,7,1,9,159,1,13,199,1,9,5,1,9,195,1,13,785,1,18,10,A,7,10,A,7,15.0,A,7,12.2,A,7,84,A,7,975,A,7,180,A,7,5.2,A,7,9700,B,7,2440,A,7,2.2,E,8,0.000,F,8,0.00,?,0,0,1,D,9,05,C,8
05/16/1985,11:00,1089,1336,204,1,9,4,1,9,201,1,13,249,1,9,3,1,9,246,1,13,1002,1,18,10,A,7,10,A,7,15.6,A,7,12.2,A,7,81,A,7,975,A,7,180,A,7,4.6,A,7,11300,B,7,520,A,7,2.2,E,8,0.000,F,8,0.00,?,0,0,1,D,9,05,C,8
05/16/1985,12:00,1186,1336,359,1,9,6,1,9,354,1,13,425,1,9,5,1,9,420,1,13,1584,1,18,10,A,7,10,A,7,16.1,A,7,11.7,A,7,75,A,7,974,A,7,210,A,7,5.2,A,7,11300,B,7,640,A,7,2.1,E,8,0.000,F,8,0.00,?,0,0,1,D,9,61,C,8
05/16/1985,13:00,1222,1336,393,1,9,4,1,9,390,1,13,464,1,9,4,1,9,461,1,13,1710,1,18,10,A,7,10,A,7,15.0,A,7,11.7,A,7,81,A,7,974,A,7,270,A,7,5.2,A,7,11300,B,7,850,A,7,2.1,E,8,0.000,F,8,0.00,?,0,0,1,D,9,00,C,8
05/16/1985,14:00,1195,1336,386,1,9,2,1,9,384,1,13,454,1,9,2,1,9,452,1,13,1680,1,18,10,A,7,10,A,7,14.4,A,7,11.7,A,7,84,A,7,973,A,7,260,A,7,3.6,A,7,11300,B,7,850,A,7,2.1,E,8,0.000,F,8,0.00,?,0,0,1,D,9,00,C,8
05/16/1985,15:00,1108,1336,395,1,9,0,1,9,395,1,13,458,1,9,0,1,9,458,1,13,1666,1,18,10,A,7,10,A,7,14.4,A,7,11.7,A,7,84,A,7,973,A,7,270,A,7,3.6,A,7,11300,B,7,1220,A,7,2.1,E,8,0.000,F,8,0.00,?,0,0,1,D,9,00,C,8
05/16/1985,16:00,965,1336,319,1,9,1,1,9,318,1,13,368,1,9,1,1,9,367,1,13,1353,1,18,10,A,7,10,A,7,15.0,A,7,12.2,A,7,84,A,7,972,A,7,300,A,7,4.1,A,7,11300,B,7,1220,A,7,2.2,E,8,0.000,F,8,0.00,?,0,0,1,D,9,00,C,8
05/16/1985,17:00,777,1336,165,1,9,0,1,9,164,1,13,193,1,9,0,1,9,193,1,13,744,1,18,10,A,7,10,A,7,14.4,A,7,12.8,A,7,90,A,7,972,A,7,300,A,7,2.1,A,7,11300,B,7,700,A,7,2.2,E,8,0.000,F,8,0.00,?,0,3,1,D,9,00,C,8
05/16/1985,18:00,557,1336,170,1,9,1,1,9,170,1,13,192,1,9,1,1,9,191,1,13,638,1,18,10,A,7,10,A,7,13.9,A,7,11.7,A,7,87,A,7,972,A,7,340,A,7,1.0,A,7,11300,B,7,760,A,7,2.1,E,8,0.000,F,8,0.00,?,0,0,1,D,9,61,C,8
05/16/1985,19:00,320,1336,85,1,13,0,1,9,85,1,13,95,1,13,0,1,9,95,1,13,298,1,21,10,A,7,10,A,7,13.9,A,7,12.2,A,7,90,A,7,972,A,7,290,A,7,1.0,A,7,9700,B,7,760,A,7,2.2,E,8,0.000,F,8,0.00,?,0,0,1,D,9,00,C,8
05/16/1985,20:00,86,1192,14,1,13,0,1,9,14,1,13,16,1,13,0,1,9,16,1,13,52,1,21,10,A,7,10,A,7,12.2,A,7,11.7,A,7,96,A,7,972,A,7,320,A,7,2.1,A,7,6400,B,7,700,A,7,2.1,E,8,0.000,F,8,0.00,?,0,3,1,D,9,05,C,8
05/16/1985,21:00,0,0,0,1,0,0,1,0,0,1,0,0,1,0,0,1,0,0,1,0,0,1,0,10,A,7,10,A,7,12.2,A,7,11.7,A,7,96,A,7,972,A,7,320,A,7,1.5,A,7,6400,B,7,850,A,7,2.1,E,8,0.000,?,0,0.00,?,0,0,1,D,9,45,C,8
05/16/1985,22:00,0,0,0,1,0,0,1,0,0,1,0,0,1,0,0,1,0,0,1,0,0,1,0,10,A,7,10,A,7,12.2,A,7,12.2,A,7,100,A,7,972,A,7,320,A,7,3.1,A,7,6400,B,7,980,A,7,2.2,E,8,0.000,?,0,0.00,?,0,0,1,D,9,45,C,8
05/16/1985,23:00,0,0,0,1,0,0,1,0,0,1,0,0,1,0,0,1,0,0,1,0,0,1,0,10,A,7,10,A,7,12.2,A,7,12.2,A,7,100,A,7,972,A,7,320,A,7,4.1,A,7,6400,B,7,980,A,7,2.2,E,8,0.000,?,0,0.00,?,0,3,1,D,9,45,C,8
05/16/1985,24:00,0,0,0,1,0,0,1,0,0,1,0,0,1,0,0,1,0,0,1,0,0,1,0,10,A,7,10,A,7,12.2,A,7,12.2,A,7,100,A,7,972,A,7,320,A,7,3.1,A,7,6400,B,7,210,A,7,2.2,E,8,0.000,?,0,0.00,?,0,0,1,D,9,45,C,8
05/17/1985,01:00,0,0,0,1,0,0,1,0,0,1,0,0,1,0,0,1,0,0,1,0,0,1,0,10,A,7,10,A,7,12.2,A,7,12.2,A,7,100,A,7,971,A,7,350,A,7,3.1,A,7,4800,B,7,210,A,7,2.2,E,8,0.000,?,0,0.00,?,0,0,1,D,9,45,C,8
05/17/1985,02:00,0,0,0,1,0,0,1,0,0,1,0,0,1,0,0,1,0,0,1,0,0,1,0,10,A,7,10,A,7,12.8,A,7,12.8,A,7,100,A,7,971,A,7,360,A,7,3.1,A,7,4800,B,7,120,A,7,2.2,E,8,0.000,?,0,0.00,?,0,0,1,D,9,45,C,8
05/17/1985,03:00,0,0,0,1,0,0,1,0,0,1,0,0,1,0,0,1,0,0,1,0,0,1,0,10,A,7,10,A,7,12.8,A,7,12.2,A,7,97,A,7,971,A,7,350,A,7,3.6,A,7,6400,B,7,150,A,7,2.2,E,8,0.000,?,0,0.00,?,0,0,1,D,9,45,C,8
05/17/1985,04:00,0,0,0,1,0,0,1,0,0,1,0,0,1,0,0,1,0,0,1,0,0,1,0,10,A,7,10,A,7,12.8,A,7,12.2,A,7,97,A,7,971,A,7,350,A,7,4.1,A,7,8000,B,7,210,A,7,2.2,E,8,0.000,?,0,0.00,?,0,0,1,D,9,45,C,8
05/17/1985,05:00,0,0,0,1,0,0,1,0,0,1,0,0,1,0,0,1,0,0,1,0,0,1,0,10,A,7,10,A,7,12.8,A,7,12.2,A,7,97,A,7,972,A,7,340,A,7,5.2,A,7,8000,B,7,240,A,7,2.2,E,8,0.000,?,0,0.00,?,0,0,1,D,9,45,C,8
05/17/1985,06:00,59,991,18,1,13,0,1,9,18,1,13,20,1,13,0,1,9,20,1,13,62,1,21,10,A,7,10,A,7,12.2,A,7,11.7,A,7,96,A,7,973,A,7,350,A,7,5.7,A,7,6400,B,7,270,A,7,2.1,E,8,0.000,F,8,0.00,?,0,0,1,D,9,45,C,8
05/17/1985,07:00,284,1336,50,1,13,0,1,9,50,1,13,58,1,13,0,1,9,58,1,13,192,1,21,10,A,7,10,A,7,11.1,A,7,10.6,A,7,96,A,7,973,A,7,350,A,7,7.2,A,7,3200,B,7,180,A,7,2.0,E,8,0.000,F,8,0.00,?,0,3,1,D,9,45,C,8
05/17/1985,08:00,522,1336,93,1,9,1,1,9,93,1,13,109,1,9,1,1,9,109,1,13,396,1,18,10,A,7,10,A,7,10.0,A,7,8.9,A,7,93,A,7,974,A,7,20,A,7,7.2,A,7,8000,B,7,150,A,7,1.8,E,8,0.000,F,8,0.00,?,0,0,1,D,9,45,C,8
05/17/1985,09:00,746,1336,145,1,9,1,1,9,145,1,13,172,1,9,1,1,9,172,1,13,662,1,18,10,A,7,10,A,7,10.0,A,7,8.3,A,7,90,A,7,975,A,7,350,A,7,7.2,A,7,11300,B,7,210,A,7,1.7,E,8,0.000,F,8,0.00,?,0,0,1,D,9,45,C,8
05/17/1985,10:00,940,1336,325,1,9,1,1,9,324,1,13,373,1,9,1,1,9,372,1,13,1348,1,18,10,A,7,10,A,7,10.0,A,7,7.2,A,7,83,A,7,976,A,7,10,A,7,7.7,A,7,12900,B,7,340,A,7,1.6,E,8,0.000,F,8,0.00,?,0,0,1,D,9,51,C,8
05/17/1985,11:00,1091,1336,380,1,9,1,1,9,379,1,13,440,1,9,1,1,9,440,1,13,1614,1,18,10,A,7,10,A,7,11.7,A,7,8.3,A,7,80,A,7,976,A,7,20,A,7,7.7,A,7,16100,B,7,580,A,7,1.7,E,8,0.000,F,8,0.00,?,0,0,1,D,9,00,C,8
05/17/1985,12:00,1187,1336,411,1,9,1,1,9,410,1,13,480,1,9,1,1,9,479,1,13,1750,1,18,10,A,7,10,A,7,11.1,A,7,7.8,A,7,80,A,7,976,A,7,350,A,7,6.7,A,7,16100,B,7,490,A,7,1.7,E,8,0.000,F,8,0.00,?,0,0,1,D,9,00,C,8
05/17/1985,13:00,1224,1336,508,1,9,93,1,9,422,1,13,561,1,9,96,1,9,473,1,13,2117,1,18,9,A,7,9,A,7,14.4,A,7,7.2,A,7,62,A,7,976,A,7,330,A,7,7.2,A,7,24100,B,7,700,A,7,1.6,E,8,0.000,F,8,0.00,?,0,0,1,D,9,00,C,8
05/17/1985,14:00,1197,1336,871,1,13,689,1,13,254,1,13,923,1,13,699,1,13,295,1,13,1315,1,23,6,A,7,6,A,7,15.6,A,7,6.1,A,7,54,A,7,975,A,7,350,A,7,7.7,A,7,24100,B,7,760,A,7,1.5,E,8,0.000,F,8,0.00,?,0,0,1,D,9,00,C,8
05/17/1985,15:00,1110,1336,755,1,13,672,1,13,196,1,13,807,1,13,687,1,13,234,1,13,780,1,23,4,A,7,4,A,7,15.6,A,7,6.1,A,7,54,A,7,975,A,7,330,A,7,7.7,A,7,24100,B,7,77777,A,7,1.5,E,8,0.000,F,8,0.00,?,0,0,1,D,9,00,C,8
05/17/1985,16:00,967,1336,650,1,13,624,1,13,199,1,13,684,1,13,631,1,13,227,1,13,577,1,23,4,A,7,4,A,7,17.2,A,7,7.2,A,7,52,A,7,975,A,7,340,A,7,7.2,A,7,24100,B,7,77777,A,7,1.6,E,8,0.000,F,8,0.00,?,0,0,1,D,9,00,C,8
05/17/1985,17:00,780,1336,509,1,9,653,1,9,129,1,13,540,1,9,657,1,9,156,1,13,303,1,18,2,A,7,2,A,7,17.8,A,7,6.7,A,7,48,A,7,975,A,7,320,A,7,7.2,A,7,24100,B,7,77777,A,7,1.6,E,8,0.000,F,8,0.00,?,0,0,1,D,9,00,C,8
05/17/1985,18:00,560,1336,366,1,9,716,1,9,68,1,13,387,1,9,687,1,9,99,1,13,144,1,18,0,A,7,0,A,7,17.2,A,7,4.4,A,7,43,A,7,975,A,7,320,A,7,6.7,A,7,24100,B,7,77777,A,7,1.4,E,8,0.000,F,8,0.00,?,0,0,1,D,9,00,C,8
05/17/1985,19:00,323,1336,174,1,13,535,1,9,47,1,13,185,1,13,445,1,9,77,1,13,89,1,21,0,A,7,0,A,7,16.1,A,7,0.6,A,7,35,A,7,976,A,7,340,A,7,6.7,A,7,24100,B,7,77777,A,7,1.1,E,8,0.000,F,8,0.00,?,0,0,1,D,9,00,C,8
05/17/1985,20:00,89,1213,36,1,13,157,1,9,21,1,13,35,1,13,70,1,9,30,1,13,37,1,21,0,A,7,0,A,7,14.4,A,7,2.2,A,7,44,A,7,976,A,7,350,A,7,5.2,A,7,24100,B,7,77777,A,7,1.2,E,8,0.000,F,8,0.00,?,0,0,1,D,9,00,C,8
05/17/1985,21:00,0,0,0,1,0,0,1,0,0,1,0,0,1,0,0,1,0,0,1,0,0,1,0,0,A,7,0,A,7,10.6,A,7,3.3,A,7,61,A,7,977,A,7,320,A,7,3.1,A,7,24100,B,7,77777,A,7,1.3,E,8,0.000,?,0,0.00,?,0,0,1,D,9,00,C,8
05/17/1985,22:00,0,0,0,1,0,0,1,0,0,1,0,0,1,0,0,1,0,0,1,0,0,1,0,1,A,7,1,A,7,10.6,A,7,2.8,A,7,59,A,7,977,A,7,320,A,7,3.1,A,7,24100,B,7,77777,A,7,1.3,E,8,0.000,?,0,0.00,?,0,0,1,D,9,00,C,8
05/17/1985,23:00,0,0,0,1,0,0,1,0,0,1,0,0,1,0,0,1,0,0,1,0,0,1,0,1,A,7,1,A,7,10.6,A,7,2.2,A,7,57,A,7,976,A,7,320,A,7,3.6,A,7,24100,B,7,77777,A,7,1.2,E,8,0.000,?,0,0.00,?,0,0,1,D,9,00,C,8
05/17/1985,24:00,0,0,0,1,0,0,1,0,0,1,0,0,1,0,0,1,0,0,1,0,0,1,0,3,A,7,3,A,7,8.9,A,7,2.8,A,7,66,A,7,976,A,7,290,A,7,2.6,A,7,24100,B,7,77777,A,7,1.2,E,8,0.000,?,0,0.00,?,0,0,1,D,9,00,C,8
05/18/1985,01:00,0,0,0,1,0,0,1,0,0,1,0,0,1,0,0,1,0,0,1,0,0,1,0,2,A,7,2,A,7,8.3,A,7,2.8,A,7,68,A,7,976,A,7,300,A,7,2.6,A,7,24100,B,7,77777,A,7,1.2,E,8,0.000,?,0,0.00,?,0,0,1,D,9,00,C,8
05/18/1985,02:00,0,0,0,1,0,0,1,0,0,1,0,0,1,0,0,1,0,0,1,0,0,1,0,7,A,7,7,A,7,8.9,A,7,3.3,A,7,69,A,7,975,A,7,320,A,7,2.6,A,7,24100,B,7,1520,A,7,1.3,E,8,0.000,?,0,0.00,?,0,0,1,D,9,00,C,8
05/18/1985,03:00,0,0,0,1,0,0,1,0,0,1,0,0,1,0,0,1,0,0,1,0,0,1,0,10,A,7,10,A,7,8.9,A,7,5.6,A,7,80,A,7,975,A,7,290,A,7,2.6,A,7,16100,B,7,1070,A,7,1.5,E,8,0.000,?,0,0.00,?,0,0,1,D,9,61,C,8
05/18/1985,04:00,0,0,0,1,0,0,1,0,0,1,0,0,1,0,0,1,0,0,1,0,0,1,0,10,A,7,10,A,7,8.9,A,7,6.1,A,7,83,A,7,975,A,7,280,A,7,1.5,A,7,16100,B,7,910,A,7,1.5,E,8,0.000,?,0,0.00,?,0,0,1,D,9,61,C,8
05/18/1985,05:00,0,0,0,1,0,0,1,0,0,1,0,0,1,0,0,1,0,0,1,0,0,1,0,10,A,7,10,A,7,8.3,A,7,6.7,A,7,89,A,7,974,A,7,270,A,7,2.6,A,7,16100,B,7,980,A,7,1.6,E,8,0.000,?,0,0.00,?,0,0,1,D,9,61,C,8
05/18/1985,06:00,62,1012,14,1,13,27,1,13,12,1,13,16,1,13,12,1,13,15,1,13,25,1,23,7,A,7,7,A,7,8.3,A,7,6.7,A,7,89,A,7,974,A,7,280,A,7,2.1,A,7,24100,B,7,1370,A,7,1.6,E,8,0.000,F,8,0.00,?,0,0,1,D,9,00,C,8
05/18/1985,07:00,287,1335,107,1,13,209,1,13,62,1,13,115,1,13,163,1,13,80,1,13,114,1,23,4,A,7,4,A,7,10.0,A,7,7.2,A,7,83,A,7,974,A,7,300,A,7,2.6,A,7,24100,B,7,77777,A,7,1.6,E,8,0.000,F,8,0.00,?,0,0,1,D,9,00,C,8
05/18/1985,08:00,525,1335,135,1,9,51,1,9,115,1,13,149,1,9,49,1,9,130,1,13,341,1,18,10,A,7,10,A,7,10.0,A,7,7.2,A,7,83,A,7,974,A,7,300,A,7,2.6,A,7,24100,B,7,980,A,7,1.6,E,8,0.000,F,8,0.00,?,0,0,1,D,9,00,C,8
05/18/1985,09:00,749,1335,253,1,9,2,1,9,252,1,13,287,1,9,2,1,9,286,1,13,991,1,18,10,A,7,10,A,7,10.6,A,7,7.8,A,7,83,A,7,975,A,7,290,A,7,4.1,A,7,24100,B,7,910,A,7,1.7,E,8,0.000,F,8,0.00,?,0,0,1,D,9,00,C,8
05/18/1985,10:00,942,1335,480,1,9,249,1,9,304,1,13,520,1,9,268,1,9,330,1,13,881,1,18,8,A,7,8,A,7,13.3,A,7,7.2,A,7,67,A,7,975,A,7,300,A,7,3.6,A,7,24100,B,7,700,A,7,1.6,E,8,0.000,F,8,0.00,?,0,0,1,D,9,00,C,8
05/18/1985,11:00,1092,1335,413,1,9,9,1,9,406,1,13,477,1,9,9,1,9,470,1,13,1685,1,18,9,A,7,9,A,7,14.4,A,7,7.2,A,7,62,A,7,975,A,7,290,A,7,4.6,A,7,24100,B,7,760,A,7,1.6,E,8,0.000,F,8,0.00,?,0,0,1,D,9,00,C,8
05/18/1985,12:00,1189,1335,571,1,9,210,1,9,384,1,13,632,1,9,224,1,9,432,1,13,1766,1,18,9,A,7,9,A,7,15.6,A,7,6.7,A,7,56,A,7,975,A,7,10,A,7,6.2,A,7,24100,B,7,850,A,7,1.6,E,8,0.000,F,8,0.00,?,0,3,1,D,9,00,C,8
05/18/1985,13:00,1225,1335,743,1,9,478,1,9,304,1,13,809,1,9,501,1,9,348,1,13,1814,1,18,8,A,7,8,A,7,16.1,A,7,6.1,A,7,52,A,7,974,A,7,340,A,7,8.8,A,7,24100,B,7,1070,A,7,1.5,E,8,0.000,F,8,0.00,?,0,0,1,D,9,00,C,8
05/18/1985,14:00,1199,1335,754,1,13,548,1,13,262,1,13,797,1,13,555,1,13,297,1,13,1364,1,23,7,A,7,7,A,7,16.1,A,7,4.4,A,7,46,A,7,975,A,7,330,A,7,7.2,A,7,24100,B,7,1070,A,7,1.4,E,8,0.000,F,8,0.00,?,0,0,1,D,9,00,C,8
05/18/1985,15:00,1111,1335,559,1,13,384,1,13,239,1,13,614,1,13,402,1,13,278,1,13,954,1,23,5,A,7,5,A,7,16.7,A,7,3.3,A,7,41,A,7,975,A,7,340,A,7,6.7,A,7,24100,B,7,77777,A,7,1.3,E,8,0.000,F,8,0.00,?,0,0,1,D,9,00,C,8
05/18/1985,16:00,969,1335,538,1,13,357,1,13,279,1,13,589,1,13,386,1,13,309,1,13,824,1,23,5,A,7,5,A,7,16.1,A,7,1.7,A,7,38,A,7,975,A,7,320,A,7,7.7,A,7,24100,B,7,77777,A,7,1.2,E,8,0.000,F,8,0.00,?,0,0,1,D,9,00,C,8
05/18/1985,17:00,782,1335,538,1,13,694,1,13,134,1,13,571,1,13,697,1,13,162,1,13,314,1,23,5,A,7,4,A,7,16.7,A,7,1.7,A,7,37,A,7,975,A,7,310,A,7,6.2,A,7,24100,B,7,77777,A,7,1.2,E,8,0.000,F,8,0.00,?,0,0,1,D,9,00,C,8
05/18/1985,18:00,563,1335,347,1,9,650,1,9,76,1,13,373,1,9,630,1,9,107,1,13,158,1,18,1,A,7,1,A,7,16.1,A,7,1.1,A,7,37,A,7,975,A,7,340,A,7,6.2,A,7,24100,B,7,77777,A,7,1.1,E,8,0.000,F,8,0.00,?,0,0,1,D,9,00,C,8
05/18/1985,19:00,326,1335,170,1,13,479,1,9,55,1,13,178,1,13,397,1,9,81,1,13,102,1,21,1,A,7,1,A,7,15.0,A,7,0.0,A,7,36,A,7,976,A,7,340,A,7,6.2,A,7,24100,B,7,77777,A,7,1.1,E,8,0.000,F,8,0.00,?,0,0,1,D,9,00,C,8
05/18/1985,20:00,93,1235,33,1,13,129,1,9,21,1,13,33,1,13,58,1,9,29,1,13,37,1,21,1,A,7,1,A,7,12.8,A,7,0.0,A,7,42,A,7,976,A,7,350,A,7,3.1,A,7,24100,B,7,77777,A,7,1.1,E,8,0.000,F,8,0.00,?,0,0,1,D,9,00,C,8
05/18/1985,21:00,0,0,0,1,0,0,1,0,0,1,0,0,1,0,0,1,0,0,1,0,0,1,0,2,A,7,1,A,7,10.0,A,7,1.7,A,7,57,A,7,977,A,7,320,A,7,3.1,A,7,24100,B,7,77777,A,7,1.2,E,8,0.000,?,0,0.00,?,0,0,1,D,9,00,C,8
05/18/1985,22:00,0,0,0,1,0,0,1,0,0,1,0,0,1,0,0,1,0,0,1,0,0,1,0,2,A,7,1,A,7,7.2,A,7,2.8,A,7,74,A,7,978,A,7,280,A,7,3.1,A,7,24100,B,7,77777,A,7,1.2,E,8,0.000,?,0,0.00,?,0,0,1,D,9,00,C,8
05/18/1985,23:00,0,0,0,1,0,0,1,0,0,1,0,0,1,0,0,1,0,0,1,0,0,1,0,2,A,7,1,A,7,6.1,A,7,1.7,A,7,74,A,7,978,A,7,250,A,7,2.1,A,7,24100,B,7,77777,A,7,1.2,E,8,0.000,?,0,0.00,?,0,0,1,D,9,00,C,8
05/18/1985,24:00,0,0,0,1,0,0,1,0,0,1,0,0,1,0,0,1,0,0,1,0,0,1,0,0,A,7,0,A,7,3.9,A,7,2.2,A,7,89,A,7,977,A,7,160,A,7,2.1,A,7,24100,B,7,77777,A,7,1.2,E,8,0.000,?,0,0.00,?,0,0,1,D,9,00,C,8
05/19/1985,01:00,0,0,0,1,0,0,1,0,0,1,0,0,1,0,0,1,0,0,1,0,0,1,0,0,A,7,0,A,7,4.4,A,7,2.2,A,7,86,A,7,977,A,7,230,A,7,2.1,A,7,24100,B,7,77777,A,7,1.2,E,8,0.000,?,0,0.00,?,0,0,1,D,9,00,C,8
05/19/1985,02:00,0,0,0,1,0,0,1,0,0,1,0,0,1,0,0,1,0,0,1,0,0,1,0,0,A,7,0,A,7,5.0,A,7,2.2,A,7,83,A,7,977,A,7,0,A,7,0.0,A,7,24100,B,7,77777,A,7,1.2,E,8,0.000,?,0,0.00,?,0,0,1,D,9,00,C,8
05/19/1985,03:00,0,0,0,1,0,0,1,0,0,1,0,0,1,0,0,1,0,0,1,0,0,1,0,0,A,7,0,A,7,3.9,A,7,1.1,A,7,82,A,7,977,A,7,230,A,7,2.1,A,7,24100,B,7,77777,A,7,1.1,E,8,0.000,?,0,0.00,?,0,0,1,D,9,00,C,8
05/19/1985,04:00,0,0,0,1,0,0,1,0,0,1,0,0,1,0,0,1,0,0,1,0,0,1,0,0,A,7,0,A,7,4.4,A,7,1.1,A,7,79,A,7,977,A,7,220,A,7,2.1,A,7,24100,B,7,77777,A,7,1.1,E,8,0.000,?,0,0.00,?,0,0,1,D,9,00,C,8
05/19/1985,05:00,0,0,0,1,0,0,1,0,0,1,0,0,1,0,0,1,0,0,1,0,0,1,0,0,A,7,0,A,7,3.9,A,7,1.1,A,7,82,A,7,977,A,7,210,A,7,3.1,A,7,24100,B,7,77777,A,7,1.1,E,8,0.000,?,0,0.00,?,0,0,1,D,9,00,C,8
05/19/1985,06:00,64,1034,22,1,13,16,1,9,20,1,13,23,1,13,9,1,9,22,1,13,48,1,21,0,A,7,0,A,7,5.6,A,7,1.7,A,7,76,A,7,977,A,7,210,A,7,3.1,A,7,24100,B,7,77777,A,7,1.2,E,8,0.000,F,8,0.00,?,0,0,1,D,9,00,C,8
05/19/1985,07:00,290,1335,124,1,13,260,1,9,68,1,13,130,1,13,202,1,9,86,1,13,124,1,21,0,A,7,0,A,7,8.3,A,7,2.2,A,7,66,A,7,977,A,7,210,A,7,4.6,A,7,24100,B,7,77777,A,7,1.2,E,8,0.000,F,8,0.00,?,0,0,1,D,9,00,C,8
05/19/1985,08:00,528,1335,306,1,9,494,1,9,111,1,13,328,1,9,474,1,9,140,1,13,213,1,18,0,A,7,0,A,7,11.7,A,7,1.7,A,7,51,A,7,977,A,7,210,A,7,6.7,A,7,24100,B,7,77777,A,7,1.2,E,8,0.000,F,8,0.00,?,0,0,1,D,9,00,C,8
05/19/1985,09:00,751,1335,500,1,9,624,1,9,150,1,13,523,1,9,620,1,9,174,1,13,333,1,18,0,A,7,0,A,7,15.0,A,7,4.4,A,7,50,A,7,977,A,7,210,A,7,5.7,A,7,24100,B,7,77777,A,7,1.4,E,8,0.000,F,8,0.00,?,0,0,1,D,9,00,C,8
05/19/1985,10:00,944,1335,676,1,9,703,1,9,179,1,13,714,1,9,712,1,9,209,1,13,505,1,18,0,A,7,0,A,7,18.3,A,7,7.2,A,7,49,A,7,977,A,7,210,A,7,8.2,A,7,24100,B,7,77777,A,7,1.6,E,8,0.000,F,8,0.00,?,0,0,1,D,9,00,C,8
05/19/1985,11:00,1094,1335,811,1,9,748,1,9,199,1,13,866,1,9,764,1,9,239,1,13,760,1,18,0,A,7,0,A,7,20.6,A,7,8.9,A,7,47,A,7,976,A,7,220,A,7,7.2,A,7,24100,B,7,77777,A,7,1.8,E,8,0.000,F,8,0.00,?,0,0,1,D,9,00,C,8
05/19/1985,12:00,1190,1335,851,1,9,723,1,9,206,1,13,914,1,9,741,1,9,252,1,13,1058,1,18,1,A,7,1,A,7,22.2,A,7,10.6,A,7,48,A,7,976,A,7,220,A,7,8.8,A,7,24100,B,7,77777,A,7,2.0,E,8,0.000,F,8,0.00,?,0,0,1,D,9,00,C,8
05/19/1985,13:00,1226,1335,833,1,9,573,1,9,306,1,13,907,1,9,600,1,9,354,1,13,1842,1,18,2,A,7,2,A,7,23.9,A,7,11.1,A,7,45,A,7,975,A,7,210,A,7,9.3,A,7,24100,B,7,77777,A,7,2.1,E,8,0.000,F,8,0.00,?,0,0,1,D,9,00,C,8
05/19/1985,14:00,1200,1335,901,1,9,768,1,9,211,1,13,968,1,9,787,1,9,259,1,13,1124,1,18,0,A,7,0,A,7,25.6,A,7,12.2,A,7,44,A,7,975,A,7,220,A,7,7.2,A,7,24100,B,7,77777,A,7,2.2,E,8,0.000,F,8,0.00,?,0,0,1,D,9,00,C,8
05/19/1985,15:00,1113,1335,791,1,9,673,1,9,231,1,13,838,1,9,683,1,9,267,1,13,917,1,18,2,A,7,2,A,7,26.1,A,7,11.7,A,7,41,A,7,974,A,7,220,A,7,10.3,A,7,24100,B,7,77777,A,7,2.1,E,8,0.000,F,8,0.00,?,0,0,1,D,9,00,C,8
05/19/1985,16:00,971,1335,625,1,13,505,1,13,258,1,13,668,1,13,525,1,13,286,1,13,769,1,23,4,A,7,4,A,7,25.6,A,7,8.9,A,7,35,A,7,974,A,7,270,A,7,11.3,A,7,24100,B,7,77777,A,7,1.8,E,8,0.000,F,8,0.00,?,0,0,1,D,9,00,C,8
05/19/1985,17:00,785,1335,446,1,13,443,1,13,187,1,13,479,1,13,453,1,13,212,1,13,432,1,23,3,A,7,3,A,7,25.6,A,7,8.3,A,7,34,A,7,974,A,7,250,A,7,11.3,A,7,16100,B,7,77777,A,7,1.8,E,8,0.000,F,8,0.00,?,0,0,1,D,9,00,C,8
05/19/1985,18:00,566,1335,315,1,9,410,1,9,143,1,13,333,1,9,398,1,9,164,1,13,285,1,18,2,A,7,2,A,7,25.0,A,7,8.9,A,7,36,A,7,974,A,7,240,A,7,9.3,A,7,16100,B,7,77777,A,7,1.8,E,8,0.000,F,8,0.00,?,0,0,1,D,9,00,C,8
05/19/1985,19:00,329,1335,125,1,13,190,1,9,78,1,13,134,1,13,158,1,9,95,1,13,147,1,21,1,A,7,1,A,7,24.4,A,7,8.3,A,7,36,A,7,974,A,7,240,A,7,8.2,A,7,16100,B,7,77777,A,7,1.7,E,8,0.000,F,8,0.00,?,0,0,1,D,9,00,C,8
05/19/1985,20:00,96,1257,30,1,13,33,1,9,26,1,13,31,1,13,16,1,9,30,1,13,54,1,21,0,A,7,0,A,7,22.8,A,7,8.3,A,7,40,A,7,974,A,7,230,A,7,5.7,A,7,16100,B,7,77777,A,7,1.7,E,8,0.000,F,8,0.00,?,0,0,1,D,9,00,C,8
05/19/1985,21:00,0,0,0,1,0,0,1,0,0,1,0,0,1,0,0,1,0,0,1,0,0,1,0,0,A,7,0,A,7,20.0,A,7,9.4,A,7,51,A,7,974,A,7,210,A,7,4.6,A,7,16100,B,7,77777,A,7,1.9,E,8,0.000,?,0,0.00,?,0,0,1,D,9,00,C,8
05/19/1985,22:00,0,0,0,1,0,0,1,0,0,1,0,0,1,0,0,1,0,0,1,0,0,1,0,2,A,7,2,A,7,20.0,A,7,9.4,A,7,51,A,7,975,A,7,210,A,7,4.6,A,7,16100,B,7,77777,A,7,1.9,E,8,0.000,?,0,0.00,?,0,0,1,D,9,00,C,8
05/19/1985,23:00,0,0,0,1,0,0,1,0,0,1,0,0,1,0,0,1,0,0,1,0,0,1,0,2,A,7,2,A,7,20.6,A,7,10.6,A,7,53,A,7,975,A,7,200,A,7,7.2,A,7,16100,B,7,77777,A,7,2.0,E,8,0.000,?,0,0.00,?,0,0,1,D,9,00,C,8
05/19/1985,24:00,0,0,0,1,0,0,1,0,0,1,0,0,1,0,0,1,0,0,1,0,0,1,0,1,A,7,1,A,7,20.0,A,7,10.6,A,7,55,A,7,975,A,7,220,A,7,7.7,A,7,16100,B,7,77777,A,7,2.0,E,8,0.000,?,0,0.00,?,0,0,1,D,9,00,C,8
05/20/1985,01:00,0,0,0,1,0,0,1,0,0,1,0,0,1,0,0,1,0,0,1,0,0,1,0,0,A,7,0,A,7,19.4,A,7,10.0,A,7,55,A,7,975,A,7,210,A,7,7.2,A,7,16100,B,7,77777,A,7,1.9,E,8,0.000,?,0,0.00,?,0,0,1,D,9,00,C,8
05/20/1985,02:00,0,0,0,1,0,0,1,0,0,1,0,0,1,0,0,1,0,0,1,0,0,1,0,4,A,7,2,A,7,18.9,A,7,10.0,A,7,57,A,7,975,A,7,220,A,7,7.7,A,7,16100,B,7,77777,A,7,1.9,E,8,0.000,?,0,0.00,?,0,0,1,D,9,00,C,8
05/20/1985,03:00,0,0,0,1,0,0,1,0,0,1,0,0,1,0,0,1,0,0,1,0,0,1,0,5,A,7,3,A,7,18.3,A,7,10.0,A,7,59,A,7,975,A,7,210,A,7,7.2,A,7,16100,B,7,77777,A,7,1.9,E,8,0.000,?,0,0.00,?,0,0,1,D,9,00,C,8
05/20/1985,04:00,0,0,0,1,0,0,1,0,0,1,0,0,1,0,0,1,0,0,1,0,0,1,0,6,A,7,6,A,7,17.8,A,7,10.6,A,7,63,A,7,974,A,7,220,A,7,7.2,A,7,16100,B,7,1680,A,7,2.0,E,8,0.000,?,0,0.00,?,0,0,1,D,9,00,C,8
05/20/1985,05:00,0,0,0,1,0,0,1,0,0,1,0,0,1,0,0,1,0,0,1,0,0,1,0,8,A,7,8,A,7,17.8,A,7,11.1,A,7,65,A,7,974,A,7,230,A,7,7.2,A,7,16100,B,7,1520,A,7,2.0,E,8,0.000,?,0,0.00,?,0,0,1,D,9,00,C,8
05/20/1985,06:00,66,1056,16,1,13,12,1,13,15,1,13,17,1,13,7,1,13,17,1,13,38,1,23,4,A,7,4,A,7,17.2,A,7,11.1,A,7,68,A,7,975,A,7,210,A,7,6.2,A,7,16100,B,7,77777,A,7,2.1,E,8,0.000,F,8,0.00,?,0,0,1,D,9,00,C,8
05/20/1985,07:00,293,1334,58,1,13,49,1,13,47,1,13,65,1,13,40,1,13,56,1,13,102,1,23,8,A,7,7,A,7,17.8,A,7,12.2,A,7,70,A,7,975,A,7,220,A,7,6.2,A,7,16100,B,7,3050,A,7,2.2,E,8,0.000,F,8,0.00,?,0,0,1,D,9,00,C,8
05/20/1985,08:00,530,1334,215,1,13,210,1,13,132,1,13,232,1,13,208,1,13,150,1,13,268,1,23,6,A,7,6,A,7,18.9,A,7,12.8,A,7,68,A,7,976,A,7,230,A,7,8.2,A,7,16100,B,7,7620,A,7,2.3,E,8,0.000,F,8,0.00,?,0,0,1,D,9,00,C,8
05/20/1985,09:00,753,1334,189,1,9,20,1,9,178,1,13,221,1,9,16,1,9,212,1,13,781,1,18,10,A,7,10,A,7,20.0,A,7,12.8,A,7,63,A,7,976,A,7,260,A,7,8.2,A,7,16100,B,7,1520,A,7,2.3,E,8,0.000,F,8,0.00,?,0,0,1,D,9,00,C,8
05/20/1985,10:00,946,1334,249,1,9,7,1,9,245,1,13,294,1,9,6,1,9,289,1,13,1115,1,18,10,A,7,10,A,7,18.9,A,7,12.8,A,7,68,A,7,977,A,7,260,A,7,6.7,A,7,16100,B,7,1520,A,7,2.3,E,8,0.000,F,8,0.00,?,0,0,1,D,9,00,C,8
05/20/1985,11:00,1095,1334,190,1,9,6,1,9,186,1,13,234,1,9,5,1,9,230,1,13,940,1,18,10,A,7,10,A,7,16.1,A,7,14.4,A,7,90,A,7,977,A,7,290,A,7,5.2,A,7,4000,B,7,760,A,7,2.5,E,8,0.000,F,8,0.00,?,0,25,1,D,9,00,C,8
05/20/1985,12:00,1192,1334,275,1,9,7,1,9,269,1,13,333,1,9,6,1,9,327,1,13,1292,1,18,10,A,7,10,A,7,15.6,A,7,14.4,A,7,93,A,7,978,A,7,280,A,7,5.2,A,7,4000,B,7,180,A,7,2.5,E,8,0.000,F,8,0.00,?,0,13,1,D,9,45,C,8
05/20/1985,13:00,1228,1334,218,1,9,5,1,9,214,1,13,270,1,9,4,1,9,266,1,13,1077,1,18,10,A,7,10,A,7,15.6,A,7,15.0,A,7,97,A,7,978,A,7,280,A,7,4.6,A,7,4000,B,7,180,A,7,2.6,E,8,0.000,F,8,0.00,?,0,18,1,D,9,45,C,8
05/20/1985,14:00,1202,1334,206,1,9,4,1,9,202,1,13,254,1,9,3,1,9,251,1,13,1022,1,18,10,A,7,10,A,7,15.0,A,7,14.4,A,7,97,A,7,978,A,7,300,A,7,4.6,A,7,4000,B,7,240,A,7,2.5,E,8,0.000,F,8,0.00,?,0,10,1,D,9,45,C,8
05/20/1985,15:00,1115,1334,250,1,9,0,1,9,250,1,13,300,1,9,0,1,9,300,1,13,1202,1,18,10,A,7,10,A,7,13.9,A,7,12.8,A,7,93,A,7,979,A,7,280,A,7,5.2,A,7,4800,B,7,700,A,7,2.3,E,8,0.000,F,8,0.00,?,0,15,1,D,9,45,C,8
05/20/1985,16:00,973,1334,287,1,9,30,1,9,265,1,13,317,1,9,30,1,9,295,1,13,1004,1,18,8,A,7,8,A,7,15.6,A,7,13.9,A,7,90,A,7,979,A,7,280,A,7,5.2,A,7,11300,B,7,6100,A,7,2.4,E,8,0.000,F,8,0.00,?,0,0,1,D,9,45,C,8
05/20/1985,17:00,787,1334,425,1,13,390,1,13,196,1,13,454,1,13,399,1,13,218,1,13,456,1,23,7,A,7,5,A,7,17.2,A,7,10.0,A,7,63,A,7,979,A,7,290,A,7,4.1,A,7,11300,B,7,6100,A,7,1.9,E,8,0.000,F,8,0.00,?,0,0,1,D,9,00,C,8
05/20/1985,18:00,568,1334,311,1,9,430,1,9,130,1,13,333,1,9,419,1,9,154,1,13,256,1,18,3,A,7,2,A,7,17.2,A,7,10.6,A,7,65,A,7,979,A,7,260,A,7,5.2,A,7,16100,B,7,77777,A,7,2.0,E,8,0.000,F,8,0.00,?,0,0,1,D,9,00,C,8
05/20/1985,19:00,333,1334,139,1,13,280,1,9,70,1,13,148,1,13,231,1,9,90,1,13,127,1,21,2,A,7,1,A,7,16.7,A,7,11.1,A,7,70,A,7,980,A,7,250,A,7,4.1,A,7,16100,B,7,77777,A,7,2.1,E,8,0.000,F,8,0.00,?,0,0,1,D,9,00,C,8
05/20/1985,20:00,99,1278,26,1,13,27,1,9,23,1,13,28,1,13,13,1,9,27,1,13,48,1,21,2,A,7,1,A,7,14.4,A,7,10.0,A,7,75,A,7,981,A,7,250,A,7,3.6,A,7,16100,B,7,77777,A,7,1.9,E,8,0.000,F,8,0.00,?,0,0,1,D,9,00,C,8
05/20/1985,21:00,0,0,0,1,0,0,1,0,0,1,0,0,1,0,0,1,0,0,1,0,0,1,0,2,A,7,1,A,7,10.6,A,7,8.9,A,7,90,A,7,982,A,7,290,A,7,2.6,A,7,16100,B,7,77777,A,7,1.8,E,8,0.000,?,0,0.00,?,0,0,1,D,9,00,C,8
05/20/1985,22:00,0,0,0,1,0,0,1,0,0,1,0,0,1,0,0,1,0,0,1,0,0,1,0,0,A,7,0,A,7,11.1,A,7,6.1,A,7,72,A,7,983,A,7,340,A,7,3.1,A,7,16100,B,7,77777,A,7,1.5,E,8,0.000,?,0,0.00,?,0,0,1,D,9,00,C,8
05/20/1985,23:00,0,0,0,1,0,0,1,0,0,1,0,0,1,0,0,1,0,0,1,0,0,1,0,0,A,7,0,A,7,10.6,A,7,6.1,A,7,74,A,7,983,A,7,360,A,7,2.6,A,7,16100,B,7,77777,A,7,1.5,E,8,0.000,?,0,0.00,?,0,0,1,D,9,00,C,8
05/20/1985,24:00,0,0,0,1,0,0,1,0,0,1,0,0,1,0,0,1,0,0,1,0,0,1,0,0,A,7,0,A,7,8.9,A,7,5.6,A,7,80,A,7,984,A,7,20,A,7,2.6,A,7,24100,B,7,77777,A,7,1.5,E,8,0.000,?,0,0.00,?,0,0,1,D,9,00,C,8
05/21/1985,01:00,0,0,0,1,0,0,1,0,0,1,0,0,1,0,0,1,0,0,1,0,0,1,0,0,A,7,0,A,7,7.8,A,7,5.6,A,7,86,A,7,984,A,7,0,A,7,0.0,A,7,24100,B,7,77777,A,7,1.5,E,8,0.000,?,0,0.00,?,0,0,1,D,9,00,C,8
05/21/1985,02:00,0,0,0,1,0,0,1,0,0,1,0,0,1,0,0,1,0,0,1,0,0,1,0,0,A,7,0,A,7,5.0,A,7,4.4,A,7,96,A,7,984,A,7,0,A,7,0.0,A,7,24100,B,7,77777,A,7,1.4,E,8,0.000,?,0,0.00,?,0,0,1,D,9,00,C,8
05/21/1985,03:00,0,0,0,1,0,0,1,0,0,1,0,0,1,0,0,1,0,0,1,0,0,1,0,0,A,7,0,A,7,6.1,A,7,5.6,A,7,96,A,7,984,A,7,350,A,7,2.1,A,7,24100,B,7,77777,A,7,1.5,E,8,0.000,?,0,0.00,?,0,0,1,D,9,00,C,8
05/21/1985,04:00,0,0,0,1,0,0,1,0,0,1,0,0,1,0,0,1,0,0,1,0,0,1,0,0,A,7,0,A,7,5.6,A,7,5.0,A,7,96,A,7,985,A,7,30,A,7,2.1,A,7,24100,B,7,77777,A,7,1.4,E,8,0.000,?,0,0.00,?,0,0,1,D,9,00,C,8
05/21/1985,05:00,0,0,0,1,0,0,1,0,0,1,0,0,1,0,0,1,0,0,1,0,0,1,0,0,A,7,0,A,7,5.0,A,7,4.4,A,7,96,A,7,986,A,7,20,A,7,1.5,A,7,24100,B,7,77777,A,7,1.4,E,8,0.000,?,0,0.00,?,0,0,1,D,9,00,C,8
05/21/1985,06:00,69,1078,22,1,13,12,1,9,21,1,13,24,1,13,7,1,9,23,1,13,51,1,21,0,A,7,0,A,7,5.0,A,7,4.4,A,7,96,A,7,987,A,7,0,A,7,0.0,A,7,24100,B,7,77777,A,7,1.4,E,8,0.000,F,8,0.00,?,0,0,1,D,9,00,C,8
05/21/1985,07:00,295,1334,123,1,13,226,1,9,73,1,13,131,1,13,179,1,9,92,1,13,137,1,21,0,A,7,0,A,7,8.3,A,7,6.7,A,7,89,A,7,988,A,7,40,A,7,3.1,A,7,24100,B,7,77777,A,7,1.6,E,8,0.000,F,8,0.00,?,0,0,1,D,9,00,C,8
05/21/1985,08:00,532,1334,299,1,9,447,1,9,121,1,13,318,1,9,429,1,9,146,1,13,235,1,18,0,A,7,0,A,7,11.1,A,7,7.2,A,7,77,A,7,988,A,7,20,A,7,3.6,A,7,24100,B,7,77777,A,7,1.6,E,8,0.000,F,8,0.00,?,0,0,1,D,9,00,C,8
05/21/1985,09:00,755,1334,492,1,9,580,1,9,164,1,13,511,1,9,574,1,9,185,1,13,361,1,18,0,A,7,0,A,7,12.2,A,7,6.7,A,7,69,A,7,988,A,7,360,A,7,4.6,A,7,24100,B,7,77777,A,7,1.6,E,8,0.000,F,8,0.00,?,0,0,1,D,9,00,C,8
05/21/1985,10:00,947,1334,669,1,9,665,1,9,197,1,13,703,1,9,671,1,9,225,1,13,553,1,18,0,A,7,0,A,7,13.3,A,7,5.0,A,7,57,A,7,989,A,7,360,A,7,3.6,A,7,24100,B,7,77777,A,7,1.4,E,8,0.000,F,8,0.00,?,0,0,1,D,9,00,C,8
05/21/1985,11:00,1097,1334,763,1,9,648,1,9,229,1,13,805,1,9,657,1,9,263,1,13,872,1,18,1,A,7,1,A,7,13.9,A,7,5.6,A,7,58,A,7,989,A,7,30,A,7,3.6,A,7,24100,B,7,77777,A,7,1.5,E,8,0.000,F,8,0.00,?,0,0,1,D,9,00,C,8
05/21/1985,12:00,1193,1334,862,1,9,710,1,9,227,1,13,921,1,9,725,1,9,271,1,13,1175,1,18,1,A,7,1,A,7,15.0,A,7,5.6,A,7,54,A,7,989,A,7,0,A,7,0.0,A,7,24100,B,7,77777,A,7,1.5,E,8,0.000,F,8,0.00,?,0,0,1,D,9,00,C,8
05/21/1985,13:00,1229,1334,903,1,9,674,1,9,281,1,13,952,1,9,682,1,9,322,1,13,1671,1,18,1,A,7,1,A,7,15.6,A,7,5.0,A,7,50,A,7,989,A,7,10,A,7,4.1,A,7,24100,B,7,77777,A,7,1.5,E,8,0.000,F,8,0.00,?,0,0,1,D,9,00,C,8
05/21/1985,14:00,1203,1334,874,1,9,694,1,9,248,1,13,928,1,9,706,1,9,290,1,13,1328,1,18,1,A,7,1,A,7,16.1,A,7,4.4,A,7,46,A,7,989,A,7,0,A,7,0.0,A,7,24100,B,7,77777,A,7,1.4,E,8,0.000,F,8,0.00,?,0,0,1,D,9,00,C,8
05/21/1985,15:00,1117,1334,798,1,9,691,1,9,220,1,13,848,1,9,703,1,9,258,1,13,888,1,18,1,A,7,1,A,7,16.7,A,7,5.0,A,7,46,A,7,989,A,7,260,A,7,1.5,A,7,24100,B,7,77777,A,7,1.4,E,8,0.000,F,8,0.00,?,0,0,1,D,9,00,C,8
05/21/1985,16:00,975,1334,667,1,9,654,1,9,190,1,13,706,1,9,663,1,9,220,1,13,564,1,18,1,A,7,1,A,7,17.2,A,7,4.4,A,7,43,A,7,988,A,7,320,A,7,2.6,A,7,24100,B,7,77777,A,7,1.4,E,8,0.000,F,8,0.00,?,0,0,1,D,9,00,C,8
05/21/1985,17:00,789,1334,518,1,9,606,1,9,160,1,13,542,1,9,604,1,9,183,1,13,368,1,18,1,A,7,1,A,7,17.8,A,7,3.9,A,7,40,A,7,988,A,7,20,A,7,2.6,A,7,24100,B,7,77777,A,7,1.4,E,8,0.000,F,8,0.00,?,0,0,1,D,9,00,C,8
05/21/1985,18:00,571,1334,331,1,9,475,1,9,129,1,13,354,1,9,463,1,9,155,1,13,254,1,18,0,A,7,0,A,7,17.8,A,7,4.4,A,7,42,A,7,988,A,7,20,A,7,3.1,A,7,24100,B,7,77777,A,7,1.4,E,8,0.000,F,8,0.00,?,0,0,1,D,9,00,C,8
05/21/1985,19:00,336,1334,146,1,13,264,1,9,81,1,13,154,1,13,219,1,9,99,1,13,149,1,21,0,A,7,0,A,7,17.2,A,7,2.8,A,7,38,A,7,988,A,7,10,A,7,1.5,A,7,24100,B,7,77777,A,7,1.3,E,8,0.000,F,8,0.00,?,0,0,1,D,9,00,C,8
05/21/1985,20:00,102,1300,30,1,13,25,1,9,28,1,13,33,1,13,15,1,9,32,1,13,67,1,21,0,A,7,0,A,7,15.0,A,7,5.6,A,7,54,A,7,988,A,7,300,A,7,1.5,A,7,24100,B,7,77777,A,7,1.5,E,8,0.000,F,8,0.00,?,0,0,1,D,9,00,C,8
05/21/1985,21:00,0,0,0,1,0,0,1,0,0,1,0,0,1,0,0,1,0,0,1,0,0,1,0,0,A,7,0,A,7,10.0,A,7,7.2,A,7,83,A,7,988,A,7,0,A,7,0.0,A,7,24100,B,7,77777,A,7,1.6,E,8,0.000,?,0,0.00,?,0,0,1,D,9,00,C,8
05/21/1985,22:00,0,0,0,1,0,0,1,0,0,1,0,0,1,0,0,1,0,0,1,0,0,1,0,0,A,7,0,A,7,8.9,A,7,6.1,A,7,83,A,7,989,A,7,0,A,7,0.0,A,7,24100,B,7,77777,A,7,1.5,E,8,0.000,?,0,0.00,?,0,0,1,D,9,00,C,8
05/21/1985,23:00,0,0,0,1,0,0,1,0,0,1,0,0,1,0,0,1,0,0,1,0,0,1,0,0,A,7,0,A,7,7.8,A,7,5.0,A,7,83,A,7,989,A,7,0,A,7,0.0,A,7,24100,B,7,77777,A,7,1.4,E,8,0.000,?,0,0.00,?,0,0,1,D,9,00,C,8
05/21/1985,24:00,0,0,0,1,0,0,1,0,0,1,0,0,1,0,0,1,0,0,1,0,0,1,0,0,A,7,0,A,7,8.9,A,7,6.1,A,7,83,A,7,989,A,7,30,A,7,2.6,A,7,24100,B,7,77777,A,7,1.5,E,8,0.000,?,0,0.00,?,0,0,1,D,9,00,C,8
05/22/1985,01:00,0,0,0,1,0,0,1,0,0,1,0,0,1,0,0,1,0,0,1,0,0,1,0,0,A,7,0,A,7,8.3,A,7,6.1,A,7,86,A,7,989,A,7,30,A,7,3.1,A,7,24100,B,7,77777,A,7,1.5,E,8,0.000,?,0,0.00,?,0,0,1,D,9,00,C,8
05/22/1985,02:00,0,0,0,1,0,0,1,0,0,1,0,0,1,0,0,1,0,0,1,0,0,1,0,0,A,7,0,A,7,6.7,A,7,5.6,A,7,93,A,7,989,A,7,0,A,7,0.0,A,7,24100,B,7,77777,A,7,1.5,E,8,0.000,?,0,0.00,?,0,0,1,D,9,00,C,8
05/22/1985,03:00,0,0,0,1,0,0,1,0,0,1,0,0,1,0,0,1,0,0,1,0,0,1,0,0,A,7,0,A,7,4.4,A,7,3.3,A,7,93,A,7,989,A,7,160,A,7,2.1,A,7,24100,B,7,77777,A,7,1.3,E,8,0.000,?,0,0.00,?,0,0,1,D,9,00,C,8
05/22/1985,04:00,0,0,0,1,0,0,1,0,0,1,0,0,1,0,0,1,0,0,1,0,0,1,0,0,A,7,0,A,7,4.4,A,7,3.3,A,7,93,A,7,990,A,7,130,A,7,1.5,A,7,24100,B,7,77777,A,7,1.3,E,8,0.000,?,0,0.00,?,0,0,1,D,9,00,C,8
05/22/1985,05:00,0,0,0,1,0,0,1,0,0,1,0,0,1,0,0,1,0,0,1,0,0,1,0,3,A,7,1,A,7,3.9,A,7,3.3,A,7,96,A,7,990,A,7,70,A,7,2.1,A,7,24100,B,7,77777,A,7,1.3,E,8,0.000,?,0,0.00,?,0,0,1,D,9,00,C,8
05/22/1985,06:00,71,1100,29,1,13,92,1,9,21,1,13,29,1,13,38,1,9,26,1,13,37,1,21,6,A,7,1,A,7,5.0,A,7,4.4,A,7,96,A,7,990,A,7,60,A,7,2.6,A,7,12900,B,7,77777,A,7,1.4,E,8,0.000,F,8,0.00,?,0,0,1,D,9,00,C,8
05/22/1985,07:00,298,1333,138,1,13,331,1,9,65,1,13,147,1,13,261,1,9,88,1,13,117,1,21,7,A,7,2,A,7,8.3,A,7,7.2,A,7,93,A,7,990,A,7,110,A,7,2.6,A,7,12900,B,7,77777,A,7,1.6,E,8,0.000,F,8,0.00,?,0,0,1,D,9,00,C,8
05/22/1985,08:00,534,1333,300,1,13,445,1,13,122,1,13,319,1,13,428,1,13,147,1,13,237,1,23,8,A,7,3,A,7,12.2,A,7,5.0,A,7,62,A,7,990,A,7,120,A,7,3.6,A,7,12900,B,7,77777,A,7,1.4,E,8,0.000,F,8,0.00,?,0,0,1,D,9,00,C,8
05/22/1985,09:00,757,1333,446,1,13,469,1,13,180,1,13,477,1,13,478,1,13,205,1,13,405,1,23,8,A,7,4,A,7,14.4,A,7,5.0,A,7,53,A,7,990,A,7,90,A,7,4.1,A,7,12900,B,7,77777,A,7,1.4,E,8,0.000,F,8,0.00,?,0,0,1,D,9,00,C,8
05/22/1985,10:00,949,1333,573,1,13,532,1,13,195,1,13,603,1,13,537,1,13,220,1,13,550,1,23,9,A,7,5,A,7,15.0,A,7,5.0,A,7,52,A,7,990,A,7,50,A,7,3.1,A,7,16100,B,7,7620,A,7,1.5,E,8,0.000,F,8,0.00,?,0,0,1,D,9,00,C,8
05/22/1985,11:00,1098,1333,633,1,13,461,1,13,252,1,13,689,1,13,482,1,13,291,1,13,978,1,23,9,A,7,5,A,7,16.1,A,7,6.1,A,7,52,A,7,990,A,7,90,A,7,3.6,A,7,16100,B,7,7620,A,7,1.5,E,8,0.000,F,8,0.00,?,0,0,1,D,9,00,C,8
05/22/1985,12:00,1194,1333,597,1,9,208,1,9,410,1,13,658,1,9,222,1,9,459,1,13,1925,1,18,9,A,7,8,A,7,16.7,A,7,5.6,A,7,48,A,7,989,A,7,30,A,7,2.6,A,7,16100,B,7,7620,A,7,1.5,E,8,0.000,F,8,0.00,?,0,0,1,D,9,00,C,8
05/22/1985,13:00,1230,1333,509,1,9,70,1,9,444,1,13,562,1,9,72,1,9,495,1,13,2261,1,18,9,A,7,9,A,7,17.8,A,7,6.1,A,7,47,A,7,989,A,7,10,A,7,2.6,A,7,16100,B,7,7620,A,7,1.6,E,8,0.000,F,8,0.00,?,0,0,1,D,9,00,C,8
05/22/1985,14:00,1205,1333,533,1,9,180,1,9,369,1,13,591,1,9,193,1,9,417,1,13,1785,1,18,9,A,7,9,A,7,18.3,A,7,6.1,A,7,45,A,7,988,A,7,20,A,7,3.6,A,7,16100,B,7,7620,A,7,1.5,E,8,0.000,F,8,0.00,?,0,0,1,D,9,00,C,8
05/22/1985,15:00,1118,1333,476,1,9,140,1,9,358,1,13,526,1,9,149,1,9,400,1,13,1407,1,18,10,A,7,9,A,7,18.3,A,7,6.1,A,7,45,A,7,987,A,7,50,A,7,5.2,A,7,16100,B,7,7620,A,7,1.5,E,8,0.000,F,8,0.00,?,0,0,1,D,9,00,C,8
05/22/1985,16:00,977,1333,236,1,9,0,1,9,235,1,13,278,1,9,0,1,9,278,1,13,1097,1,18,10,A,7,10,A,7,18.3,A,7,6.1,A,7,45,A,7,987,A,7,50,A,7,2.6,A,7,16100,B,7,7620,A,7,1.5,E,8,0.000,F,8,0.00,?,0,0,1,D,9,00,C,8
05/22/1985,17:00,791,1333,245,1,9,8,1,9,241,1,13,282,1,9,7,1,9,278,1,13,999,1,18,10,A,7,10,A,7,17.8,A,7,5.6,A,7,45,A,7,987,A,7,60,A,7,3.1,A,7,16100,B,7,7620,A,7,1.5,E,8,0.000,F,8,0.00,?,0,0,1,D,9,00,C,8
05/22/1985,18:00,574,1333,153,1,9,4,1,9,151,1,13,174,1,9,3,1,9,173,1,13,600,1,18,10,A,7,10,A,7,17.2,A,7,5.6,A,7,46,A,7,986,A,7,60,A,7,3.6,A,7,16100,B,7,7620,A,7,1.5,E,8,0.000,F,8,0.00,?,0,0,1,D,9,00,C,8
05/22/1985,19:00,339,1333,80,1,13,3,1,9,79,1,13,90,1,13,1,1,9,90,1,13,291,1,21,10,A,7,10,A,7,16.1,A,7,6.7,A,7,54,A,7,986,A,7,70,A,7,2.6,A,7,16100,B,7,7620,A,7,1.6,E,8,0.000,F,8,0.00,?,0,0,1,D,9,00,C,8
05/22/1985,20:00,105,1322,31,1,13,6,1,9,31,1,13,35,1,13,0,1,9,35,1,13,98,1,21,10,A,7,9,A,7,13.9,A,7,7.8,A,7,67,A,7,986,A,7,80,A,7,2.1,A,7,16100,B,7,7620,A,7,1.7,E,8,0.000,F,8,0.00,?,0,0,1,D,9,00,C,8
05/22/1985,21:00,0,0,0,1,0,0,1,0,0,1,0,0,1,0,0,1,0,0,1,0,0,1,0,9,A,7,8,A,7,11.7,A,7,7.2,A,7,74,A,7,986,A,7,0,A,7,0.0,A,7,16100,B,7,7620,A,7,1.6,E,8,0.000,?,0,0.00,?,0,0,1,D,9,00,C,8
05/22/1985,22:00,0,0,0,1,0,0,1,0,0,1,0,0,1,0,0,1,0,0,1,0,0,1,0,8,A,7,4,A,7,9.4,A,7,6.1,A,7,80,A,7,986,A,7,0,A,7,0.0,A,7,16100,B,7,77777,A,7,1.5,E,8,0.000,?,0,0.00,?,0,0,1,D,9,00,C,8
05/22/1985,23:00,0,0,0,1,0,0,1,0,0,1,0,0,1,0,0,1,0,0,1,0,0,1,0,8,A,7,4,A,7,8.3,A,7,5.0,A,7,80,A,7,986,A,7,0,A,7,0.0,A,7,16100,B,7,77777,A,7,1.4,E,8,0.000,?,0,0.00,?,0,0,1,D,9,00,C,8
05/22/1985,24:00,0,0,0,1,0,0,1,0,0,1,0,0,1,0,0,1,0,0,1,0,0,1,0,7,A,7,3,A,7,7.8,A,7,5.6,A,7,86,A,7,986,A,7,0,A,7,0.0,A,7,16100,B,7,77777,A,7,1.5,E,8,0.000,?,0,0.00,?,0,0,1,D,9,00,C,8
05/23/1985,01:00,0,0,0,1,0,0,1,0,0,1,0,0,1,0,0,1,0,0,1,0,0,1,0,3,A,7,1,A,7,6.7,A,7,5.6,A,7,93,A,7,986,A,7,0,A,7,0.0,A,7,16100,B,7,77777,A,7,1.5,E,8,0.000,?,0,0.00,?,0,0,1,D,9,00,C,8
05/23/1985,02:00,0,0,0,1,0,0,1,0,0,1,0,0,1,0,0,1,0,0,1,0,0,1,0,0,A,7,0,A,7,5.6,A,7,4.4,A,7,93,A,7,986,A,7,0,A,7,0.0,A,7,16100,B,7,77777,A,7,1.4,E,8,0.000,?,0,0.00,?,0,0,1,D,9,00,C,8
05/23/1985,03:00,0,0,0,1,0,0,1,0,0,1,0,0,1,0,0,1,0,0,1,0,0,1,0,0,A,7,0,A,7,5.0,A,7,4.4,A,7,96,A,7,986,A,7,0,A,7,0.0,A,7,16100,B,7,77777,A,7,1.4,E,8,0.000,?,0,0.00,?,0,0,1,D,9,00,C,8
05/23/1985,04:00,0,0,0,1,0,0,1,0,0,1,0,0,1,0,0,1,0,0,1,0,0,1,0,2,A,7,2,A,7,4.4,A,7,4.4,A,7,100,A,7,986,A,7,0,A,7,0.0,A,7,16100,B,7,77777,A,7,1.4,E,8,0.000,?,0,0.00,?,0,0,1,D,9,00,C,8
05/23/1985,05:00,0,0,0,1,0,0,1,0,0,1,0,0,1,0,0,1,0,0,1,0,0,1,0,3,A,7,1,A,7,3.9,A,7,3.9,A,7,100,A,7,986,A,7,0,A,7,0.0,A,7,16100,B,7,77777,A,7,1.3,E,8,0.000,?,0,0.00,?,0,0,1,D,9,00,C,8
05/23/1985,06:00,73,1099,20,1,13,1,1,9,20,1,13,23,1,13,0,1,9,23,1,13,68,1,21,7,A,7,2,A,7,3.3,A,7,3.3,A,7,100,A,7,986,A,7,0,A,7,0.0,A,7,11300,B,7,77777,A,7,1.3,E,8,0.000,F,8,0.00,?,0,0,1,D,9,00,C,8
05/23/1985,07:00,300,1332,104,1,13,99,1,9,82,1,13,114,1,13,81,1,9,95,1,13,178,1,21,5,A,7,2,A,7,7.2,A,7,6.1,A,7,93,A,7,987,A,7,0,A,7,0.0,A,7,16100,B,7,77777,A,7,1.5,E,8,0.000,F,8,0.00,?,0,0,1,D,9,00,C,8
05/23/1985,08:00,536,1332,262,1,9,294,1,9,144,1,13,282,1,9,291,1,9,164,1,13,297,1,18,2,A,7,1,A,7,13.3,A,7,4.4,A,7,55,A,7,987,A,7,60,A,7,3.1,A,7,16100,B,7,77777,A,7,1.4,E,8,0.000,F,8,0.00,?,0,0,1,D,9,00,C,8
05/23/1985,09:00,758,1332,452,1,9,431,1,9,207,1,13,477,1,9,439,1,9,227,1,13,473,1,18,2,A,7,1,A,7,16.1,A,7,2.2,A,7,40,A,7,987,A,7,40,A,7,4.1,A,7,16100,B,7,77777,A,7,1.2,E,8,0.000,F,8,0.00,?,0,0,1,D,9,00,C,8
05/23/1985,10:00,950,1332,627,1,9,526,1,9,252,1,13,670,1,9,546,1,9,279,1,13,727,1,18,2,A,7,1,A,7,17.8,A,7,0.0,A,7,30,A,7,987,A,7,50,A,7,4.1,A,7,16100,B,7,77777,A,7,1.1,E,8,0.000,F,8,0.00,?,0,0,1,D,9,00,C,8
05/23/1985,11:00,1099,1332,771,1,9,598,1,9,278,1,13,834,1,9,625,1,9,317,1,13,1089,1,18,2,A,7,1,A,7,19.4,A,7,3.3,A,7,35,A,7,987,A,7,60,A,7,4.6,A,7,16100,B,7,77777,A,7,1.3,E,8,0.000,F,8,0.00,?,0,0,1,D,9,00,C,8
05/23/1985,12:00,1195,1332,846,1,9,606,1,9,302,1,13,885,1,9,609,1,9,337,1,13,1548,1,18,2,A,7,1,A,7,20.6,A,7,3.9,A,7,34,A,7,987,A,7,50,A,7,4.1,A,7,16100,B,7,77777,A,7,1.4,E,8,0.000,F,8,0.00,?,0,0,1,D,9,00,C,8
05/23/1985,13:00,1232,1332,875,1,9,600,1,9,320,1,13,949,1,9,628,1,9,367,1,13,1994,1,18,3,A,7,1,A,7,21.1,A,7,4.4,A,7,34,A,7,986,A,7,20,A,7,3.6,A,7,16100,B,7,77777,A,7,1.4,E,8,0.000,F,8,0.00,?,0,0,1,D,9,00,C,8
05/23/1985,14:00,1206,1332,854,1,9,578,1,9,331,1,13,920,1,9,604,1,9,372,1,13,1844,1,18,3,A,7,1,A,7,22.2,A,7,3.3,A,7,29,A,7,986,A,7,70,A,7,4.1,A,7,16100,B,7,77777,A,7,1.3,E,8,0.000,F,8,0.00,?,0,0,1,D,9,00,C,8
05/23/1985,15:00,1120,1332,772,1,9,580,1,9,285,1,13,835,1,9,606,1,9,325,1,13,1181,1,18,2,A,7,1,A,7,22.8,A,7,2.8,A,7,27,A,7,985,A,7,40,A,7,3.1,A,7,16100,B,7,77777,A,7,1.3,E,8,0.000,F,8,0.00,?,0,0,1,D,9,00,C,8
05/23/1985,16:00,979,1332,642,1,9,531,1,9,252,1,13,689,1,9,552,1,9,282,1,13,762,1,18,2,A,7,1,A,7,23.3,A,7,3.9,A,7,28,A,7,984,A,7,50,A,7,4.6,A,7,16100,B,7,77777,A,7,1.3,E,8,0.000,F,8,0.00,?,0,0,1,D,9,00,C,8
05/23/1985,17:00,794,1332,482,1,9,449,1,9,215,1,13,510,1,9,459,1,9,236,1,13,508,1,18,2,A,7,1,A,7,23.3,A,7,5.0,A,7,31,A,7,984,A,7,50,A,7,4.1,A,7,16100,B,7,77777,A,7,1.4,E,8,0.000,F,8,0.00,?,0,0,1,D,9,00,C,8
05/23/1985,18:00,576,1332,276,1,9,275,1,9,159,1,13,298,1,9,277,1,9,178,1,13,336,1,18,2,A,7,1,A,7,23.3,A,7,5.0,A,7,31,A,7,984,A,7,30,A,7,4.1,A,7,16100,B,7,77777,A,7,1.4,E,8,0.000,F,8,0.00,?,0,0,1,D,9,00,C,8
05/23/1985,19:00,342,1332,124,1,13,133,1,9,90,1,13,136,1,13,115,1,9,106,1,13,198,1,21,2,A,7,1,A,7,21.7,A,7,5.0,A,7,34,A,7,984,A,7,30,A,7,3.6,A,7,16100,B,7,77777,A,7,1.4,E,8,0.000,F,8,0.00,?,0,0,1,D,9,00,C,8
05/23/1985,20:00,109,1332,24,1,13,5,1,9,23,1,13,26,1,13,0,1,9,26,1,13,79,1,21,2,A,7,1,A,7,18.9,A,7,5.6,A,7,42,A,7,984,A,7,20,A,7,3.1,A,7,16100,B,7,77777,A,7,1.5,E,8,0.000,F,8,0.00,?,0,0,1,D,9,00,C,8
05/23/1985,21:00,0,11,0,1,0,0,1,0,0,1,0,0,1,1,0,1,2,0,1,2,0,1,1,2,A,7,1,A,7,14.4,A,7,7.2,A,7,62,A,7,985,A,7,0,A,7,0.0,A,7,16100,B,7,77777,A,7,1.6,E,8,0.000,?,0,0.00,?,0,0,1,D,9,00,C,8
05/23/1985,22:00,0,0,0,1,0,0,1,0,0,1,0,0,1,0,0,1,0,0,1,0,0,1,0,2,A,7,1,A,7,11.7,A,7,7.2,A,7,74,A,7,985,A,7,0,A,7,0.0,A,7,16100,B,7,77777,A,7,1.6,E,8,0.000,?,0,0.00,?,0,0,1,D,9,00,C,8
05/23/1985,23:00,0,0,0,1,0,0,1,0,0,1,0,0,1,0,0,1,0,0,1,0,0,1,0,2,A,7,1,A,7,10.0,A,7,7.2,A,7,83,A,7,985,A,7,0,A,7,0.0,A,7,16100,B,7,77777,A,7,1.6,E,8,0.000,?,0,0.00,?,0,0,1,D,9,00,C,8
05/23/1985,24:00,0,0,0,1,0,0,1,0,0,1,0,0,1,0,0,1,0,0,1,0,0,1,0,2,A,7,1,A,7,9.4,A,7,6.1,A,7,80,A,7,985,A,7,0,A,7,0.0,A,7,16100,B,7,77777,A,7,1.5,E,8,0.000,?,0,0.00,?,0,0,1,D,9,00,C,8
05/24/1985,01:00,0,0,0,1,0,0,1,0,0,1,0,0,1,0,0,1,0,0,1,0,0,1,0,0,A,7,0,A,7,7.8,A,7,5.6,A,7,86,A,7,985,A,7,0,A,7,0.0,A,7,24100,B,7,77777,A,7,1.5,E,8,0.000,?,0,0.00,?,0,0,1,D,9,00,C,8
05/24/1985,02:00,0,0,0,1,0,0,1,0,0,1,0,0,1,0,0,1,0,0,1,0,0,1,0,0,A,7,0,A,7,7.2,A,7,5.0,A,7,86,A,7,985,A,7,0,A,7,0.0,A,7,24100,B,7,77777,A,7,1.4,E,8,0.000,?,0,0.00,?,0,0,1,D,9,00,C,8
05/24/1985,03:00,0,0,0,1,0,0,1,0,0,1,0,0,1,0,0,1,0,0,1,0,0,1,0,0,A,7,0,A,7,7.2,A,7,4.4,A,7,83,A,7,985,A,7,0,A,7,0.0,A,7,24100,B,7,77777,A,7,1.4,E,8,0.000,?,0,0.00,?,0,0,1,D,9,00,C,8
05/24/1985,04:00,0,0,0,1,0,0,1,0,0,1,0,0,1,0,0,1,0,0,1,0,0,1,0,0,A,7,0,A,7,5.6,A,7,3.9,A,7,89,A,7,984,A,7,0,A,7,0.0,A,7,24100,B,7,77777,A,7,1.3,E,8,0.000,?,0,0.00,?,0,0,1,D,9,00,C,8
05/24/1985,05:00,0,0,0,1,0,0,1,0,0,1,0,0,1,0,0,1,0,0,1,0,0,1,0,0,A,7,0,A,7,5.0,A,7,3.9,A,7,93,A,7,985,A,7,0,A,7,0.0,A,7,24100,B,7,77777,A,7,1.3,E,8,0.000,?,0,0.00,?,0,0,1,D,9,00,C,8
05/24/1985,06:00,75,1121,26,1,13,67,1,9,20,1,13,27,1,13,25,1,9,25,1,13,35,1,21,1,A,7,1,A,7,6.1,A,7,4.4,A,7,89,A,7,985,A,7,0,A,7,0.0,A,7,12900,B,7,77777,A,7,1.4,E,8,0.000,F,8,0.00,?,0,0,1,D,9,00,C,8
05/24/1985,07:00,303,1332,148,1,13,418,1,9,53,1,13,153,1,13,337,1,9,76,1,13,98,1,21,0,A,7,0,A,7,10.6,A,7,8.3,A,7,86,A,7,985,A,7,0,A,7,0.0,A,7,12900,B,7,77777,A,7,1.7,E,8,0.000,F,8,0.00,?,0,0,1,D,9,00,C,8
05/24/1985,08:00,538,1332,322,1,9,592,1,9,84,1,13,340,1,9,566,1,9,111,1,13,169,1,18,1,A,7,1,A,7,16.7,A,7,8.9,A,7,60,A,7,985,A,7,200,A,7,2.1,A,7,12900,B,7,77777,A,7,1.8,E,8,0.000,F,8,0.00,?,0,0,1,D,9,00,C,8
05/24/1985,09:00,760,1332,530,1,9,745,1,9,105,1,13,554,1,9,738,1,9,132,1,13,231,1,18,0,A,7,0,A,7,20.0,A,7,7.2,A,7,44,A,7,986,A,7,210,A,7,1.5,A,7,12900,B,7,77777,A,7,1.6,E,8,0.000,F,8,0.00,?,0,0,1,D,9,00,C,8
05/24/1985,10:00,952,1332,704,1,9,813,1,9,123,1,13,746,1,9,819,1,9,159,1,13,340,1,18,0,A,7,0,A,7,21.7,A,7,6.1,A,7,37,A,7,985,A,7,280,A,7,2.1,A,7,12900,B,7,77777,A,7,1.6,E,8,0.000,F,8,0.00,?,0,0,1,D,9,00,C,8
05/24/1985,11:00,1101,1332,842,1,9,855,1,9,136,1,13,901,1,9,867,1,9,184,1,13,510,1,18,0,A,7,0,A,7,23.3,A,7,5.0,A,7,31,A,7,985,A,7,220,A,7,3.6,A,7,12900,B,7,77777,A,7,1.4,E,8,0.000,F,8,0.00,?,0,0,1,D,9,00,C,8
05/24/1985,12:00,1196,1332,935,1,9,882,1,9,143,1,13,960,1,9,883,1,9,165,1,13,573,1,18,0,A,7,0,A,7,24.4,A,7,3.3,A,7,25,A,7,985,A,7,160,A,7,2.6,A,7,12900,B,7,77777,A,7,1.3,E,8,0.000,F,8,0.00,?,0,0,1,D,9,00,C,8
05/24/1985,13:00,1233,1332,965,1,9,885,1,9,146,1,13,989,1,9,886,1,9,167,1,13,691,1,18,0,A,7,0,A,7,25.0,A,7,3.9,A,7,26,A,7,984,A,7,300,A,7,5.2,A,7,12900,B,7,77777,A,7,1.4,E,8,0.000,F,8,0.00,?,0,0,1,D,9,00,C,8
05/24/1985,14:00,1207,1332,895,1,9,782,1,9,187,1,13,939,1,9,786,1,9,225,1,13,948,1,18,2,A,7,2,A,7,25.6,A,7,3.9,A,7,25,A,7,984,A,7,360,A,7,2.6,A,7,12900,B,7,77777,A,7,1.4,E,8,0.000,F,8,0.00,?,0,0,1,D,9,00,C,8
05/24/1985,15:00,1121,1332,816,1,9,782,1,9,158,1,13,862,1,9,788,1,9,197,1,13,607,1,18,2,A,7,2,A,7,26.1,A,7,7.2,A,7,30,A,7,983,A,7,240,A,7,4.1,A,7,12900,B,7,77777,A,7,1.6,E,8,0.000,F,8,0.00,?,0,0,1,D,9,00,C,8
05/24/1985,16:00,981,1332,625,1,13,584,1,13,195,1,13,659,1,13,592,1,13,223,1,13,584,1,23,3,A,7,3,A,7,25.0,A,7,7.2,A,7,32,A,7,983,A,7,280,A,7,4.1,A,7,12900,B,7,77777,A,7,1.6,E,8,0.000,F,8,0.00,?,0,0,1,D,9,00,C,8
05/24/1985,17:00,796,1332,551,1,9,701,1,9,134,1,13,585,1,9,706,1,9,163,1,13,319,1,18,2,A,7,2,A,7,25.6,A,7,7.2,A,7,31,A,7,982,A,7,280,A,7,2.1,A,7,12900,B,7,77777,A,7,1.6,E,8,0.000,F,8,0.00,?,0,0,1,D,9,00,C,8
05/24/1985,18:00,579,1332,308,1,9,420,1,9,127,1,13,331,1,9,411,1,9,152,1,13,251,1,18,2,A,7,2,A,7,23.9,A,7,7.2,A,7,34,A,7,982,A,7,270,A,7,3.6,A,7,12900,B,7,77777,A,7,1.6,E,8,0.000,F,8,0.00,?,0,0,1,D,9,00,C,8
05/24/1985,19:00,345,1332,172,1,13,446,1,9,58,1,13,180,1,13,377,1,9,82,1,13,108,1,21,1,A,7,1,A,7,23.3,A,7,6.7,A,7,34,A,7,982,A,7,290,A,7,5.2,A,7,12900,B,7,77777,A,7,1.6,E,8,0.000,F,8,0.00,?,0,0,1,D,9,00,C,8
05/24/1985,20:00,112,1332,37,1,13,131,1,9,25,1,13,38,1,13,60,1,9,33,1,13,44,1,21,0,A,7,0,A,7,20.6,A,7,6.7,A,7,41,A,7,982,A,7,300,A,7,4.1,A,7,12900,B,7,77777,A,7,1.6,E,8,0.000,F,8,0.00,?,0,0,1,D,9,00,C,8
05/24/1985,21:00,0,33,0,1,0,0,1,0,0,1,0,0,1,1,0,1,2,0,1,2,0,1,1,0,A,7,0,A,7,16.1,A,7,6.7,A,7,54,A,7,982,A,7,290,A,7,3.1,A,7,12900,B,7,77777,A,7,1.6,E,8,0.000,?,0,0.00,?,0,0,1,D,9,00,C,8
05/24/1985,22:00,0,0,0,1,0,0,1,0,0,1,0,0,1,0,0,1,0,0,1,0,0,1,0,1,A,7,0,A,7,13.9,A,7,6.7,A,7,62,A,7,982,A,7,250,A,7,3.1,A,7,12900,B,7,77777,A,7,1.6,E,8,0.000,?,0,0.00,?,0,0,1,D,9,00,C,8
05/24/1985,23:00,0,0,0,1,0,0,1,0,0,1,0,0,1,0,0,1,0,0,1,0,0,1,0,1,A,7,0,A,7,13.3,A,7,6.7,A,7,64,A,7,982,A,7,290,A,7,1.5,A,7,12900,B,7,77777,A,7,1.6,E,8,0.000,?,0,0.00,?,0,0,1,D,9,00,C,8
05/24/1985,24:00,0,0,0,1,0,0,1,0,0,1,0,0,1,0,0,1,0,0,1,0,0,1,0,0,A,7,0,A,7,13.3,A,7,6.7,A,7,64,A,7,982,A,7,290,A,7,1.5,A,7,16100,B,7,77777,A,7,1.6,E,8,0.000,?,0,0.00,?,0,0,1,D,9,00,C,8
05/25/1985,01:00,0,0,0,1,0,0,1,0,0,1,0,0,1,0,0,1,0,0,1,0,0,1,0,0,A,7,0,A,7,11.7,A,7,5.6,A,7,66,A,7,982,A,7,200,A,7,1.5,A,7,24100,B,7,77777,A,7,1.5,E,8,0.000,?,0,0.00,?,0,0,1,D,9,00,C,8
05/25/1985,02:00,0,0,0,1,0,0,1,0,0,1,0,0,1,0,0,1,0,0,1,0,0,1,0,0,A,7,0,A,7,11.1,A,7,5.6,A,7,69,A,7,981,A,7,300,A,7,1.5,A,7,24100,B,7,77777,A,7,1.5,E,8,0.000,?,0,0.00,?,0,0,1,D,9,00,C,8
05/25/1985,03:00,0,0,0,1,0,0,1,0,0,1,0,0,1,0,0,1,0,0,1,0,0,1,0,0,A,7,0,A,7,9.4,A,7,5.6,A,7,77,A,7,981,A,7,200,A,7,1.5,A,7,24100,B,7,77777,A,7,1.5,E,8,0.000,?,0,0.00,?,0,0,1,D,9,00,C,8
05/25/1985,04:00,0,0,0,1,0,0,1,0,0,1,0,0,1,0,0,1,0,0,1,0,0,1,0,0,A,7,0,A,7,10.0,A,7,6.7,A,7,80,A,7,981,A,7,290,A,7,1.5,A,7,16100,B,7,77777,A,7,1.6,E,8,0.000,?,0,0.00,?,0,0,1,D,9,00,C,8
05/25/1985,05:00,0,0,0,1,0,0,1,0,0,1,0,0,1,0,0,1,0,0,1,0,0,1,0,0,A,7,0,A,7,10.6,A,7,7.2,A,7,80,A,7,981,A,7,210,A,7,2.6,A,7,16100,B,7,77777,A,7,1.6,E,8,0.000,?,0,0.00,?,0,0,1,D,9,00,C,8
05/25/1985,06:00,77,1143,32,1,13,142,1,9,19,1,13,31,1,13,60,1,9,27,1,13,33,1,21,1,A,7,0,A,7,12.2,A,7,8.3,A,7,77,A,7,981,A,7,230,A,7,3.6,A,7,16100,B,7,77777,A,7,1.7,E,8,0.000,F,8,0.00,?,0,0,1,D,9,00,C,8
05/25/1985,07:00,305,1331,164,1,13,534,1,9,43,1,13,169,1,13,442,1,9,68,1,13,84,1,21,0,A,7,0,A,7,14.4,A,7,8.3,A,7,67,A,7,981,A,7,240,A,7,3.6,A,7,16100,B,7,77777,A,7,1.7,E,8,0.000,F,8,0.00,?,0,0,1,D,9,00,C,8
05/25/1985,08:00,540,1331,352,1,9,700,1,9,68,1,13,368,1,9,667,1,9,97,1,13,141,1,18,2,A,7,0,A,7,17.8,A,7,7.2,A,7,50,A,7,981,A,7,230,A,7,5.2,A,7,16100,B,7,77777,A,7,1.6,E,8,0.000,F,8,0.00,?,0,0,1,D,9,00,C,8
05/25/1985,09:00,761,1331,499,1,9,647,1,9,129,1,13,527,1,9,649,1,9,156,1,13,297,1,18,7,A,7,2,A,7,21.7,A,7,5.6,A,7,35,A,7,981,A,7,260,A,7,6.2,A,7,16100,B,7,77777,A,7,1.5,E,8,0.000,F,8,0.00,?,0,0,1,D,9,00,C,8
05/25/1985,10:00,953,1331,654,1,9,726,1,9,134,1,13,686,1,9,729,1,9,164,1,13,362,1,18,5,A,7,2,A,7,23.3,A,7,6.1,A,7,33,A,7,981,A,7,260,A,7,7.2,A,7,16100,B,7,77777,A,7,1.5,E,8,0.000,F,8,0.00,?,0,0,1,D,9,00,C,8
05/25/1985,11:00,1102,1331,848,1,9,893,1,9,109,1,13,878,1,9,894,1,9,136,1,13,359,1,18,1,A,7,0,A,7,25.0,A,7,7.2,A,7,32,A,7,981,A,7,250,A,7,4.6,A,7,16100,B,7,77777,A,7,1.6,E,8,0.000,F,8,0.00,?,0,0,1,D,9,00,C,8
05/25/1985,12:00,1198,1331,920,1,9,895,1,9,115,1,13,950,1,9,898,1,9,141,1,13,506,1,18,1,A,7,0,A,7,26.7,A,7,10.0,A,7,35,A,7,981,A,7,280,A,7,5.2,A,7,16100,B,7,77777,A,7,1.9,E,8,0.000,F,8,0.00,?,0,0,1,D,9,00,C,8
05/25/1985,13:00,1234,1331,841,1,13,718,1,13,175,1,13,890,1,13,725,1,13,217,1,13,1021,1,23,4,A,7,3,A,7,27.2,A,7,11.7,A,7,38,A,7,980,A,7,250,A,7,7.2,A,7,16100,B,7,77777,A,7,2.1,E,8,0.000,F,8,0.00,?,0,0,1,D,9,00,C,8
05/25/1985,14:00,1208,1331,796,1,13,639,1,13,215,1,13,854,1,13,655,1,13,258,1,13,1196,1,23,5,A,7,4,A,7,27.8,A,7,12.2,A,7,38,A,7,979,A,7,240,A,7,6.2,A,7,16100,B,7,77777,A,7,2.2,E,8,0.000,F,8,0.00,?,0,0,1,D,9,00,C,8
05/25/1985,15:00,1123,1331,749,1,9,668,1,9,186,1,13,806,1,9,686,1,9,226,1,13,778,1,18,5,A,7,2,A,7,27.8,A,7,11.1,A,7,36,A,7,979,A,7,260,A,7,5.2,A,7,16100,B,7,77777,A,7,2.1,E,8,0.000,F,8,0.00,?,0,0,1,D,9,00,C,8
05/25/1985,16:00,983,1331,572,1,13,477,1,13,220,1,13,622,1,13,497,1,13,255,1,13,663,1,23,7,A,7,3,A,7,26.7,A,7,10.0,A,7,35,A,7,978,A,7,250,A,7,5.2,A,7,16100,B,7,77777,A,7,1.9,E,8,0.000,F,8,0.00,?,0,0,1,D,9,00,C,8
05/25/1985,17:00,798,1331,502,1,13,591,1,13,149,1,13,529,1,13,593,1,13,173,1,13,351,1,23,7,A,7,3,A,7,27.2,A,7,10.0,A,7,34,A,7,978,A,7,240,A,7,7.2,A,7,16100,B,7,77777,A,7,1.9,E,8,0.000,F,8,0.00,?,0,0,1,D,9,00,C,8
05/25/1985,18:00,581,1331,300,1,9,440,1,9,109,1,13,327,1,9,432,1,9,138,1,13,212,1,18,5,A,7,2,A,7,26.1,A,7,10.0,A,7,36,A,7,978,A,7,270,A,7,5.7,A,7,16100,B,7,77777,A,7,1.9,E,8,0.000,F,8,0.00,?,0,0,1,D,9,00,C,8
05/25/1985,19:00,347,1331,166,1,13,306,1,13,87,1,13,174,1,13,257,1,13,107,1,13,161,1,23,7,A,7,3,A,7,24.4,A,7,10.0,A,7,40,A,7,978,A,7,260,A,7,4.1,A,7,16100,B,7,77777,A,7,1.9,E,8,0.000,F,8,0.00,?,0,0,1,D,9,00,C,8
05/25/1985,20:00,115,1331,34,1,13,64,1,13,28,1,13,36,1,13,27,1,13,33,1,13,50,1,23,8,A,7,4,A,7,21.7,A,7,10.0,A,7,48,A,7,978,A,7,250,A,7,3.1,A,7,16100,B,7,77777,A,7,1.9,E,8,0.000,F,8,0.00,?,0,0,1,D,9,00,C,8
05/25/1985,21:00,0,55,0,1,0,0,1,0,0,1,0,0,1,1,0,1,2,0,1,2,0,1,1,8,A,7,3,A,7,17.8,A,7,10.0,A,7,61,A,7,978,A,7,240,A,7,2.6,A,7,16100,B,7,77777,A,7,1.9,E,8,0.000,?,0,0.00,?,0,0,1,D,9,00,C,8
05/25/1985,22:00,0,0,0,1,0,0,1,0,0,1,0,0,1,0,0,1,0,0,1,0,0,1,0,8,A,7,3,A,7,17.2,A,7,10.0,A,7,63,A,7,978,A,7,240,A,7,1.5,A,7,16100,B,7,77777,A,7,1.9,E,8,0.000,?,0,0.00,?,0,0,1,D,9,00,C,8
05/25/1985,23:00,0,0,0,1,0,0,1,0,0,1,0,0,1,0,0,1,0,0,1,0,0,1,0,6,A,7,2,A,7,16.1,A,7,10.0,A,7,67,A,7,977,A,7,0,A,7,0.0,A,7,16100,B,7,77777,A,7,1.9,E,8,0.000,?,0,0.00,?,0,0,1,D,9,00,C,8
05/25/1985,24:00,0,0,0,1,0,0,1,0,0,1,0,0,1,0,0,1,0,0,1,0,0,1,0,7,A,7,5,A,7,14.4,A,7,10.0,A,7,75,A,7,977,A,7,20,A,7,5.7,A,7,16100,B,7,7620,A,7,1.9,E,8,0.000,?,0,0.00,?,0,0,1,D,9,00,C,8
05/26/1985,01:00,0,0,0,1,0,0,1,0,0,1,0,0,1,0,0,1,0,0,1,0,0,1,0,10,A,7,10,A,7,16.1,A,7,12.8,A,7,81,A,7,978,A,7,60,A,7,2.6,A,7,16100,B,7,2740,A,7,2.3,E,8,0.000,?,0,0.00,?,0,0,1,D,9,00,C,8
05/26/1985,02:00,0,0,0,1,0,0,1,0,0,1,0,0,1,0,0,1,0,0,1,0,0,1,0,10,A,7,10,A,7,15.6,A,7,13.3,A,7,87,A,7,978,A,7,330,A,7,1.5,A,7,11300,B,7,2130,A,7,2.4,E,8,0.000,?,0,0.00,?,0,0,1,D,9,00,C,8
05/26/1985,03:00,0,0,0,1,0,0,1,0,0,1,0,0,1,0,0,1,0,0,1,0,0,1,0,10,A,7,10,A,7,15.0,A,7,13.9,A,7,93,A,7,977,A,7,70,A,7,2.6,A,7,8000,B,7,2130,A,7,2.4,E,8,0.000,?,0,0.00,?,0,3,1,D,9,00,C,8
05/26/1985,04:00,0,0,0,1,0,0,1,0,0,1,0,0,1,0,0,1,0,0,1,0,0,1,0,7,A,7,7,A,7,14.4,A,7,13.3,A,7,93,A,7,977,A,7,100,A,7,2.6,A,7,6400,B,7,2130,A,7,2.3,E,8,0.000,?,0,0.00,?,0,0,1,D,9,45,C,8
05/26/1985,05:00,0,0,0,1,0,0,1,0,0,1,0,0,1,0,0,1,0,0,1,0,0,1,0,4,A,7,4,A,7,12.8,A,7,11.7,A,7,93,A,7,976,A,7,140,A,7,1.5,A,7,4800,B,7,77777,A,7,2.1,E,8,0.000,?,0,0.00,?,0,0,1,D,9,45,C,8
05/26/1985,06:00,79,1165,16,1,13,2,1,9,16,1,13,19,1,13,0,1,9,19,1,13,58,1,21,10,A,7,10,A,7,13.9,A,7,12.2,A,7,90,A,7,977,A,7,0,A,7,0.0,A,7,8000,B,7,2740,A,7,2.2,E,8,0.000,F,8,0.00,?,0,0,1,D,9,45,C,8
05/26/1985,07:00,307,1331,78,1,13,18,1,9,74,1,13,86,1,13,15,1,9,82,1,13,193,1,21,10,A,7,10,A,7,16.7,A,7,12.8,A,7,78,A,7,977,A,7,200,A,7,4.1,A,7,12900,B,7,2740,A,7,2.3,E,8,0.000,F,8,0.00,?,0,0,1,D,9,45,C,8
05/26/1985,08:00,542,1331,140,1,9,6,1,9,138,1,13,160,1,9,4,1,9,159,1,13,546,1,18,10,A,7,10,A,7,18.9,A,7,11.7,A,7,63,A,7,976,A,7,210,A,7,4.1,A,7,12900,B,7,2440,A,7,2.1,E,8,0.000,F,8,0.00,?,0,0,1,D,9,00,C,8
05/26/1985,09:00,763,1331,262,1,9,5,1,9,259,1,13,297,1,9,5,1,9,294,1,13,1023,1,18,10,A,7,10,A,7,19.4,A,7,12.2,A,7,63,A,7,977,A,7,230,A,7,6.2,A,7,12900,B,7,1220,A,7,2.2,E,8,0.000,F,8,0.00,?,0,0,1,D,9,00,C,8
05/26/1985,10:00,954,1331,302,1,9,6,1,9,298,1,13,350,1,9,5,1,9,346,1,13,1290,1,18,10,A,7,10,A,7,19.4,A,7,11.7,A,7,61,A,7,978,A,7,180,A,7,7.2,A,7,11300,B,7,700,A,7,2.1,E,8,0.000,F,8,0.00,?,0,0,1,D,9,00,C,8
05/26/1985,11:00,1103,1331,330,1,9,5,1,9,326,1,13,388,1,9,5,1,9,385,1,13,1465,1,18,10,A,7,10,A,7,16.1,A,7,11.1,A,7,72,A,7,978,A,7,60,A,7,1.5,A,7,11300,B,7,700,A,7,2.0,E,8,0.000,F,8,0.00,?,0,0,1,D,9,00,C,8
05/26/1985,12:00,1198,1331,735,1,9,396,1,9,378,1,13,780,1,9,413,1,9,407,1,13,2069,1,18,8,A,7,8,A,7,20.6,A,7,12.8,A,7,61,A,7,976,A,7,180,A,7,3.6,A,7,11300,B,7,1520,A,7,2.3,E,8,0.000,F,8,0.00,?,0,0,1,D,9,00,C,8
05/26/1985,13:00,1235,1331,718,1,13,453,1,13,298,1,13,785,1,13,475,1,13,344,1,13,1894,1,23,9,A,7,7,A,7,23.3,A,7,15.0,A,7,60,A,7,975,A,7,170,A,7,5.2,A,7,12900,B,7,3050,A,7,2.6,E,8,0.000,F,8,0.00,?,0,0,1,D,9,00,C,8
05/26/1985,14:00,1210,1331,795,1,13,626,1,13,226,1,13,851,1,13,640,1,13,268,1,13,1262,1,23,8,A,7,4,A,7,27.8,A,7,15.6,A,7,47,A,7,974,A,7,190,A,7,6.2,A,7,12900,B,7,77777,A,7,2.6,E,8,0.000,F,8,0.00,?,0,0,1,D,9,00,C,8
05/26/1985,15:00,1124,1331,671,1,13,464,1,13,279,1,13,727,1,13,485,1,13,317,1,13,1173,1,23,7,A,7,6,A,7,29.4,A,7,13.9,A,7,39,A,7,974,A,7,200,A,7,7.7,A,7,12900,B,7,7620,A,7,2.4,E,8,0.000,F,8,0.00,?,0,0,1,D,9,00,C,8
05/26/1985,16:00,984,1331,516,1,9,289,1,9,303,1,13,563,1,9,312,1,9,332,1,13,927,1,18,9,A,7,8,A,7,28.3,A,7,13.9,A,7,41,A,7,973,A,7,210,A,7,6.7,A,7,12900,B,7,3050,A,7,2.4,E,8,0.000,F,8,0.00,?,0,0,1,D,9,00,C,8
05/26/1985,17:00,800,1331,327,1,9,123,1,9,253,1,13,358,1,9,129,1,9,281,1,13,684,1,18,9,A,7,8,A,7,28.3,A,7,13.9,A,7,41,A,7,972,A,7,230,A,7,7.2,A,7,12900,B,7,3050,A,7,2.4,E,8,0.000,F,8,0.00,?,0,0,1,D,9,00,C,8
05/26/1985,18:00,584,1331,161,1,9,41,1,9,143,1,13,177,1,9,40,1,9,160,1,13,430,1,18,10,A,7,10,A,7,27.8,A,7,13.3,A,7,41,A,7,972,A,7,210,A,7,4.1,A,7,12900,B,7,3050,A,7,2.3,E,8,0.000,F,8,0.00,?,0,0,1,D,9,00,C,8
05/26/1985,19:00,350,1331,88,1,9,6,1,9,87,1,13,100,1,9,3,1,9,99,1,13,317,1,18,10,A,7,10,A,7,26.7,A,7,15.0,A,7,49,A,7,971,A,7,200,A,7,5.2,A,7,12900,B,7,3050,A,7,2.6,E,8,0.000,F,8,0.00,?,0,0,1,D,9,00,C,8
05/26/1985,20:00,118,1331,25,1,13,2,1,9,25,1,13,28,1,13,0,1,9,28,1,13,86,1,21,10,A,7,10,A,7,20.0,A,7,15.6,A,7,76,A,7,973,A,7,320,A,7,3.6,A,7,12900,B,7,3050,A,7,2.7,E,8,0.000,F,8,0.00,?,0,0,1,D,9,00,C,8
05/26/1985,21:00,0,78,0,1,0,0,1,0,0,1,0,0,1,1,0,1,2,0,1,2,0,1,1,10,A,7,10,A,7,20.6,A,7,16.1,A,7,76,A,7,974,A,7,310,A,7,4.1,A,7,12900,B,7,1520,A,7,2.8,E,8,0.000,?,0,0.00,?,0,0,1,D,9,00,C,8
05/26/1985,22:00,0,0,0,1,0,0,1,0,0,1,0,0,1,0,0,1,0,0,1,0,0,1,0,10,A,7,10,A,7,19.4,A,7,15.6,A,7,78,A,7,974,A,7,200,A,7,3.1,A,7,12900,B,7,1370,A,7,2.6,E,8,0.000,?,0,0.00,?,0,0,1,D,9,80,C,8
05/26/1985,23:00,0,0,0,1,0,0,1,0,0,1,0,0,1,0,0,1,0,0,1,0,0,1,0,10,A,7,10,A,7,19.4,A,7,15.6,A,7,78,A,7,974,A,7,230,A,7,5.2,A,7,12900,B,7,1370,A,7,2.6,E,8,0.000,?,0,0.00,?,0,0,1,D,9,80,C,8
05/26/1985,24:00,0,0,0,1,0,0,1,0,0,1,0,0,1,0,0,1,0,0,1,0,0,1,0,10,A,7,10,A,7,17.8,A,7,15.6,A,7,87,A,7,975,A,7,210,A,7,4.6,A,7,4800,B,7,1370,A,7,2.7,E,8,0.000,?,0,0.00,?,0,0,1,D,9,80,C,8
05/27/1985,01:00,0,0,0,1,0,0,1,0,0,1,0,0,1,0,0,1,0,0,1,0,0,1,0,10,A,7,10,A,7,17.2,A,7,16.7,A,7,97,A,7,974,A,7,180,A,7,4.6,A,7,9700,B,7,1370,A,7,2.8,E,8,0.000,?,0,0.00,?,0,28,1,D,9,95,C,8
05/27/1985,02:00,0,0,0,1,0,0,1,0,0,1,0,0,1,0,0,1,0,0,1,0,0,1,0,10,A,7,10,A,7,17.2,A,7,16.7,A,7,97,A,7,974,A,7,250,A,7,2.6,A,7,9700,B,7,980,A,7,2.8,E,8,0.000,?,0,0.00,?,0,8,1,D,9,80,C,8
05/27/1985,03:00,0,0,0,1,0,0,1,0,0,1,0,0,1,0,0,1,0,0,1,0,0,1,0,10,A,7,10,A,7,16.7,A,7,16.1,A,7,97,A,7,975,A,7,220,A,7,2.6,A,7,4800,B,7,120,A,7,2.8,E,8,0.000,?,0,0.00,?,0,18,1,D,9,80,C,8
05/27/1985,04:00,0,0,0,1,0,0,1,0,0,1,0,0,1,0,0,1,0,0,1,0,0,1,0,10,A,7,10,A,7,16.7,A,7,15.6,A,7,93,A,7,974,A,7,240,A,7,2.1,A,7,9700,B,7,1220,A,7,2.7,E,8,0.000,?,0,0.00,?,0,0,1,D,9,45,C,8
05/27/1985,05:00,0,0,0,1,0,0,1,0,0,1,0,0,1,0,0,1,0,0,1,0,0,1,0,10,A,7,10,A,7,17.2,A,7,15.6,A,7,90,A,7,974,A,7,220,A,7,2.6,A,7,8000,B,7,3050,A,7,2.7,E,8,0.000,?,0,0.00,?,0,0,1,D,9,45,C,8
05/27/1985,06:00,81,1164,13,1,13,1,1,9,13,1,13,15,1,13,0,1,9,15,1,13,48,1,21,10,A,7,10,A,7,16.7,A,7,15.0,A,7,90,A,7,975,A,7,200,A,7,3.1,A,7,8000,B,7,3050,A,7,2.6,E,8,0.000,F,8,0.00,?,0,0,1,D,9,45,C,8
05/27/1985,07:00,309,1331,61,1,13,1,1,9,60,1,13,69,1,13,0,1,9,69,1,13,228,1,21,10,A,7,10,A,7,17.8,A,7,16.1,A,7,90,A,7,976,A,7,230,A,7,3.6,A,7,8000,B,7,3050,A,7,2.8,E,8,0.000,F,8,0.00,?,0,0,1,D,9,45,C,8
05/27/1985,08:00,544,1331,176,1,9,1,1,9,176,1,13,198,1,9,1,1,9,197,1,13,643,1,18,10,A,7,10,A,7,18.3,A,7,16.7,A,7,90,A,7,977,A,7,290,A,7,3.6,A,7,8000,B,7,520,A,7,2.8,E,8,0.000,F,8,0.00,?,0,0,1,D,9,45,C,8
05/27/1985,09:00,764,1331,240,1,9,3,1,9,238,1,13,274,1,9,3,1,9,272,1,13,971,1,18,10,A,7,10,A,7,17.8,A,7,16.1,A,7,90,A,7,977,A,7,290,A,7,2.6,A,7,6400,B,7,310,A,7,2.8,E,8,0.000,F,8,0.00,?,0,0,1,D,9,45,C,8
05/27/1985,10:00,955,1331,289,1,9,0,1,9,289,1,13,336,1,9,0,1,9,336,1,13,1264,1,18,10,A,7,10,A,7,17.8,A,7,16.1,A,7,90,A,7,977,A,7,350,A,7,3.1,A,7,6400,B,7,180,A,7,2.8,E,8,0.000,F,8,0.00,?,0,0,1,D,9,45,C,8
05/27/1985,11:00,1104,1331,351,1,9,0,1,9,351,1,13,410,1,9,0,1,9,410,1,13,1543,1,18,10,A,7,10,A,7,17.8,A,7,16.1,A,7,90,A,7,978,A,7,20,A,7,5.2,A,7,6400,B,7,90,A,7,2.8,E,8,0.000,F,8,0.00,?,0,0,1,D,9,45,C,8
05/27/1985,12:00,1199,1331,461,1,9,0,1,9,461,1,13,535,1,9,0,1,9,535,1,13,1890,1,18,10,A,7,10,A,7,17.8,A,7,16.1,A,7,90,A,7,978,A,7,40,A,7,6.2,A,7,6400,B,7,90,A,7,2.8,E,8,0.000,F,8,0.00,?,0,0,1,D,9,45,C,8
05/27/1985,13:00,1236,1331,286,1,9,1,1,9,285,1,13,346,1,9,1,1,9,345,1,13,1363,1,18,10,A,7,10,A,7,18.3,A,7,16.1,A,7,87,A,7,980,A,7,10,A,7,3.1,A,7,1600,B,7,120,A,7,2.8,E,8,0.000,F,8,0.00,?,0,33,1,D,9,45,C,8
05/27/1985,14:00,1211,1331,273,1,9,1,1,9,273,1,13,331,1,9,1,1,9,331,1,13,1312,1,18,10,A,7,10,A,7,18.9,A,7,17.2,A,7,90,A,7,978,A,7,30,A,7,7.7,A,7,4000,B,7,120,A,7,2.9,E,8,0.000,F,8,0.00,?,0,15,1,D,9,45,C,8
05/27/1985,15:00,1125,1331,252,1,9,1,1,9,251,1,13,303,1,9,1,1,9,302,1,13,1209,1,18,10,A,7,10,A,7,12.2,A,7,11.7,A,7,96,A,7,978,A,7,30,A,7,4.6,A,7,4000,B,7,210,A,7,2.1,E,8,0.000,F,8,0.00,?,0,25,1,D,9,45,C,8
05/27/1985,16:00,986,1331,225,1,9,1,1,9,224,1,13,267,1,9,1,1,9,267,1,13,1062,1,18,10,A,7,10,A,7,12.8,A,7,11.7,A,7,93,A,7,978,A,7,50,A,7,5.7,A,7,4800,B,7,180,A,7,2.1,E,8,0.000,F,8,0.00,?,0,18,1,D,9,45,C,8
05/27/1985,17:00,802,1331,177,1,9,1,1,9,176,1,13,208,1,9,1,1,9,207,1,13,800,1,18,10,A,7,10,A,7,12.8,A,7,11.7,A,7,93,A,7,979,A,7,40,A,7,6.7,A,7,4800,B,7,180,A,7,2.1,E,8,0.000,F,8,0.00,?,0,8,1,D,9,45,C,8
05/27/1985,18:00,586,1331,200,1,9,1,1,9,200,1,13,224,1,9,1,1,9,224,1,13,730,1,18,10,A,7,10,A,7,12.2,A,7,11.1,A,7,93,A,7,979,A,7,50,A,7,6.2,A,7,6400,B,7,180,A,7,2.0,E,8,0.000,F,8,0.00,?,0,0,1,D,9,45,C,8
05/27/1985,19:00,353,1331,97,1,9,0,1,9,97,1,13,109,1,9,0,1,9,109,1,13,342,1,18,10,A,7,10,A,7,12.2,A,7,11.1,A,7,93,A,7,978,A,7,40,A,7,6.7,A,7,8000,B,7,240,A,7,2.0,E,8,0.000,F,8,0.00,?,0,0,1,D,9,45,C,8
05/27/1985,20:00,121,1331,30,1,13,0,1,9,30,1,13,33,1,13,0,1,9,33,1,13,98,1,21,10,A,7,10,A,7,11.7,A,7,10.0,A,7,90,A,7,978,A,7,40,A,7,4.6,A,7,8000,B,7,340,A,7,1.9,E,8,0.000,F,8,0.00,?,0,0,1,D,9,45,C,8
05/27/1985,21:00,0,100,0,1,0,0,1,0,0,1,0,0,1,1,0,1,2,0,1,2,0,1,1,10,A,7,10,A,7,11.1,A,7,8.9,A,7,86,A,7,979,A,7,50,A,7,4.6,A,7,12900,B,7,760,A,7,1.8,E,8,0.000,?,0,0.00,?,0,0,1,D,9,45,C,8
05/27/1985,22:00,0,0,0,1,0,0,1,0,0,1,0,0,1,0,0,1,0,0,1,0,0,1,0,10,A,7,10,A,7,11.1,A,7,8.9,A,7,86,A,7,980,A,7,50,A,7,3.6,A,7,16100,B,7,850,A,7,1.8,E,8,0.000,?,0,0.00,?,0,0,1,D,9,00,C,8
05/27/1985,23:00,0,0,0,1,0,0,1,0,0,1,0,0,1,0,0,1,0,0,1,0,0,1,0,10,A,7,10,A,7,11.1,A,7,8.9,A,7,86,A,7,981,A,7,40,A,7,2.6,A,7,16100,B,7,910,A,7,1.8,E,8,0.000,?,0,0.00,?,0,0,1,D,9,00,C,8
05/27/1985,24:00,0,0,0,1,0,0,1,0,0,1,0,0,1,0,0,1,0,0,1,0,0,1,0,10,A,7,10,A,7,11.1,A,7,8.9,A,7,86,A,7,981,A,7,10,A,7,2.1,A,7,16100,B,7,980,A,7,1.8,E,8,0.000,?,0,0.00,?,0,0,1,D,9,00,C,8
05/28/1985,01:00,0,0,0,1,0,0,1,0,0,1,0,0,1,0,0,1,0,0,1,0,0,1,0,10,A,7,10,A,7,11.1,A,7,8.3,A,7,83,A,7,981,A,7,10,A,7,2.1,A,7,16100,B,7,1220,A,7,1.7,E,8,0.000,?,0,0.00,?,0,0,1,D,9,00,C,8
05/28/1985,02:00,0,0,0,1,0,0,1,0,0,1,0,0,1,0,0,1,0,0,1,0,0,1,0,8,A,7,8,A,7,11.1,A,7,8.9,A,7,86,A,7,981,A,7,10,A,7,3.6,A,7,16100,B,7,1520,A,7,1.8,E,8,0.000,?,0,0.00,?,0,0,1,D,9,00,C,8
05/28/1985,03:00,0,0,0,1,0,0,1,0,0,1,0,0,1,0,0,1,0,0,1,0,0,1,0,5,A,7,5,A,7,11.1,A,7,7.2,A,7,77,A,7,981,A,7,30,A,7,5.7,A,7,24100,B,7,77777,A,7,1.6,E,8,0.000,?,0,0.00,?,0,0,1,D,9,00,C,8
05/28/1985,04:00,0,0,0,1,0,0,1,0,0,1,0,0,1,0,0,1,0,0,1,0,0,1,0,0,A,7,0,A,7,9.4,A,7,5.6,A,7,77,A,7,981,A,7,20,A,7,4.6,A,7,24100,B,7,77777,A,7,1.5,E,8,0.000,?,0,0.00,?,0,0,1,D,9,00,C,8
05/28/1985,05:00,0,0,0,1,0,0,1,0,0,1,0,0,1,0,0,1,0,0,1,0,0,1,0,0,A,7,0,A,7,8.3,A,7,4.4,A,7,77,A,7,982,A,7,10,A,7,3.6,A,7,24100,B,7,77777,A,7,1.4,E,8,0.000,?,0,0.00,?,0,0,1,D,9,00,C,8
05/28/1985,06:00,83,1186,30,1,13,93,1,9,22,1,13,31,1,13,36,1,9,28,1,13,39,1,21,0,A,7,0,A,7,7.8,A,7,5.0,A,7,83,A,7,982,A,7,20,A,7,3.6,A,7,24100,B,7,77777,A,7,1.4,E,8,0.000,F,8,0.00,?,0,0,1,D,9,00,C,8
05/28/1985,07:00,311,1330,158,1,13,448,1,9,54,1,13,164,1,13,365,1,9,79,1,13,100,1,21,0,A,7,0,A,7,9.4,A,7,5.0,A,7,74,A,7,983,A,7,20,A,7,3.6,A,7,24100,B,7,77777,A,7,1.4,E,8,0.000,F,8,0.00,?,0,0,1,D,9,00,C,8
05/28/1985,08:00,545,1330,347,1,9,650,1,9,81,1,13,367,1,9,624,1,9,111,1,13,165,1,18,0,A,7,0,A,7,11.7,A,7,5.6,A,7,66,A,7,983,A,7,20,A,7,4.6,A,7,24100,B,7,77777,A,7,1.5,E,8,0.000,F,8,0.00,?,0,0,1,D,9,00,C,8
05/28/1985,09:00,765,1330,535,1,9,743,1,9,107,1,13,558,1,9,736,1,9,134,1,13,236,1,18,1,A,7,0,A,7,13.9,A,7,7.2,A,7,64,A,7,984,A,7,30,A,7,6.2,A,7,24100,B,7,77777,A,7,1.6,E,8,0.000,F,8,0.00,?,0,0,1,D,9,00,C,8
05/28/1985,10:00,956,1330,709,1,9,791,1,9,140,1,13,741,1,9,792,1,9,170,1,13,375,1,18,3,A,7,0,A,7,15.6,A,7,8.3,A,7,62,A,7,984,A,7,20,A,7,4.1,A,7,24100,B,7,77777,A,7,1.7,E,8,0.000,F,8,0.00,?,0,0,1,D,9,00,C,8
05/28/1985,11:00,1105,1330,839,1,9,841,1,9,139,1,13,895,1,9,852,1,9,186,1,13,526,1,18,1,A,7,0,A,7,17.8,A,7,8.3,A,7,54,A,7,984,A,7,20,A,7,6.2,A,7,24100,B,7,77777,A,7,1.7,E,8,0.000,F,8,0.00,?,0,0,1,D,9,00,C,8
05/28/1985,12:00,1200,1330,929,1,9,870,1,9,143,1,13,952,1,9,871,1,9,164,1,13,587,1,18,0,A,7,0,A,7,18.3,A,7,8.3,A,7,52,A,7,985,A,7,40,A,7,6.7,A,7,24100,B,7,77777,A,7,1.7,E,8,0.000,F,8,0.00,?,0,0,1,D,9,00,C,8
05/28/1985,13:00,1237,1330,931,1,9,787,1,9,198,1,13,972,1,9,790,1,9,236,1,13,1156,1,18,2,A,7,2,A,7,19.4,A,7,6.1,A,7,42,A,7,984,A,7,20,A,7,7.2,A,7,24100,B,7,77777,A,7,1.5,E,8,0.000,F,8,0.00,?,0,0,1,D,9,00,C,8
05/28/1985,14:00,1212,1330,642,1,13,327,1,13,344,1,13,714,1,13,356,1,13,388,1,13,1777,1,23,7,A,7,7,A,7,19.4,A,7,5.0,A,7,39,A,7,985,A,7,40,A,7,6.2,A,7,24100,B,7,1220,A,7,1.4,E,8,0.000,F,8,0.00,?,0,0,1,D,9,00,C,8
05/28/1985,15:00,1127,1330,626,1,13,341,1,13,337,1,13,690,1,13,371,1,13,375,1,13,1351,1,23,6,A,7,6,A,7,19.4,A,7,5.0,A,7,39,A,7,985,A,7,40,A,7,6.2,A,7,24100,B,7,1220,A,7,1.4,E,8,0.000,F,8,0.00,?,0,0,1,D,9,00,C,8
05/28/1985,16:00,988,1330,689,1,13,686,1,13,180,1,13,732,1,13,698,1,13,213,1,13,553,1,23,4,A,7,3,A,7,18.9,A,7,7.2,A,7,47,A,7,985,A,7,40,A,7,6.2,A,7,24100,B,7,77777,A,7,1.6,E,8,0.000,F,8,0.00,?,0,0,1,D,9,00,C,8
05/28/1985,17:00,804,1330,535,1,9,693,1,9,117,1,13,574,1,9,703,1,9,148,1,13,286,1,18,4,A,7,1,A,7,17.8,A,7,7.8,A,7,52,A,7,985,A,7,50,A,7,7.2,A,7,24100,B,7,77777,A,7,1.7,E,8,0.000,F,8,0.00,?,0,0,1,D,9,00,C,8
05/28/1985,18:00,588,1330,382,1,9,674,1,9,85,1,13,406,1,9,657,1,9,115,1,13,177,1,18,0,A,7,0,A,7,16.7,A,7,6.1,A,7,50,A,7,985,A,7,30,A,7,6.2,A,7,24100,B,7,77777,A,7,1.5,E,8,0.000,F,8,0.00,?,0,0,1,D,9,00,C,8
05/28/1985,19:00,356,1330,189,1,9,494,1,9,59,1,13,199,1,9,422,1,9,86,1,13,111,1,18,0,A,7,0,A,7,14.4,A,7,3.9,A,7,49,A,7,985,A,7,40,A,7,7.2,A,7,24100,B,7,77777,A,7,1.3,E,8,0.000,F,8,0.00,?,0,0,1,D,9,00,C,8
05/28/1985,20:00,124,1330,40,1,13,153,1,9,26,1,13,42,1,13,75,1,9,35,1,13,46,1,21,0,A,7,0,A,7,11.7,A,7,2.8,A,7,55,A,7,986,A,7,50,A,7,5.2,A,7,24100,B,7,77777,A,7,1.3,E,8,0.000,F,8,0.00,?,0,0,1,D,9,00,C,8
05/28/1985,21:00,1,122,0,1,0,0,1,0,0,1,0,0,1,1,0,1,2,0,1,2,0,1,1,0,A,7,0,A,7,9.4,A,7,3.3,A,7,66,A,7,986,A,7,30,A,7,4.1,A,7,24100,B,7,77777,A,7,1.3,E,8,0.000,?,0,0.00,?,0,0,1,D,9,00,C,8
05/28/1985,22:00,0,0,0,1,0,0,1,0,0,1,0,0,1,0,0,1,0,0,1,0,0,1,0,0,A,7,0,A,7,8.3,A,7,2.2,A,7,66,A,7,987,A,7,40,A,7,3.1,A,7,24100,B,7,77777,A,7,1.2,E,8,0.000,?,0,0.00,?,0,0,1,D,9,00,C,8
05/28/1985,23:00,0,0,0,1,0,0,1,0,0,1,0,0,1,0,0,1,0,0,1,0,0,1,0,0,A,7,0,A,7,6.7,A,7,2.8,A,7,77,A,7,986,A,7,60,A,7,2.1,A,7,24100,B,7,77777,A,7,1.3,E,8,0.000,?,0,0.00,?,0,0,1,D,9,00,C,8
05/28/1985,24:00,0,0,0,1,0,0,1,0,0,1,0,0,1,0,0,1,0,0,1,0,0,1,0,2,A,7,1,A,7,6.1,A,7,2.8,A,7,80,A,7,986,A,7,60,A,7,3.1,A,7,24100,B,7,77777,A,7,1.3,E,8,0.000,?,0,0.00,?,0,0,1,D,9,00,C,8
05/29/1985,01:00,0,0,0,1,0,0,1,0,0,1,0,0,1,0,0,1,0,0,1,0,0,1,0,0,A,7,0,A,7,5.6,A,7,3.3,A,7,86,A,7,986,A,7,70,A,7,2.1,A,7,24100,B,7,77777,A,7,1.3,E,8,0.000,?,0,0.00,?,0,0,1,D,9,00,C,8
05/29/1985,02:00,0,0,0,1,0,0,1,0,0,1,0,0,1,0,0,1,0,0,1,0,0,1,0,0,A,7,0,A,7,3.9,A,7,1.7,A,7,86,A,7,986,A,7,60,A,7,1.5,A,7,24100,B,7,77777,A,7,1.2,E,8,0.000,?,0,0.00,?,0,0,1,D,9,00,C,8
05/29/1985,03:00,0,0,0,1,0,0,1,0,0,1,0,0,1,0,0,1,0,0,1,0,0,1,0,0,A,7,0,A,7,2.2,A,7,1.1,A,7,93,A,7,986,A,7,280,A,7,2.1,A,7,24100,B,7,77777,A,7,1.1,E,8,0.000,?,0,0.00,?,0,0,1,D,9,00,C,8
05/29/1985,04:00,0,0,0,1,0,0,1,0,0,1,0,0,1,0,0,1,0,0,1,0,0,1,0,0,A,7,0,A,7,2.2,A,7,1.1,A,7,93,A,7,986,A,7,0,A,7,0.0,A,7,24100,B,7,77777,A,7,1.1,E,8,0.000,?,0,0.00,?,0,0,1,D,9,00,C,8
05/29/1985,05:00,0,0,0,1,0,0,1,0,0,1,0,0,1,0,0,1,0,0,1,0,0,1,0,0,A,7,0,A,7,1.7,A,7,1.1,A,7,96,A,7,986,A,7,0,A,7,0.0,A,7,24100,B,7,77777,A,7,1.1,E,8,0.000,?,0,0.00,?,0,0,1,D,9,00,C,8
05/29/1985,06:00,85,1208,27,1,13,90,1,9,19,1,13,28,1,13,39,1,9,25,1,13,33,1,21,2,A,7,1,A,7,2.2,A,7,1.1,A,7,93,A,7,987,A,7,0,A,7,0.0,A,7,24100,B,7,77777,A,7,1.1,E,8,0.000,F,8,0.00,?,0,0,1,D,9,00,C,8
05/29/1985,07:00,312,1330,149,1,13,291,1,13,81,1,13,155,1,13,234,1,13,100,1,13,150,1,23,7,A,7,3,A,7,6.7,A,7,4.4,A,7,86,A,7,987,A,7,60,A,7,2.6,A,7,24100,B,7,77777,A,7,1.4,E,8,0.000,F,8,0.00,?,0,0,1,D,9,00,C,8
05/29/1985,08:00,546,1330,241,1,13,215,1,13,153,1,13,258,1,13,214,1,13,170,1,13,320,1,23,8,A,7,4,A,7,8.3,A,7,4.4,A,7,77,A,7,987,A,7,80,A,7,2.1,A,7,24100,B,7,77777,A,7,1.4,E,8,0.000,F,8,0.00,?,0,0,1,D,9,00,C,8
05/29/1985,09:00,766,1330,502,1,9,624,1,9,142,1,13,527,1,9,624,1,9,167,1,13,325,1,18,5,A,7,2,A,7,12.2,A,7,6.1,A,7,67,A,7,987,A,7,0,A,7,0.0,A,7,24100,B,7,77777,A,7,1.5,E,8,0.000,F,8,0.00,?,0,0,1,D,9,00,C,8
05/29/1985,10:00,957,1330,664,1,9,693,1,9,165,1,13,707,1,9,706,1,9,197,1,13,484,1,18,5,A,7,2,A,7,15.6,A,7,7.2,A,7,58,A,7,987,A,7,190,A,7,1.5,A,7,24100,B,7,77777,A,7,1.6,E,8,0.000,F,8,0.00,?,0,0,1,D,9,00,C,8
05/29/1985,11:00,1105,1330,779,1,9,739,1,9,165,1,13,817,1,9,743,1,9,198,1,13,601,1,18,5,A,7,2,A,7,17.2,A,7,5.6,A,7,46,A,7,987,A,7,180,A,7,1.5,A,7,24100,B,7,77777,A,7,1.5,E,8,0.000,F,8,0.00,?,0,0,1,D,9,00,C,8
05/29/1985,12:00,1201,1330,877,1,9,802,1,9,152,1,13,939,1,9,813,1,9,203,1,13,787,1,18,4,A,7,1,A,7,18.3,A,7,3.9,A,7,39,A,7,986,A,7,210,A,7,2.1,A,7,24100,B,7,77777,A,7,1.4,E,8,0.000,F,8,0.00,?,0,0,1,D,9,00,C,8
05/29/1985,13:00,1238,1330,934,1,9,839,1,9,152,1,13,955,1,9,840,1,9,171,1,13,735,1,18,5,A,7,1,A,7,19.4,A,7,1.7,A,7,31,A,7,986,A,7,0,A,7,0.0,A,7,24100,B,7,77777,A,7,1.2,E,8,0.000,F,8,0.00,?,0,0,1,D,9,00,C,8
05/29/1985,14:00,1213,1330,607,1,13,361,1,13,277,1,13,666,1,13,379,1,13,320,1,13,1595,1,23,8,A,7,3,A,7,20.0,A,7,1.7,A,7,30,A,7,985,A,7,170,A,7,4.6,A,7,24100,B,7,77777,A,7,1.2,E,8,0.000,F,8,0.00,?,0,0,1,D,9,00,C,8
05/29/1985,15:00,1128,1330,802,1,13,710,1,13,200,1,13,859,1,13,727,1,13,241,1,13,849,1,23,8,A,7,3,A,7,21.1,A,7,4.4,A,7,34,A,7,984,A,7,180,A,7,3.1,A,7,24100,B,7,77777,A,7,1.4,E,8,0.000,F,8,0.00,?,0,0,1,D,9,00,C,8
05/29/1985,16:00,989,1330,645,1,9,528,1,9,254,1,13,694,1,9,549,1,9,285,1,13,785,1,18,9,A,7,2,A,7,21.7,A,7,5.0,A,7,34,A,7,983,A,7,220,A,7,4.1,A,7,24100,B,7,77777,A,7,1.4,E,8,0.000,F,8,0.00,?,0,0,1,D,9,00,C,8
05/29/1985,17:00,806,1330,518,1,9,578,1,9,169,1,13,541,1,9,577,1,9,191,1,13,394,1,18,8,A,7,2,A,7,21.1,A,7,6.7,A,7,39,A,7,983,A,7,170,A,7,3.6,A,7,24100,B,7,77777,A,7,1.6,E,8,0.000,F,8,0.00,?,0,0,1,D,9,00,C,8
05/29/1985,18:00,591,1330,360,1,9,527,1,9,128,1,13,388,1,9,518,1,9,157,1,13,254,1,18,7,A,7,2,A,7,21.1,A,7,7.2,A,7,41,A,7,981,A,7,160,A,7,5.2,A,7,24100,B,7,77777,A,7,1.6,E,8,0.000,F,8,0.00,?,0,0,1,D,9,00,C,8
05/29/1985,19:00,358,1330,178,1,9,391,1,9,74,1,13,191,1,9,333,1,9,101,1,13,134,1,18,7,A,7,2,A,7,20.0,A,7,7.2,A,7,44,A,7,981,A,7,160,A,7,6.2,A,7,24100,B,7,77777,A,7,1.6,E,8,0.000,F,8,0.00,?,0,0,1,D,9,00,C,8
05/29/1985,20:00,127,1330,29,1,13,29,1,13,26,1,13,32,1,13,16,1,13,30,1,13,54,1,23,9,A,7,7,A,7,18.3,A,7,8.3,A,7,52,A,7,981,A,7,160,A,7,5.2,A,7,24100,B,7,3050,A,7,1.7,E,8,0.000,F,8,0.00,?,0,0,1,D,9,00,C,8
05/29/1985,21:00,1,122,0,1,13,0,1,9,0,1,13,0,1,13,0,1,9,0,1,13,0,1,21,8,A,7,8,A,7,16.7,A,7,8.9,A,7,60,A,7,982,A,7,150,A,7,5.2,A,7,16100,B,7,3050,A,7,1.8,E,8,0.000,F,8,0.00,?,0,0,1,D,9,00,C,8
05/29/1985,22:00,0,0,0,1,0,0,1,0,0,1,0,0,1,0,0,1,0,0,1,0,0,1,0,7,A,7,7,A,7,15.6,A,7,7.8,A,7,60,A,7,982,A,7,150,A,7,4.1,A,7,16100,B,7,2130,A,7,1.7,E,8,0.000,?,0,0.00,?,0,0,1,D,9,00,C,8
05/29/1985,23:00,0,0,0,1,0,0,1,0,0,1,0,0,1,0,0,1,0,0,1,0,0,1,0,8,A,7,8,A,7,14.4,A,7,5.6,A,7,56,A,7,981,A,7,150,A,7,5.2,A,7,16100,B,7,2440,A,7,1.5,E,8,0.000,?,0,0.00,?,0,0,1,D,9,00,C,8
05/29/1985,24:00,0,0,0,1,0,0,1,0,0,1,0,0,1,0,0,1,0,0,1,0,0,1,0,4,A,7,4,A,7,13.3,A,7,5.6,A,7,60,A,7,981,A,7,150,A,7,4.6,A,7,16100,B,7,77777,A,7,1.5,E,8,0.000,?,0,0.00,?,0,0,1,D,9,00,C,8
05/30/1985,01:00,0,0,0,1,0,0,1,0,0,1,0,0,1,0,0,1,0,0,1,0,0,1,0,3,A,7,3,A,7,11.7,A,7,6.1,A,7,69,A,7,980,A,7,160,A,7,4.6,A,7,16100,B,7,77777,A,7,1.5,E,8,0.000,?,0,0.00,?,0,0,1,D,9,00,C,8
05/30/1985,02:00,0,0,0,1,0,0,1,0,0,1,0,0,1,0,0,1,0,0,1,0,0,1,0,5,A,7,5,A,7,11.7,A,7,7.2,A,7,74,A,7,979,A,7,150,A,7,4.6,A,7,16100,B,7,77777,A,7,1.6,E,8,0.000,?,0,0.00,?,0,0,1,D,9,00,C,8
05/30/1985,03:00,0,0,0,1,0,0,1,0,0,1,0,0,1,0,0,1,0,0,1,0,0,1,0,3,A,7,3,A,7,11.7,A,7,7.2,A,7,74,A,7,978,A,7,160,A,7,4.1,A,7,16100,B,7,77777,A,7,1.6,E,8,0.000,?,0,0.00,?,0,0,1,D,9,00,C,8
05/30/1985,04:00,0,0,0,1,0,0,1,0,0,1,0,0,1,0,0,1,0,0,1,0,0,1,0,6,A,7,3,A,7,12.2,A,7,7.2,A,7,72,A,7,978,A,7,150,A,7,5.2,A,7,24100,B,7,77777,A,7,1.6,E,8,0.000,?,0,0.00,?,0,0,1,D,9,00,C,8
05/30/1985,05:00,0,0,0,1,0,0,1,0,0,1,0,0,1,0,0,1,0,0,1,0,0,1,0,10,A,7,8,A,7,12.2,A,7,7.8,A,7,75,A,7,978,A,7,150,A,7,5.2,A,7,16100,B,7,7620,A,7,1.7,E,8,0.000,?,0,0.00,?,0,0,1,D,9,00,C,8
05/30/1985,06:00,86,1207,14,1,13,8,1,9,13,1,13,15,1,13,5,1,9,15,1,13,34,1,21,9,A,7,8,A,7,13.9,A,7,10.0,A,7,78,A,7,977,A,7,160,A,7,5.2,A,7,16100,B,7,7620,A,7,1.9,E,8,0.000,F,8,0.00,?,0,0,1,D,9,00,C,8
05/30/1985,07:00,314,1329,95,1,13,26,1,9,89,1,13,104,1,13,22,1,9,99,1,13,226,1,21,10,A,7,9,A,7,15.6,A,7,12.2,A,7,81,A,7,977,A,7,180,A,7,5.7,A,7,11300,B,7,1220,A,7,2.2,E,8,0.000,F,8,0.00,?,0,0,1,D,9,00,C,8
05/30/1985,08:00,548,1329,130,1,9,46,1,9,111,1,13,143,1,9,44,1,9,125,1,13,337,1,18,8,A,7,8,A,7,17.8,A,7,14.4,A,7,81,A,7,977,A,7,180,A,7,5.2,A,7,11300,B,7,3050,A,7,2.5,E,8,0.000,F,8,0.00,?,0,0,1,D,9,00,C,8
05/30/1985,09:00,767,1329,330,1,13,286,1,13,164,1,13,364,1,13,304,1,13,189,1,13,374,1,23,3,A,7,3,A,7,20.0,A,7,15.6,A,7,76,A,7,976,A,7,210,A,7,6.2,A,7,8000,B,7,77777,A,7,2.7,E,8,0.000,F,8,0.00,?,0,0,1,D,9,00,C,8
05/30/1985,10:00,958,1329,672,1,9,769,1,9,117,1,13,716,1,9,777,1,9,155,1,13,334,1,18,0,A,7,0,A,7,22.2,A,7,17.2,A,7,73,A,7,975,A,7,220,A,7,7.7,A,7,8000,B,7,77777,A,7,2.9,E,8,0.000,F,8,0.00,?,0,0,1,D,9,05,C,8
05/30/1985,11:00,1106,1329,749,1,13,644,1,13,212,1,13,795,1,13,656,1,13,248,1,13,842,1,23,3,A,7,3,A,7,23.3,A,7,18.3,A,7,74,A,7,975,A,7,230,A,7,5.7,A,7,8000,B,7,77777,A,7,3.1,E,8,0.000,F,8,0.00,?,0,0,1,D,9,05,C,8
05/30/1985,12:00,1202,1329,644,1,9,226,1,9,440,1,13,709,1,9,241,1,9,490,1,13,2133,1,18,9,A,7,9,A,7,23.9,A,7,18.9,A,7,74,A,7,975,A,7,230,A,7,7.2,A,7,6400,B,7,3050,A,7,3.3,E,8,0.000,F,8,0.00,?,0,0,1,D,9,05,C,8
05/30/1985,13:00,1239,1329,515,1,9,95,1,9,425,1,13,568,1,9,98,1,9,476,1,13,2243,1,18,9,A,7,9,A,7,23.9,A,7,19.4,A,7,76,A,7,975,A,7,220,A,7,6.2,A,7,4800,B,7,3050,A,7,3.3,E,8,0.000,F,8,0.00,?,0,0,1,D,9,05,C,8
05/30/1985,14:00,1214,1329,553,1,9,64,1,9,494,1,13,609,1,9,66,1,9,549,1,13,2396,1,18,9,A,7,9,A,7,23.9,A,7,19.4,A,7,76,A,7,975,A,7,260,A,7,5.7,A,7,4800,B,7,3050,A,7,3.3,E,8,0.000,F,8,0.00,?,0,0,1,D,9,05,C,8
05/30/1985,15:00,1129,1329,267,1,9,1,1,9,266,1,13,320,1,9,1,1,9,319,1,13,1267,1,18,10,A,7,10,A,7,25.0,A,7,19.4,A,7,71,A,7,974,A,7,240,A,7,6.2,A,7,6400,B,7,640,A,7,3.3,E,8,0.000,F,8,0.00,?,0,0,1,D,9,05,C,8
05/30/1985,16:00,991,1329,289,1,9,9,1,9,282,1,13,338,1,9,8,1,9,332,1,13,1266,1,18,10,A,7,10,A,7,25.0,A,7,19.4,A,7,71,A,7,974,A,7,250,A,7,6.2,A,7,6400,B,7,640,A,7,3.3,E,8,0.000,F,8,0.00,?,0,0,1,D,9,05,C,8
05/30/1985,17:00,808,1329,249,1,9,8,1,9,244,1,13,286,1,9,7,1,9,282,1,13,1022,1,18,10,A,7,10,A,7,24.4,A,7,18.9,A,7,71,A,7,973,A,7,250,A,7,5.2,A,7,6400,B,7,3050,A,7,3.2,E,8,0.000,F,8,0.00,?,0,0,1,D,9,05,C,8
05/30/1985,18:00,593,1329,145,1,9,1,1,9,144,1,13,166,1,9,1,1,9,166,1,13,591,1,18,10,A,7,10,A,7,23.9,A,7,19.4,A,7,76,A,7,973,A,7,200,A,7,5.2,A,7,4800,B,7,2740,A,7,3.3,E,8,0.000,F,8,0.00,?,0,0,1,D,9,05,C,8
05/30/1985,19:00,361,1329,42,1,9,5,1,9,41,1,13,51,1,9,2,1,9,50,1,13,174,1,18,10,A,7,10,A,7,21.7,A,7,19.4,A,7,87,A,7,974,A,7,190,A,7,3.6,A,7,4000,B,7,610,A,7,3.3,E,8,0.000,F,8,0.00,?,0,5,1,D,9,05,C,8
05/30/1985,20:00,129,1329,25,1,13,2,1,9,25,1,13,29,1,13,0,1,9,29,1,13,88,1,21,10,A,7,10,A,7,21.1,A,7,20.0,A,7,93,A,7,974,A,7,130,A,7,1.5,A,7,3200,B,7,2740,A,7,3.4,E,8,0.000,F,8,0.00,?,0,0,1,D,9,05,C,8
05/30/1985,21:00,1,144,0,1,13,0,1,9,0,1,13,0,1,13,0,1,9,0,1,13,0,1,21,8,A,7,8,A,7,20.0,A,7,19.4,A,7,97,A,7,973,A,7,150,A,7,2.6,A,7,3200,B,7,2440,A,7,3.4,E,8,0.000,F,8,0.00,?,0,0,1,D,9,45,C,8
05/30/1985,22:00,0,0,0,1,0,0,1,0,0,1,0,0,1,0,0,1,0,0,1,0,0,1,0,9,A,7,9,A,7,19.4,A,7,18.9,A,7,97,A,7,973,A,7,130,A,7,1.5,A,7,4800,B,7,2440,A,7,3.2,E,8,0.000,?,0,0.00,?,0,0,1,D,9,45,C,8
05/30/1985,23:00,0,0,0,1,0,0,1,0,0,1,0,0,1,0,0,1,0,0,1,0,0,1,0,6,A,7,6,A,7,19.4,A,7,18.9,A,7,97,A,7,972,A,7,140,A,7,3.1,A,7,4800,B,7,2740,A,7,3.2,E,8,0.000,?,0,0.00,?,0,0,1,D,9,45,C,8
05/30/1985,24:00,0,0,0,1,0,0,1,0,0,1,0,0,1,0,0,1,0,0,1,0,0,1,0,9,A,7,9,A,7,20.6,A,7,20.0,A,7,97,A,7,971,A,7,170,A,7,4.1,A,7,4800,B,7,2440,A,7,3.5,E,8,0.000,?,0,0.00,?,0,0,1,D,9,45,C,8
05/31/1985,01:00,0,0,0,1,0,0,1,0,0,1,0,0,1,0,0,1,0,0,1,0,0,1,0,10,A,7,10,A,7,21.1,A,7,20.0,A,7,93,A,7,970,A,7,170,A,7,3.6,A,7,4800,B,7,2440,A,7,3.4,E,8,0.000,?,0,0.00,?,0,0,1,D,9,45,C,8
05/31/1985,02:00,0,0,0,1,0,0,1,0,0,1,0,0,1,0,0,1,0,0,1,0,0,1,0,10,A,7,10,A,7,21.1,A,7,17.8,A,7,81,A,7,969,A,7,190,A,7,2.6,A,7,4800,B,7,1220,A,7,3.0,E,8,0.000,?,0,0.00,?,0,0,1,D,9,45,C,8
05/31/1985,03:00,0,0,0,1,0,0,1,0,0,1,0,0,1,0,0,1,0,0,1,0,0,1,0,10,A,7,10,A,7,18.3,A,7,15.0,A,7,81,A,7,968,A,7,260,A,7,2.6,A,7,11300,B,7,460,A,7,2.6,E,8,0.000,?,0,0.00,?,0,38,1,D,9,45,C,8
05/31/1985,04:00,0,0,0,1,0,0,1,0,0,1,0,0,1,0,0,1,0,0,1,0,0,1,0,10,A,7,10,A,7,18.9,A,7,17.2,A,7,90,A,7,967,A,7,130,A,7,3.6,A,7,11300,B,7,550,A,7,2.9,E,8,0.000,?,0,0.00,?,0,0,1,D,9,95,C,8
05/31/1985,05:00,0,0,0,1,0,0,1,0,0,1,0,0,1,0,0,1,0,0,1,0,0,1,0,10,A,7,10,A,7,18.9,A,7,16.7,A,7,87,A,7,968,A,7,150,A,7,4.1,A,7,9700,B,7,460,A,7,2.8,E,8,0.000,?,0,0.00,?,0,0,1,D,9,45,C,8
05/31/1985,06:00,88,1229,20,1,13,3,1,9,20,1,13,23,1,13,0,1,9,23,1,13,70,1,21,10,A,7,10,A,7,20.0,A,7,18.3,A,7,90,A,7,967,A,7,190,A,7,4.6,A,7,3200,B,7,460,A,7,3.1,E,8,0.000,F,8,0.00,?,0,0,1,D,9,45,C,8
05/31/1985,07:00,315,1329,73,1,13,8,1,9,71,1,13,83,1,13,3,1,9,82,1,13,261,1,21,10,A,7,10,A,7,22.2,A,7,21.1,A,7,94,A,7,966,A,7,210,A,7,7.2,A,7,3200,B,7,520,A,7,3.7,E,8,0.000,F,8,0.00,?,0,0,1,D,9,45,C,8
05/31/1985,08:00,549,1329,137,1,9,2,1,9,136,1,13,157,1,9,1,1,9,156,1,13,544,1,18,10,A,7,10,A,7,23.3,A,7,21.7,A,7,90,A,7,966,A,7,240,A,7,8.2,A,7,4800,B,7,520,A,7,3.8,E,8,0.000,F,8,0.00,?,0,0,1,D,9,45,C,8
05/31/1985,09:00,768,1329,495,1,13,583,1,13,158,1,13,516,1,13,580,1,13,180,1,13,356,1,23,4,A,7,4,A,7,24.4,A,7,21.1,A,7,82,A,7,966,A,7,220,A,7,11.8,A,7,9700,B,7,77777,A,7,3.7,E,8,0.000,F,8,0.00,?,0,0,1,D,9,45,C,8
05/31/1985,10:00,959,1329,634,1,13,608,1,13,195,1,13,667,1,13,615,1,13,222,1,13,563,1,23,5,A,7,5,A,7,24.4,A,7,18.9,A,7,71,A,7,965,A,7,240,A,7,10.3,A,7,11300,B,7,77777,A,7,3.2,E,8,0.000,F,8,0.00,?,0,0,1,D,9,05,C,8
05/31/1985,11:00,1107,1329,787,1,9,851,1,9,77,1,13,822,1,9,854,1,9,109,1,13,294,1,18,1,A,7,1,A,7,26.1,A,7,13.9,A,7,47,A,7,964,A,7,250,A,7,12.9,A,7,12900,B,7,77777,A,7,2.4,E,8,0.000,F,8,0.00,?,0,0,1,D,9,00,C,8
05/31/1985,12:00,1202,1329,942,1,9,926,1,9,103,1,13,975,1,9,930,1,9,132,1,13,484,1,18,0,A,7,0,A,7,26.1,A,7,7.8,A,7,31,A,7,964,A,7,240,A,7,13.9,A,7,16100,B,7,77777,A,7,1.6,E,8,0.000,F,8,0.00,?,0,0,1,D,9,00,C,8
05/31/1985,13:00,1239,1329,899,1,9,826,1,9,128,1,13,925,1,9,828,1,9,150,1,13,667,1,18,1,A,7,1,A,7,26.1,A,7,6.1,A,7,28,A,7,965,A,7,260,A,7,18.0,A,7,16100,B,7,77777,A,7,1.5,E,8,0.000,F,8,0.00,?,0,0,1,D,9,00,C,8
05/31/1985,14:00,1215,1329,940,1,9,914,1,9,104,1,13,973,1,9,918,1,9,133,1,13,512,1,18,0,A,7,0,A,7,26.1,A,7,8.3,A,7,33,A,7,964,A,7,250,A,7,17.0,A,7,16100,B,7,77777,A,7,1.7,E,8,0.000,F,8,0.00,?,0,0,1,D,9,00,C,8
05/31/1985,15:00,1130,1329,878,1,9,915,1,9,99,1,13,911,1,9,918,1,9,128,1,13,370,1,18,0,A,7,0,A,7,26.1,A,7,7.2,A,7,30,A,7,964,A,7,270,A,7,18.0,A,7,11300,B,7,77777,A,7,1.6,E,8,0.000,F,8,0.00,?,0,0,1,D,9,00,C,8
05/31/1985,16:00,992,1329,722,1,13,757,1,13,158,1,13,776,1,13,775,1,13,196,1,13,497,1,23,5,A,7,5,A,7,26.1,A,7,8.3,A,7,33,A,7,964,A,7,260,A,7,16.5,A,7,4800,B,7,77777,A,7,1.7,E,8,0.000,F,8,0.00,?,0,0,1,D,9,00,C,8
05/31/1985,17:00,810,1329,543,1,9,716,1,9,108,1,13,572,1,9,714,1,9,136,1,13,252,1,18,2,A,7,2,A,7,22.8,A,7,10.0,A,7,45,A,7,965,A,7,270,A,7,18.5,A,7,6400,B,7,77777,A,7,1.9,E,8,0.000,F,8,0.00,?,0,0,1,D,9,07,C,8
05/31/1985,18:00,595,1329,172,1,9,6,1,9,170,1,13,196,1,9,5,1,9,194,1,13,666,1,18,10,A,7,10,A,7,21.1,A,7,11.1,A,7,53,A,7,966,A,7,280,A,7,17.0,A,7,8000,B,7,1070,A,7,2.0,E,8,0.000,F,8,0.00,?,0,0,1,D,9,07,C,8
05/31/1985,19:00,363,1329,169,1,13,266,1,13,97,1,13,180,1,13,231,1,13,117,1,13,189,1,23,7,A,7,6,A,7,17.8,A,7,11.7,A,7,68,A,7,969,A,7,280,A,7,11.8,A,7,16100,B,7,910,A,7,2.1,E,8,0.000,F,8,0.00,?,0,0,1,D,9,07,C,8
05/31/1985,20:00,132,1329,44,1,13,199,1,9,25,1,13,46,1,13,111,1,9,35,1,13,45,1,21,2,A,7,2,A,7,16.7,A,7,9.4,A,7,63,A,7,971,A,7,280,A,7,11.3,A,7,24100,B,7,77777,A,7,1.9,E,8,0.000,F,8,0.00,?,0,0,1,D,9,00,C,8
05/31/1985,21:00,1,166,1,1,13,3,1,9,0,1,13,0,1,13,0,1,9,0,1,13,0,1,21,2,A,7,2,A,7,15.6,A,7,9.4,A,7,67,A,7,971,A,7,290,A,7,8.8,A,7,24100,B,7,77777,A,7,1.8,E,8,0.000,F,8,0.00,?,0,0,1,D,9,00,C,8
05/31/1985,22:00,0,0,0,1,0,0,1,0,0,1,0,0,1,0,0,1,0,0,1,0,0,1,0,5,A,7,5,A,7,14.9,A,7,9.1,A,7,70,A,7,972,A,7,270,A,7,8.1,A,7,24100,B,7,77777,A,7,1.9,E,8,0.000,?,0,0.00,?,0,0,1,D,9,00,C,8
05/31/1985,23:00,0,0,0,1,0,0,1,0,0,1,0,0,1,0,0,1,0,0,1,0,0,1,0,4,A,7,4,A,7,14.2,A,7,8.8,A,7,72,A,7,973,A,7,280,A,7,7.5,A,7,24100,B,7,77777,A,7,1.9,E,8,0.000,?,0,0.00,?,0,0,1,D,9,00,C,8
05/31/1985,24:00,0,0,0,1,0,0,1,0,0,1,0,0,1,0,0,1,0,0,1,0,0,1,0,5,A,7,5,A,7,13.5,A,7,8.5,A,7,62,A,7,974,A,7,280,A,7,6.8,A,7,24100,B,7,77777,A,7,1.7,E,8,0.000,?,0,0.00,?,0,0,1,D,9,00,C,8
06/01/1994,01:00,0,0,0,1,0,0,1,0,0,1,0,0,1,0,0,1,0,0,1,0,0,1,0,0,A,7,0,A,7,12.7,A,7,8.1,A,7,72,A,7,981,A,7,280,A,7,6.1,A,7,16000,B,7,77777,A,7,2.4,E,8,0.000,F,8,0.00,F,8,0,1,D,9,00,C,8
06/01/1994,02:00,0,0,0,1,0,0,1,0,0,1,0,0,1,0,0,1,0,0,1,0,0,1,0,0,A,7,0,A,7,12.0,A,7,7.8,A,7,72,A,7,981,A,7,290,A,7,5.4,A,7,16000,B,7,77777,A,7,2.3,E,8,0.000,F,8,0.00,F,8,0,1,D,9,00,C,8
06/01/1994,03:00,0,0,0,1,0,0,1,0,0,1,0,0,1,0,0,1,0,0,1,0,0,1,0,0,A,7,0,A,7,11.3,A,7,7.5,A,7,80,A,7,981,A,7,270,A,7,4.8,A,7,16000,B,7,77777,A,7,2.3,E,8,0.000,F,8,0.00,F,8,0,1,D,9,00,C,8
06/01/1994,04:00,0,0,0,1,0,0,1,0,0,1,0,0,1,0,0,1,0,0,1,0,0,1,0,0,A,7,0,A,7,10.6,A,7,7.2,A,7,79,A,7,981,A,7,270,A,7,4.1,A,7,16000,B,7,77777,A,7,2.2,E,8,0.000,F,8,0.00,F,8,0,1,D,9,00,C,8
06/01/1994,05:00,0,0,0,1,0,0,1,0,0,1,0,0,1,0,0,1,0,0,1,0,0,1,0,0,A,7,0,A,7,10.6,A,7,7.2,A,7,79,A,7,981,A,7,280,A,7,4.1,A,7,16000,B,7,77777,A,7,2.2,E,8,0.000,F,8,0.00,F,8,0,1,D,9,00,C,8
06/01/1994,06:00,89,1229,26,1,10,71,1,16,21,1,10,28,1,10,28,1,16,26,1,10,36,1,21,0,A,7,0,A,7,12.2,A,7,7.8,A,7,74,A,7,982,A,7,290,A,7,3.6,A,7,16000,B,7,77777,A,7,2.1,E,8,0.000,F,8,0.00,F,8,0,1,D,9,00,C,8
06/01/1994,07:00,316,1328,147,1,10,347,1,16,64,1,10,156,1,10,282,1,16,89,1,10,115,1,21,1,A,7,1,A,7,13.3,A,7,8.3,A,7,72,A,7,983,A,7,300,A,7,5.2,A,7,16000,B,7,77777,A,7,2.1,E,8,0.000,F,8,0.00,F,8,0,1,D,9,00,C,8
06/01/1994,08:00,550,1328,248,1,10,103,1,16,205,1,10,271,1,10,101,1,16,229,1,10,552,1,21,8,A,7,8,A,7,14.4,A,7,8.3,A,7,67,A,7,984,A,7,320,A,7,7.2,A,7,24000,B,7,701,A,7,2.1,E,8,0.000,F,8,0.00,F,8,0,1,D,9,00,C,8
06/01/1994,09:00,769,1328,488,1,10,500,1,16,198,1,10,517,1,10,510,1,16,221,1,10,455,1,21,5,A,7,5,A,7,13.3,A,7,6.7,A,7,64,A,7,985,A,7,340,A,7,6.2,A,7,24000,B,7,77777,A,7,2.1,E,8,0.000,F,8,0.00,F,8,0,1,D,9,00,C,8
06/01/1994,10:00,959,1328,666,1,10,701,1,16,159,1,10,710,1,10,716,1,16,193,1,10,471,1,21,1,A,7,1,A,7,14.4,A,7,5.0,A,7,53,A,7,985,A,7,310,A,7,6.7,A,7,24000,B,7,77777,A,7,2.0,E,8,0.000,F,8,0.00,F,8,0,1,D,9,00,C,8
06/01/1994,11:00,1107,1328,838,1,10,813,1,16,160,1,10,882,1,10,819,1,16,198,1,10,592,1,21,0,A,7,0,A,7,14.4,A,7,2.2,A,7,44,A,7,986,A,7,340,A,7,6.2,A,7,24000,B,7,77777,A,7,2.0,E,8,0.000,F,8,0.00,F,8,0,1,D,9,00,C,8
06/01/1994,12:00,1203,1328,926,1,10,836,1,16,169,1,10,981,1,10,844,1,16,215,1,10,870,1,21,0,A,7,0,A,7,15.6,A,7,0.6,A,7,36,A,7,985,A,7,310,A,7,7.2,A,7,16000,B,7,77777,A,7,2.0,E,8,0.000,F,8,0.00,F,8,0,1,D,9,00,C,8
06/01/1994,13:00,1240,1328,917,1,10,722,1,16,242,1,10,979,1,10,737,1,16,289,1,10,1567,1,21,4,A,7,0,A,7,16.1,A,7,1.1,A,7,36,A,7,985,A,7,340,A,7,8.8,A,7,16000,B,7,77777,A,7,2.0,E,8,0.000,F,8,0.00,F,8,0,1,D,9,00,C,8
06/01/1994,14:00,1215,1328,885,1,10,719,1,16,227,1,10,947,1,10,735,1,16,273,1,10,1313,1,21,4,A,7,1,A,7,17.8,A,7,2.2,A,7,35,A,7,985,A,7,320,A,7,4.6,A,7,16000,B,7,77777,A,7,1.9,E,8,0.000,F,8,0.00,F,8,0,1,D,9,00,C,8
06/01/1994,15:00,1131,1328,861,1,10,821,1,16,162,1,10,908,1,10,827,1,16,202,1,10,645,1,21,0,A,7,0,A,7,18.3,A,7,2.2,A,7,34,A,7,985,A,7,340,A,7,8.2,A,7,24000,B,7,77777,A,7,1.9,E,8,0.000,F,8,0.00,F,8,0,1,D,9,00,C,8
06/01/1994,16:00,993,1328,735,1,10,760,1,16,166,1,10,785,1,10,777,1,16,203,1,10,521,1,21,3,A,7,0,A,7,18.3,A,7,1.7,A,7,33,A,7,985,A,7,300,A,7,4.1,A,7,24000,B,7,77777,A,7,1.9,E,8,0.000,F,8,0.00,F,8,0,1,D,9,00,C,8
06/01/1994,17:00,811,1328,539,1,10,600,1,16,173,1,10,562,1,10,599,1,16,196,1,10,405,1,21,7,A,7,2,A,7,18.3,A,7,1.7,A,7,33,A,7,985,A,7,310,A,7,5.2,A,7,24000,B,7,77777,A,7,1.9,E,8,0.000,F,8,0.00,F,8,0,1,D,9,00,C,8
06/01/1994,18:00,597,1328,308,1,10,211,1,16,213,1,10,333,1,10,212,1,16,238,1,10,513,1,21,8,A,7,4,A,7,17.2,A,7,-2.8,A,7,25,A,7,985,A,7,320,A,7,6.7,A,7,24000,B,7,77777,A,7,1.8,E,8,0.000,F,8,0.00,F,8,0,1,D,9,00,C,8
06/01/1994,19:00,365,1328,133,1,10,224,1,16,71,1,10,142,1,10,193,1,16,89,1,10,128,1,21,9,A,7,6,A,7,15.0,A,7,-1.1,A,7,33,A,7,986,A,7,340,A,7,5.2,A,7,24000,B,7,7010,A,7,1.8,E,8,0.000,F,8,0.00,F,8,0,1,D,9,00,C,8
06/01/1994,20:00,134,1328,35,1,10,15,1,16,33,1,10,38,1,10,10,1,16,37,1,10,79,1,21,9,A,7,6,A,7,12.8,A,7,-1.1,A,7,38,A,7,987,A,7,330,A,7,4.1,A,7,24000,B,7,7010,A,7,1.8,E,8,0.000,F,8,0.00,F,8,0,1,D,9,00,C,8
06/01/1994,21:00,2,188,0,1,10,0,1,16,0,1,10,0,1,10,0,1,16,0,1,10,0,1,21,6,A,7,2,A,7,11.7,A,7,-3.3,A,7,34,A,7,988,A,7,350,A,7,4.1,A,7,24000,B,7,77777,A,7,1.8,E,8,0.000,F,8,0.00,F,8,0,1,D,9,00,C,8
06/01/1994,22:00,0,0,0,1,0,0,1,0,0,1,0,0,1,0,0,1,0,0,1,0,0,1,0,6,A,7,3,A,7,10.0,A,7,-2.8,A,7,39,A,7,988,A,7,340,A,7,4.1,A,7,24000,B,7,77777,A,7,1.7,E,8,0.000,F,8,0.00,F,8,0,1,D,9,00,C,8
06/01/1994,23:00,0,0,0,1,0,0,1,0,0,1,0,0,1,0,0,1,0,0,1,0,0,1,0,0,A,7,0,A,7,8.3,A,7,-3.9,A,7,40,A,7,988,A,7,330,A,7,3.6,A,7,24000,B,7,77777,A,7,1.7,E,8,0.000,F,8,0.00,F,8,0,1,D,9,00,C,8
06/01/1994,24:00,0,0,0,1,0,0,1,0,0,1,0,0,1,0,0,1,0,0,1,0,0,1,0,0,A,7,0,A,7,7.8,A,7,-4.4,A,7,40,A,7,988,A,7,330,A,7,4.1,A,7,24000,B,7,77777,A,7,1.7,E,8,0.000,F,8,0.00,F,8,0,1,D,9,00,C,8
06/02/1994,01:00,0,0,0,1,0,0,1,0,0,1,0,0,1,0,0,1,0,0,1,0,0,1,0,1,A,7,1,A,7,6.1,A,7,-3.9,A,7,47,A,7,988,A,7,320,A,7,3.6,A,7,24000,B,7,77777,A,7,1.7,E,8,0.000,F,8,0.00,F,8,0,1,D,9,00,C,8
06/02/1994,02:00,0,0,0,1,0,0,1,0,0,1,0,0,1,0,0,1,0,0,1,0,0,1,0,6,A,7,1,A,7,4.4,A,7,-2.2,A,7,61,A,7,988,A,7,320,A,7,3.1,A,7,24000,B,7,77777,A,7,1.7,E,8,0.000,F,8,0.00,F,8,0,1,D,9,00,C,8
06/02/1994,03:00,0,0,0,1,0,0,1,0,0,1,0,0,1,0,0,1,0,0,1,0,0,1,0,1,A,7,0,A,7,4.4,A,7,-1.7,A,7,63,A,7,988,A,7,320,A,7,3.1,A,7,24000,B,7,77777,A,7,1.6,E,8,0.000,F,8,0.00,F,8,0,1,D,9,00,C,8
06/02/1994,04:00,0,0,0,1,0,0,1,0,0,1,0,0,1,0,0,1,0,0,1,0,0,1,0,0,A,7,0,A,7,4.4,A,7,-1.7,A,7,63,A,7,988,A,7,330,A,7,3.6,A,7,24000,B,7,77777,A,7,1.6,E,8,0.000,F,8,0.00,F,8,0,1,D,9,00,C,8
06/02/1994,05:00,0,0,0,1,0,0,1,0,0,1,0,0,1,0,0,1,0,0,1,0,0,1,0,0,A,7,0,A,7,4.4,A,7,-1.1,A,7,67,A,7,988,A,7,340,A,7,3.6,A,7,24000,B,7,77777,A,7,1.6,E,8,0.000,F,8,0.00,F,8,0,1,D,9,00,C,8
06/02/1994,06:00,90,1250,33,1,10,208,1,16,18,1,10,35,1,10,104,1,16,27,1,10,33,1,21,0,A,7,0,A,7,5.6,A,7,-0.6,A,7,64,A,7,989,A,7,320,A,7,3.1,A,7,24000,B,7,77777,A,7,1.6,E,8,0.000,F,8,0.00,F,8,0,1,D,9,00,C,8
06/02/1994,07:00,318,1328,142,1,10,304,1,16,69,1,10,150,1,10,247,1,16,91,1,10,125,1,21,8,A,7,1,A,7,8.9,A,7,0.6,A,7,56,A,7,990,A,7,330,A,7,4.1,A,7,19200,B,7,77777,A,7,1.5,E,8,0.000,F,8,0.00,F,8,0,1,D,9,00,C,8
06/02/1994,08:00,551,1328,350,1,10,699,1,16,60,1,10,372,1,10,672,1,16,93,1,10,132,1,21,1,A,7,1,A,7,11.1,A,7,0.6,A,7,48,A,7,990,A,7,340,A,7,4.6,A,7,24000,B,7,77777,A,7,1.5,E,8,0.000,F,8,0.00,F,8,0,1,D,9,00,C,8
06/02/1994,09:00,770,1328,519,1,10,617,1,16,162,1,10,541,1,10,613,1,16,185,1,10,365,1,21,3,A,7,3,A,7,13.3,A,7,1.1,A,7,43,A,7,991,A,7,340,A,7,4.6,A,7,24000,B,7,77777,A,7,1.6,E,8,0.000,F,8,0.00,F,8,0,1,D,9,00,C,8
06/02/1994,10:00,960,1328,671,1,10,805,1,16,89,1,10,699,1,10,804,1,16,117,1,10,243,1,21,1,A,7,1,A,7,15.0,A,7,1.1,A,7,39,A,7,991,A,7,350,A,7,5.2,A,7,24000,B,7,77777,A,7,1.6,E,8,0.000,F,8,0.00,F,8,0,1,D,9,00,C,8
06/02/1994,11:00,1108,1328,821,1,10,846,1,16,115,1,10,848,1,10,847,1,16,140,1,10,378,1,21,1,A,7,1,A,7,16.7,A,7,0.6,A,7,34,A,7,990,A,7,360,A,7,5.2,A,7,24000,B,7,77777,A,7,1.6,E,8,0.000,F,8,0.00,F,8,0,1,D,9,00,C,8
06/02/1994,12:00,1203,1328,853,1,10,818,1,16,111,1,10,881,1,10,821,1,16,136,1,10,513,1,21,1,A,7,1,A,7,17.8,A,7,1.1,A,7,32,A,7,990,A,7,350,A,7,5.2,A,7,24000,B,7,77777,A,7,1.6,E,8,0.000,F,8,0.00,F,8,0,1,D,9,00,C,8
06/02/1994,13:00,1240,1328,982,1,10,932,1,16,110,1,10,1014,1,10,936,1,16,138,1,10,605,1,21,0,A,7,0,A,7,18.3,A,7,2.8,A,7,36,A,7,990,A,7,340,A,7,4.1,A,7,24000,B,7,77777,A,7,1.6,E,8,0.000,F,8,0.00,F,8,0,1,D,9,00,C,8
06/02/1994,14:00,1216,1328,960,1,10,928,1,16,109,1,10,992,1,10,932,1,16,137,1,10,535,1,21,0,A,7,0,A,7,20.6,A,7,2.8,A,7,31,A,7,990,A,7,360,A,7,4.6,A,7,24000,B,7,77777,A,7,1.6,E,8,0.000,F,8,0.00,F,8,0,1,D,9,00,C,8
06/02/1994,15:00,1133,1328,884,1,10,914,1,16,104,1,10,916,1,10,916,1,16,132,1,10,385,1,21,0,A,7,0,A,7,21.1,A,7,2.2,A,7,29,A,7,989,A,7,10,A,7,5.2,A,7,24000,B,7,77777,A,7,1.6,E,8,0.000,F,8,0.00,F,8,0,1,D,9,00,C,8
06/02/1994,16:00,995,1328,760,1,10,886,1,16,95,1,10,789,1,10,886,1,16,124,1,10,266,1,21,0,A,7,0,A,7,20.6,A,7,1.7,A,7,28,A,7,989,A,7,350,A,7,5.2,A,7,24000,B,7,77777,A,7,1.6,E,8,0.000,F,8,0.00,F,8,0,1,D,9,00,C,8
06/02/1994,17:00,813,1328,596,1,10,839,1,16,82,1,10,622,1,10,831,1,16,112,1,10,192,1,21,0,A,7,0,A,7,21.7,A,7,2.2,A,7,28,A,7,989,A,7,30,A,7,5.2,A,7,24000,B,7,77777,A,7,1.7,E,8,0.000,F,8,0.00,F,8,0,1,D,9,00,C,8
06/02/1994,18:00,599,1328,408,1,10,759,1,16,66,1,10,435,1,10,739,1,16,101,1,10,146,1,21,0,A,7,0,A,7,20.6,A,7,2.2,A,7,30,A,7,989,A,7,10,A,7,4.1,A,7,24000,B,7,77777,A,7,1.7,E,8,0.000,F,8,0.00,F,8,0,1,D,9,00,C,8
06/02/1994,19:00,368,1328,214,1,10,598,1,16,48,1,10,221,1,10,524,1,16,76,1,10,97,1,21,1,A,7,0,A,7,19.4,A,7,4.4,A,7,37,A,7,990,A,7,330,A,7,2.1,A,7,24000,B,7,77777,A,7,1.7,E,8,0.000,F,8,0.00,F,8,0,1,D,9,00,C,8
06/02/1994,20:00,137,1328,56,1,10,283,1,16,27,1,10,57,1,10,160,1,16,41,1,10,48,1,21,2,A,7,0,A,7,17.2,A,7,4.4,A,7,43,A,7,990,A,7,350,A,7,2.1,A,7,24000,B,7,77777,A,7,1.7,E,8,0.000,F,8,0.00,F,8,0,1,D,9,00,C,8
06/02/1994,21:00,2,188,0,1,10,10,1,16,0,1,10,0,1,10,0,1,16,0,1,10,0,1,21,3,A,7,0,A,7,12.2,A,7,6.1,A,7,66,A,7,990,A,7,0,A,7,0.0,A,7,24000,B,7,77777,A,7,1.7,E,8,0.000,F,8,0.00,F,8,0,1,D,9,00,C,8
06/02/1994,22:00,0,0,0,1,0,0,1,0,0,1,0,0,1,0,0,1,0,0,1,0,0,1,0,0,A,7,0,A,7,9.4,A,7,6.1,A,7,80,A,7,991,A,7,0,A,7,0.0,A,7,24000,B,7,77777,A,7,1.7,E,8,0.000,F,8,0.00,F,8,0,1,D,9,00,C,8
06/02/1994,23:00,0,0,0,1,0,0,1,0,0,1,0,0,1,0,0,1,0,0,1,0,0,1,0,0,A,7,0,A,7,8.9,A,7,5.6,A,7,80,A,7,991,A,7,50,A,7,3.1,A,7,24000,B,7,77777,A,7,1.7,E,8,0.000,F,8,0.00,F,8,0,1,D,9,00,C,8
06/02/1994,24:00,0,0,0,1,0,0,1,0,0,1,0,0,1,0,0,1,0,0,1,0,0,1,0,0,A,7,0,A,7,10.0,A,7,6.1,A,7,77,A,7,991,A,7,100,A,7,3.6,A,7,24000,B,7,77777,A,7,1.7,E,8,0.000,F,8,0.00,F,8,0,1,D,9,00,C,8
06/03/1994,01:00,0,0,0,1,0,0,1,0,0,1,0,0,1,0,0,1,0,0,1,0,0,1,0,0,A,7,0,A,7,10.0,A,7,5.6,A,7,74,A,7,992,A,7,160,A,7,3.1,A,7,24000,B,7,77777,A,7,1.7,E,8,0.000,F,8,0.00,F,8,0,1,D,9,00,C,8
06/03/1994,02:00,0,0,0,1,0,0,1,0,0,1,0,0,1,0,0,1,0,0,1,0,0,1,0,0,A,7,0,A,7,7.2,A,7,4.4,A,7,82,A,7,992,A,7,0,A,7,0.0,A,7,24000,B,7,77777,A,7,1.8,E,8,0.000,F,8,0.00,F,8,0,1,D,9,00,C,8
06/03/1994,03:00,0,0,0,1,0,0,1,0,0,1,0,0,1,0,0,1,0,0,1,0,0,1,0,0,A,7,0,A,7,5.0,A,7,3.9,A,7,93,A,7,991,A,7,60,A,7,1.5,A,7,24000,B,7,77777,A,7,1.8,E,8,0.000,F,8,0.00,F,8,0,1,D,9,00,C,8
06/03/1994,04:00,0,0,0,1,0,0,1,0,0,1,0,0,1,0,0,1,0,0,1,0,0,1,0,0,A,7,0,A,7,5.6,A,7,4.4,A,7,92,A,7,992,A,7,70,A,7,1.5,A,7,24000,B,7,77777,A,7,1.8,E,8,0.000,F,8,0.00,F,8,0,1,D,9,00,C,8
06/03/1994,05:00,0,0,0,1,0,0,1,0,0,1,0,0,1,0,0,1,0,0,1,0,0,1,0,0,A,7,0,A,7,4.4,A,7,3.9,A,7,97,A,7,992,A,7,0,A,7,0.0,A,7,24000,B,7,77777,A,7,1.8,E,8,0.000,F,8,0.00,F,8,0,1,D,9,00,C,8
06/03/1994,06:00,92,1250,28,1,10,105,1,16,21,1,10,31,1,10,46,1,16,27,1,10,37,1,21,0,A,7,0,A,7,5.0,A,7,3.9,A,7,93,A,7,993,A,7,40,A,7,1.5,A,7,16000,B,7,77777,A,7,1.8,E,8,0.000,F,8,0.00,F,8,0,1,D,9,00,C,8
06/03/1994,07:00,319,1328,164,1,10,444,1,16,57,1,10,169,1,10,365,1,16,81,1,10,105,1,21,0,A,7,0,A,7,12.8,A,7,7.8,A,7,72,A,7,993,A,7,0,A,7,0.0,A,7,16000,B,7,77777,A,7,1.8,E,8,0.000,F,8,0.00,F,8,0,1,D,9,00,C,8
06/03/1994,08:00,551,1328,348,1,10,588,1,16,104,1,10,362,1,10,560,1,16,129,1,10,205,1,21,5,A,7,0,A,7,15.6,A,7,6.1,A,7,53,A,7,993,A,7,170,A,7,2.6,A,7,16000,B,7,77777,A,7,1.8,E,8,0.000,F,8,0.00,F,8,0,1,D,9,00,C,8
06/03/1994,09:00,770,1328,542,1,10,700,1,16,136,1,10,572,1,10,702,1,16,164,1,10,315,1,21,5,A,7,0,A,7,17.8,A,7,5.6,A,7,45,A,7,993,A,7,190,A,7,3.1,A,7,16000,B,7,77777,A,7,1.8,E,8,0.000,F,8,0.00,F,8,0,1,D,9,00,C,8
06/03/1994,10:00,960,1328,696,1,10,740,1,16,160,1,10,742,1,10,755,1,16,195,1,10,475,1,21,5,A,7,0,A,7,18.9,A,7,5.0,A,7,40,A,7,993,A,7,160,A,7,3.6,A,7,16000,B,7,77777,A,7,1.8,E,8,0.000,F,8,0.00,F,8,0,1,D,9,00,C,8
06/03/1994,11:00,1108,1328,847,1,10,800,1,16,179,1,10,881,1,10,801,1,16,211,1,10,645,1,21,5,A,7,0,A,7,20.6,A,7,5.0,A,7,36,A,7,992,A,7,230,A,7,2.6,A,7,16000,B,7,77777,A,7,1.8,E,8,0.000,F,8,0.00,F,8,0,1,D,9,00,C,8
06/03/1994,12:00,1204,1328,748,1,10,564,1,16,236,1,10,797,1,10,575,1,16,274,1,10,1300,1,21,8,A,7,1,A,7,21.7,A,7,5.6,A,7,35,A,7,992,A,7,0,A,7,0.0,A,7,16000,B,7,77777,A,7,1.8,E,8,0.000,F,8,0.00,F,8,0,1,D,9,00,C,8
06/03/1994,13:00,1241,1328,844,1,10,697,1,16,193,1,10,917,1,10,718,1,16,244,1,10,1277,1,21,5,A,7,0,A,7,22.2,A,7,6.1,A,7,35,A,7,992,A,7,110,A,7,4.6,A,7,16000,B,7,77777,A,7,1.8,E,8,0.000,F,8,0.00,F,8,0,1,D,9,00,C,8
06/03/1994,14:00,1217,1328,818,1,10,696,1,16,180,1,10,862,1,10,701,1,16,218,1,10,980,1,21,4,A,7,0,A,7,22.8,A,7,6.7,A,7,35,A,7,991,A,7,160,A,7,2.1,A,7,16000,B,7,77777,A,7,1.9,E,8,0.000,F,8,0.00,F,8,0,1,D,9,00,C,8
06/03/1994,15:00,1134,1328,833,1,10,807,1,16,144,1,10,890,1,10,818,1,16,190,1,10,594,1,21,2,A,7,1,A,7,23.3,A,7,6.7,A,7,34,A,7,990,A,7,170,A,7,2.6,A,7,16000,B,7,77777,A,7,1.9,E,8,0.000,F,8,0.00,F,8,0,1,D,9,00,C,8
06/03/1994,16:00,996,1328,712,1,10,763,1,16,139,1,10,749,1,10,767,1,16,172,1,10,406,1,21,3,A,7,1,A,7,23.9,A,7,6.1,A,7,32,A,7,990,A,7,340,A,7,2.6,A,7,24000,B,7,77777,A,7,1.9,E,8,0.000,F,8,0.00,F,8,0,1,D,9,00,C,8
06/03/1994,17:00,815,1328,540,1,10,614,1,16,163,1,10,565,1,10,615,1,16,187,1,10,388,1,21,7,A,7,2,A,7,23.9,A,7,6.1,A,7,32,A,7,989,A,7,80,A,7,2.1,A,7,24000,B,7,77777,A,7,1.9,E,8,0.000,F,8,0.00,F,8,0,1,D,9,00,C,8
06/03/1994,18:00,601,1328,367,1,10,592,1,16,99,1,10,386,1,10,576,1,16,125,1,10,204,1,21,3,A,7,1,A,7,23.9,A,7,7.2,A,7,34,A,7,989,A,7,340,A,7,2.1,A,7,24000,B,7,77777,A,7,1.9,E,8,0.000,F,8,0.00,F,8,0,1,D,9,00,C,8
06/03/1994,19:00,370,1328,202,1,10,497,1,16,63,1,10,209,1,10,430,1,16,89,1,10,118,1,21,0,A,7,0,A,7,22.8,A,7,7.8,A,7,38,A,7,988,A,7,90,A,7,1.5,A,7,24000,B,7,77777,A,7,1.9,E,8,0.000,F,8,0.00,F,8,0,1,D,9,00,C,8
06/03/1994,20:00,139,1328,51,1,10,183,1,16,31,1,10,53,1,10,97,1,16,42,1,10,55,1,21,0,A,7,0,A,7,17.8,A,7,9.4,A,7,58,A,7,988,A,7,0,A,7,0.0,A,7,24000,B,7,77777,A,7,1.9,E,8,0.000,F,8,0.00,F,8,0,1,D,9,00,C,8
06/03/1994,21:00,2,210,0,1,10,2,1,16,0,1,10,0,1,10,0,1,16,0,1,10,0,1,21,0,A,7,0,A,7,13.3,A,7,8.9,A,7,75,A,7,988,A,7,0,A,7,0.0,A,7,24000,B,7,77777,A,7,1.9,E,8,0.000,F,8,0.00,F,8,0,1,D,9,00,C,8
06/03/1994,22:00,0,0,0,1,0,0,1,0,0,1,0,0,1,0,0,1,0,0,1,0,0,1,0,0,A,7,0,A,7,11.1,A,7,8.3,A,7,83,A,7,988,A,7,0,A,7,0.0,A,7,24000,B,7,77777,A,7,1.9,E,8,0.000,F,8,0.00,F,8,0,1,D,9,00,C,8
06/03/1994,23:00,0,0,0,1,0,0,1,0,0,1,0,0,1,0,0,1,0,0,1,0,0,1,0,0,A,7,0,A,7,10.6,A,7,7.8,A,7,83,A,7,988,A,7,310,A,7,1.5,A,7,24000,B,7,77777,A,7,1.9,E,8,0.000,F,8,0.00,F,8,0,1,D,9,00,C,8
06/03/1994,24:00,0,0,0,1,0,0,1,0,0,1,0,0,1,0,0,1,0,0,1,0,0,1,0,0,A,7,0,A,7,11.7,A,7,7.8,A,7,77,A,7,989,A,7,0,A,7,0.0,A,7,24000,B,7,77777,A,7,1.9,E,8,0.000,F,8,0.00,F,8,0,1,D,9,00,C,8
06/04/1994,01:00,0,0,0,1,0,0,1,0,0,1,0,0,1,0,0,1,0,0,1,0,0,1,0,5,A,7,0,A,7,8.3,A,7,7.2,A,7,93,A,7,988,A,7,140,A,7,1.5,A,7,24000,B,7,77777,A,7,1.9,E,8,0.000,F,8,0.00,F,8,0,1,D,9,00,C,8
06/04/1994,02:00,0,0,0,1,0,0,1,0,0,1,0,0,1,0,0,1,0,0,1,0,0,1,0,4,A,7,0,A,7,8.3,A,7,6.7,A,7,90,A,7,988,A,7,0,A,7,0.0,A,7,24000,B,7,77777,A,7,1.9,E,8,0.000,F,8,0.00,F,8,0,1,D,9,00,C,8
06/04/1994,03:00,0,0,0,1,0,0,1,0,0,1,0,0,1,0,0,1,0,0,1,0,0,1,0,0,A,7,0,A,7,7.2,A,7,6.7,A,7,97,A,7,988,A,7,0,A,7,0.0,A,7,24000,B,7,77777,A,7,1.9,E,8,0.000,F,8,0.00,F,8,0,1,D,9,00,C,8
06/04/1994,04:00,0,0,0,1,0,0,1,0,0,1,0,0,1,0,0,1,0,0,1,0,0,1,0,0,A,7,0,A,7,6.1,A,7,5.6,A,7,97,A,7,988,A,7,0,A,7,0.0,A,7,24000,B,7,77777,A,7,1.9,E,8,0.000,F,8,0.00,F,8,0,1,D,9,00,C,8
06/04/1994,05:00,0,0,0,1,0,0,1,0,0,1,0,0,1,0,0,1,0,0,1,0,0,1,0,0,A,7,0,A,7,6.1,A,7,5.6,A,7,97,A,7,988,A,7,0,A,7,0.0,A,7,24000,B,7,77777,A,7,1.9,E,8,0.000,F,8,0.00,F,8,0,1,D,9,00,C,8
06/04/1994,06:00,93,1250,27,1,10,67,1,16,22,1,10,29,1,10,27,1,16,27,1,10,38,1,21,0,A,7,0,A,7,7.8,A,7,6.7,A,7,93,A,7,989,A,7,0,A,7,0.0,A,7,19200,B,7,77777,A,7,1.9,E,8,0.000,F,8,0.00,F,8,0,1,D,9,00,C,8
06/04/1994,07:00,320,1327,157,1,10,356,1,16,71,1,10,165,1,10,290,1,16,95,1,10,129,1,21,3,A,7,0,A,7,13.9,A,7,10.6,A,7,80,A,7,989,A,7,280,A,7,2.1,A,7,19200,B,7,77777,A,7,2.0,E,8,0.000,F,8,0.00,F,8,0,1,D,9,00,C,8
06/04/1994,08:00,552,1327,334,1,10,532,1,16,113,1,10,345,1,10,505,1,16,135,1,10,219,1,21,4,A,7,0,A,7,18.3,A,7,8.9,A,7,54,A,7,989,A,7,180,A,7,2.1,A,7,16000,B,7,77777,A,7,2.0,E,8,0.000,F,8,0.00,F,8,0,1,D,9,00,C,8
06/04/1994,09:00,771,1327,531,1,10,660,1,16,148,1,10,557,1,10,659,1,16,173,1,10,339,1,21,4,A,7,0,A,7,20.6,A,7,8.9,A,7,47,A,7,989,A,7,190,A,7,3.1,A,7,16000,B,7,77777,A,7,2.0,E,8,0.000,F,8,0.00,F,8,0,1,D,9,00,C,8
06/04/1994,10:00,961,1327,662,1,10,673,1,16,175,1,10,702,1,10,684,1,16,206,1,10,515,1,21,4,A,7,0,A,7,22.2,A,7,8.9,A,7,43,A,7,988,A,7,220,A,7,5.2,A,7,16000,B,7,77777,A,7,2.0,E,8,0.000,F,8,0.00,F,8,0,1,D,9,00,C,8
06/04/1994,11:00,1109,1327,793,1,10,721,1,16,191,1,10,850,1,10,739,1,16,232,1,10,774,1,21,4,A,7,1,A,7,23.3,A,7,8.3,A,7,38,A,7,988,A,7,180,A,7,3.1,A,7,16000,B,7,77777,A,7,2.0,E,8,0.000,F,8,0.00,F,8,0,1,D,9,00,C,8
06/04/1994,12:00,1204,1327,894,1,10,758,1,16,206,1,10,963,1,10,778,1,16,255,1,10,1148,1,21,4,A,7,0,A,7,24.4,A,7,9.4,A,7,39,A,7,988,A,7,210,A,7,6.2,A,7,16000,B,7,77777,A,7,2.0,E,8,0.000,F,8,0.00,F,8,0,1,D,9,00,C,8
06/04/1994,13:00,1242,1327,927,1,10,562,1,16,401,1,10,985,1,10,586,1,16,435,1,10,2715,1,21,4,A,7,4,A,7,24.4,A,7,8.9,A,7,37,A,7,987,A,7,200,A,7,4.1,A,7,16000,B,7,77777,A,7,2.0,E,8,0.000,F,8,0.00,F,8,0,1,D,9,00,C,8
06/04/1994,14:00,1218,1327,898,1,10,647,1,16,304,1,10,941,1,10,651,1,16,343,1,10,1751,1,21,4,A,7,4,A,7,26.1,A,7,8.9,A,7,34,A,7,986,A,7,260,A,7,4.6,A,7,16000,B,7,77777,A,7,2.0,E,8,0.000,F,8,0.00,F,8,0,1,D,9,00,C,8
06/04/1994,15:00,1135,1327,759,1,10,642,1,16,210,1,10,810,1,10,656,1,16,248,1,10,912,1,21,4,A,7,4,A,7,26.1,A,7,8.3,A,7,32,A,7,986,A,7,170,A,7,3.6,A,7,16000,B,7,77777,A,7,2.0,E,8,0.000,F,8,0.00,F,8,0,1,D,9,00,C,8
06/04/1994,16:00,998,1327,613,1,10,516,1,16,225,1,10,667,1,10,538,1,16,262,1,10,702,1,21,4,A,7,4,A,7,26.1,A,7,7.8,A,7,31,A,7,985,A,7,190,A,7,2.1,A,7,16000,B,7,77777,A,7,2.0,E,8,0.000,F,8,0.00,F,8,0,1,D,9,00,C,8
06/04/1994,17:00,816,1327,565,1,10,613,1,16,188,1,10,585,1,10,609,1,16,210,1,10,437,1,21,3,A,7,3,A,7,26.1,A,7,8.3,A,7,32,A,7,985,A,7,240,A,7,5.2,A,7,19200,B,7,77777,A,7,2.0,E,8,0.000,F,8,0.00,F,8,0,1,D,9,00,C,8
06/04/1994,18:00,603,1327,383,1,10,611,1,16,105,1,10,401,1,10,594,1,16,131,1,10,215,1,21,0,A,7,0,A,7,25.6,A,7,8.9,A,7,35,A,7,984,A,7,260,A,7,3.1,A,7,19200,B,7,77777,A,7,2.0,E,8,0.000,F,8,0.00,F,8,0,1,D,9,00,C,8
06/04/1994,19:00,372,1327,194,1,10,434,1,16,72,1,10,199,1,10,374,1,16,94,1,10,132,1,21,0,A,7,0,A,7,23.9,A,7,8.3,A,7,37,A,7,984,A,7,280,A,7,3.6,A,7,19200,B,7,77777,A,7,2.0,E,8,0.000,F,8,0.00,F,8,0,1,D,9,00,C,8
06/04/1994,20:00,142,1327,48,1,10,133,1,16,34,1,10,51,1,10,67,1,16,44,1,10,61,1,21,0,A,7,0,A,7,20.6,A,7,8.9,A,7,47,A,7,984,A,7,320,A,7,3.1,A,7,19200,B,7,77777,A,7,2.0,E,8,0.000,F,8,0.00,F,8,0,1,D,9,00,C,8
06/04/1994,21:00,3,232,0,1,10,0,1,16,0,1,10,0,1,10,0,1,16,0,1,10,0,1,21,0,A,7,0,A,7,15.6,A,7,8.9,A,7,64,A,7,985,A,7,350,A,7,1.5,A,7,16000,B,7,77777,A,7,2.0,E,8,0.000,F,8,0.00,F,8,0,1,D,9,00,C,8
06/04/1994,22:00,0,0,0,1,0,0,1,0,0,1,0,0,1,0,0,1,0,0,1,0,0,1,0,0,A,7,0,A,7,13.3,A,7,8.9,A,7,75,A,7,985,A,7,290,A,7,1.5,A,7,16000,B,7,77777,A,7,2.0,E,8,0.000,F,8,0.00,F,8,0,1,D,9,00,C,8
06/04/1994,23:00,0,0,0,1,0,0,1,0,0,1,0,0,1,0,0,1,0,0,1,0,0,1,0,0,A,7,0,A,7,12.2,A,7,7.8,A,7,74,A,7,985,A,7,90,A,7,1.5,A,7,16000,B,7,77777,A,7,2.0,E,8,0.000,F,8,0.00,F,8,0,1,D,9,00,C,8
06/04/1994,24:00,0,0,0,1,0,0,1,0,0,1,0,0,1,0,0,1,0,0,1,0,0,1,0,0,A,7,0,A,7,11.1,A,7,7.2,A,7,77,A,7,985,A,7,0,A,7,0.0,A,7,24000,B,7,77777,A,7,2.0,E,8,0.000,F,8,0.00,F,8,0,1,D,9,00,C,8
06/05/1994,01:00,0,0,0,1,0,0,1,0,0,1,0,0,1,0,0,1,0,0,1,0,0,1,0,5,A,7,0,A,7,9.4,A,7,7.2,A,7,86,A,7,985,A,7,0,A,7,0.0,A,7,24000,B,7,77777,A,7,2.0,E,8,0.000,F,8,0.00,F,8,0,1,D,9,00,C,8
06/05/1994,02:00,0,0,0,1,0,0,1,0,0,1,0,0,1,0,0,1,0,0,1,0,0,1,0,5,A,7,0,A,7,8.3,A,7,6.7,A,7,90,A,7,985,A,7,0,A,7,0.0,A,7,24000,B,7,77777,A,7,2.0,E,8,0.000,F,8,0.00,F,8,0,1,D,9,00,C,8
06/05/1994,03:00,0,0,0,1,0,0,1,0,0,1,0,0,1,0,0,1,0,0,1,0,0,1,0,5,A,7,0,A,7,7.2,A,7,6.1,A,7,93,A,7,984,A,7,70,A,7,1.5,A,7,24000,B,7,77777,A,7,2.0,E,8,0.000,F,8,0.00,F,8,0,1,D,9,00,C,8
06/05/1994,04:00,0,0,0,1,0,0,1,0,0,1,0,0,1,0,0,1,0,0,1,0,0,1,0,0,A,7,0,A,7,8.3,A,7,6.7,A,7,90,A,7,984,A,7,80,A,7,2.1,A,7,24000,B,7,77777,A,7,2.0,E,8,0.000,F,8,0.00,F,8,0,1,D,9,00,C,8
06/05/1994,05:00,0,0,0,1,0,0,1,0,0,1,0,0,1,0,0,1,0,0,1,0,0,1,0,4,A,7,0,A,7,7.2,A,7,5.6,A,7,90,A,7,984,A,7,50,A,7,2.1,A,7,19200,B,7,77777,A,7,2.0,E,8,0.000,F,8,0.00,F,8,0,1,D,9,00,C,8
06/05/1994,06:00,94,1272,31,1,10,81,1,16,25,1,10,33,1,10,32,1,16,31,1,10,44,1,21,5,A,7,0,A,7,8.9,A,7,7.2,A,7,89,A,7,983,A,7,80,A,7,2.1,A,7,24000,B,7,77777,A,7,2.0,E,8,0.000,F,8,0.00,F,8,0,1,D,9,00,C,8
06/05/1994,07:00,321,1327,156,1,10,392,1,16,61,1,10,160,1,10,321,1,16,82,1,10,111,1,21,2,A,7,0,A,7,16.1,A,7,9.4,A,7,64,A,7,984,A,7,160,A,7,3.1,A,7,24000,B,7,77777,A,7,2.0,E,8,0.000,F,8,0.00,F,8,0,1,D,9,00,C,8
06/05/1994,08:00,553,1327,341,1,10,567,1,16,105,1,10,354,1,10,540,1,16,129,1,10,207,1,21,5,A,7,0,A,7,18.3,A,7,8.9,A,7,54,A,7,984,A,7,180,A,7,3.6,A,7,16000,B,7,77777,A,7,2.0,E,8,0.000,F,8,0.00,F,8,0,1,D,9,00,C,8
06/05/1994,09:00,771,1327,536,1,10,716,1,16,119,1,10,570,1,10,722,1,16,149,1,10,281,1,21,2,A,7,0,A,7,20.6,A,7,10.0,A,7,51,A,7,984,A,7,240,A,7,3.1,A,7,16000,B,7,77777,A,7,2.1,E,8,0.000,F,8,0.00,F,8,0,1,D,9,00,C,8
06/05/1994,10:00,961,1327,664,1,10,708,1,16,151,1,10,712,1,10,725,1,16,186,1,10,452,1,21,5,A,7,1,A,7,23.9,A,7,10.6,A,7,43,A,7,984,A,7,270,A,7,3.1,A,7,16000,B,7,77777,A,7,2.1,E,8,0.000,F,8,0.00,F,8,0,1,D,9,00,C,8
06/05/1994,11:00,1109,1327,699,1,10,468,1,16,308,1,10,749,1,10,489,1,16,340,1,10,1260,1,21,5,A,7,2,A,7,24.4,A,7,7.8,A,7,35,A,7,984,A,7,330,A,7,2.6,A,7,16000,B,7,77777,A,7,2.2,E,8,0.000,F,8,0.00,F,8,0,1,D,9,00,C,8
06/05/1994,12:00,1205,1327,853,1,10,604,1,16,305,1,10,894,1,10,607,1,16,341,1,10,1659,1,21,8,A,7,3,A,7,27.2,A,7,6.7,A,7,27,A,7,984,A,7,280,A,7,3.6,A,7,16000,B,7,77777,A,7,2.2,E,8,0.000,F,8,0.00,F,8,0,1,D,9,00,C,8
06/05/1994,13:00,1242,1327,877,1,10,714,1,16,208,1,10,947,1,10,734,1,16,258,1,10,1385,1,21,7,A,7,2,A,7,27.2,A,7,7.2,A,7,28,A,7,983,A,7,240,A,7,4.1,A,7,16000,B,7,77777,A,7,2.3,E,8,0.000,F,8,0.00,F,8,0,1,D,9,00,C,8
06/05/1994,14:00,1219,1327,933,1,10,765,1,16,231,1,10,999,1,10,782,1,16,279,1,10,1363,1,21,8,A,7,3,A,7,28.9,A,7,7.2,A,7,25,A,7,982,A,7,320,A,7,2.6,A,7,16000,B,7,77777,A,7,2.3,E,8,0.000,F,8,0.00,F,8,0,1,D,9,00,C,8
06/05/1994,15:00,1136,1327,797,1,10,643,1,16,246,1,10,841,1,10,652,1,16,282,1,10,1058,1,21,7,A,7,5,A,7,28.3,A,7,7.8,A,7,27,A,7,981,A,7,280,A,7,3.6,A,7,16000,B,7,7620,A,7,2.4,E,8,0.000,F,8,0.00,F,8,0,1,D,9,00,C,8
06/05/1994,16:00,999,1327,644,1,10,458,1,16,299,1,10,681,1,10,476,1,16,322,1,10,955,1,21,9,A,7,4,A,7,29.4,A,7,8.3,A,7,27,A,7,980,A,7,260,A,7,5.2,A,7,19200,B,7,77777,A,7,2.4,E,8,0.000,F,8,0.00,F,8,0,1,D,9,00,C,8
06/05/1994,17:00,818,1327,500,1,10,371,1,16,271,1,10,537,1,10,395,1,16,293,1,10,695,1,21,10,A,7,5,A,7,28.9,A,7,9.4,A,7,30,A,7,979,A,7,180,A,7,4.1,A,7,19200,B,7,77777,A,7,2.4,E,8,0.000,F,8,0.00,F,8,0,1,D,9,00,C,8
06/05/1994,18:00,605,1327,167,1,10,74,1,16,133,1,10,186,1,10,75,1,16,152,1,10,321,1,21,10,A,7,8,A,7,27.8,A,7,9.4,A,7,32,A,7,979,A,7,210,A,7,3.6,A,7,16000,B,7,6096,A,7,2.5,E,8,0.000,F,8,0.00,F,8,0,1,D,9,00,C,8
06/05/1994,19:00,374,1327,121,1,10,45,1,16,109,1,10,133,1,10,40,1,16,122,1,10,284,1,21,10,A,7,5,A,7,27.2,A,7,9.4,A,7,33,A,7,978,A,7,180,A,7,4.1,A,7,19200,B,7,77777,A,7,2.5,E,8,0.000,F,8,0.00,F,8,0,1,D,9,00,C,8
06/05/1994,20:00,144,1327,54,1,10,13,1,16,52,1,10,58,1,10,1,1,16,58,1,10,148,1,21,10,A,7,6,A,7,24.4,A,7,8.9,A,7,37,A,7,978,A,7,150,A,7,4.1,A,7,19200,B,7,4572,A,7,2.6,E,8,0.000,F,8,0.00,F,8,0,1,D,9,00,C,8
06/05/1994,21:00,3,254,0,1,10,0,1,16,0,1,10,0,1,10,0,1,16,0,1,10,0,1,21,10,A,7,10,A,7,22.8,A,7,9.4,A,7,42,A,7,977,A,7,130,A,7,4.6,A,7,19200,B,7,4267,A,7,2.6,E,8,0.000,F,8,0.00,F,8,0,1,D,9,00,C,8
06/05/1994,22:00,0,0,0,1,0,0,1,0,0,1,0,0,1,0,0,1,0,0,1,0,0,1,0,10,A,7,10,A,7,24.4,A,7,8.9,A,7,37,A,7,976,A,7,150,A,7,6.2,A,7,16000,B,7,4267,A,7,2.7,E,8,0.000,F,8,0.00,F,8,0,1,D,9,00,C,8
06/05/1994,23:00,0,0,0,1,0,0,1,0,0,1,0,0,1,0,0,1,0,0,1,0,0,1,0,10,A,7,10,A,7,23.3,A,7,10.0,A,7,43,A,7,977,A,7,160,A,7,3.6,A,7,11200,B,7,2286,A,7,2.7,E,8,0.000,F,8,0.00,F,8,0,1,D,9,00,C,8
06/05/1994,24:00,0,0,0,1,0,0,1,0,0,1,0,0,1,0,0,1,0,0,1,0,0,1,0,10,A,7,10,A,7,17.8,A,7,16.1,A,7,90,A,7,976,A,7,160,A,7,3.6,A,7,1600,B,7,1219,A,7,2.8,E,8,0.000,F,8,0.00,F,8,58,1,D,9,80,C,8
06/06/1994,01:00,0,0,0,1,0,0,1,0,0,1,0,0,1,0,0,1,0,0,1,0,0,1,0,10,A,7,10,A,7,17.8,A,7,16.7,A,7,93,A,7,976,A,7,200,A,7,3.6,A,7,6400,B,7,1067,A,7,2.8,E,8,0.000,F,8,0.00,F,8,38,1,D,9,81,C,8
06/06/1994,02:00,0,0,0,1,0,0,1,0,0,1,0,0,1,0,0,1,0,0,1,0,0,1,0,10,A,7,10,A,7,17.8,A,7,16.7,A,7,93,A,7,975,A,7,180,A,7,5.7,A,7,6400,B,7,2591,A,7,2.9,E,8,0.000,F,8,0.00,F,8,0,1,D,9,45,C,8
06/06/1994,03:00,0,0,0,1,0,0,1,0,0,1,0,0,1,0,0,1,0,0,1,0,0,1,0,8,A,7,8,A,7,17.8,A,7,17.2,A,7,96,A,7,974,A,7,180,A,7,4.1,A,7,6400,B,7,2591,A,7,2.9,E,8,0.000,F,8,0.00,F,8,0,1,D,9,45,C,8
06/06/1994,04:00,0,0,0,1,0,0,1,0,0,1,0,0,1,0,0,1,0,0,1,0,0,1,0,7,A,7,7,A,7,18.3,A,7,17.2,A,7,93,A,7,974,A,7,230,A,7,5.7,A,7,6400,B,7,1128,A,7,2.9,E,8,0.000,F,8,0.00,F,8,0,1,D,9,45,C,8
06/06/1994,05:00,0,0,0,1,0,0,1,0,0,1,0,0,1,0,0,1,0,0,1,0,0,1,0,8,A,7,8,A,7,18.9,A,7,16.7,A,7,87,A,7,975,A,7,230,A,7,6.2,A,7,9600,B,7,1676,A,7,3.0,E,8,0.000,F,8,0.00,F,8,0,1,D,9,45,C,8
06/06/1994,06:00,95,1271,15,1,10,0,1,16,15,1,10,17,1,10,0,1,16,17,1,10,55,1,21,10,A,7,10,A,7,18.9,A,7,16.7,A,7,87,A,7,976,A,7,240,A,7,5.2,A,7,12800,B,7,1433,A,7,3.0,E,8,0.000,F,8,0.00,F,8,0,1,D,9,45,C,8
06/06/1994,07:00,321,1326,50,1,10,0,1,16,50,1,10,58,1,10,0,1,16,58,1,10,200,1,21,10,A,7,10,A,7,19.4,A,7,17.2,A,7,87,A,7,976,A,7,260,A,7,6.7,A,7,16000,B,7,1067,A,7,3.1,E,8,0.000,F,8,0.00,F,8,0,1,D,9,00,C,8
06/06/1994,08:00,553,1326,104,1,10,0,1,16,104,1,10,122,1,10,0,1,16,122,1,10,445,1,21,10,A,7,10,A,7,20.0,A,7,17.2,A,7,84,A,7,976,A,7,230,A,7,6.7,A,7,16000,B,7,518,A,7,3.1,E,8,0.000,F,8,0.00,F,8,0,1,D,9,00,C,8
06/06/1994,09:00,772,1326,286,1,10,105,1,16,224,1,10,314,1,10,110,1,16,250,1,10,595,1,21,10,A,7,8,A,7,20.6,A,7,17.2,A,7,81,A,7,976,A,7,250,A,7,8.2,A,7,16000,B,7,488,A,7,3.1,E,8,0.000,F,8,0.00,F,8,0,1,D,9,00,C,8
06/06/1994,10:00,961,1326,473,1,10,267,1,16,279,1,10,517,1,10,288,1,16,308,1,10,822,1,21,10,A,7,7,A,7,21.7,A,7,17.2,A,7,76,A,7,976,A,7,270,A,7,5.7,A,7,16000,B,7,671,A,7,3.1,E,8,0.000,F,8,0.00,F,8,0,1,D,9,00,C,8
06/06/1994,11:00,1109,1326,551,1,10,186,1,16,395,1,10,605,1,10,198,1,16,439,1,10,1542,1,21,10,A,7,8,A,7,22.2,A,7,17.2,A,7,73,A,7,976,A,7,260,A,7,8.8,A,7,16000,B,7,701,A,7,3.0,E,8,0.000,F,8,0.00,F,8,0,1,D,9,00,C,8
06/06/1994,12:00,1205,1326,266,1,10,0,1,16,266,1,10,322,1,10,0,1,16,322,1,10,1285,1,21,10,A,7,10,A,7,22.8,A,7,16.1,A,7,66,A,7,976,A,7,280,A,7,8.2,A,7,16000,B,7,853,A,7,3.0,E,8,0.000,F,8,0.00,F,8,0,1,D,9,00,C,8
06/06/1994,13:00,1243,1326,275,1,10,0,1,16,275,1,10,334,1,10,0,1,16,334,1,10,1328,1,21,10,A,7,10,A,7,22.8,A,7,16.1,A,7,66,A,7,977,A,7,290,A,7,7.7,A,7,19200,B,7,945,A,7,3.0,E,8,0.000,F,8,0.00,F,8,0,1,D,9,00,C,8
06/06/1994,14:00,1219,1326,850,1,10,618,1,16,281,1,10,896,1,10,625,1,16,320,1,10,1644,1,21,7,A,7,7,A,7,23.3,A,7,16.1,A,7,64,A,7,976,A,7,290,A,7,7.7,A,7,19200,B,7,1250,A,7,3.0,E,8,0.000,F,8,0.00,F,8,0,1,D,9,00,C,8
06/06/1994,15:00,1137,1326,249,1,10,0,1,16,249,1,10,301,1,10,0,1,16,301,1,10,1205,1,21,10,A,7,10,A,7,22.8,A,7,16.1,A,7,66,A,7,976,A,7,290,A,7,8.8,A,7,16000,B,7,1128,A,7,3.0,E,8,0.000,F,8,0.00,F,8,0,1,D,9,00,C,8
06/06/1994,16:00,1000,1326,571,1,10,354,1,16,304,1,10,624,1,10,383,1,16,335,1,10,955,1,21,7,A,7,7,A,7,23.9,A,7,16.7,A,7,64,A,7,976,A,7,280,A,7,6.7,A,7,12800,B,7,1006,A,7,3.0,E,8,0.000,F,8,0.00,F,8,0,1,D,9,00,C,8
06/06/1994,17:00,819,1326,444,1,10,208,1,16,316,1,10,482,1,10,217,1,16,347,1,10,869,1,21,8,A,7,8,A,7,23.3,A,7,16.1,A,7,64,A,7,976,A,7,300,A,7,5.7,A,7,12800,B,7,1067,A,7,3.0,E,8,0.000,F,8,0.00,F,8,0,1,D,9,00,C,8
06/06/1994,18:00,606,1326,317,1,10,408,1,16,130,1,10,340,1,10,403,1,16,155,1,10,260,1,21,4,A,7,4,A,7,22.2,A,7,16.1,A,7,68,A,7,977,A,7,340,A,7,4.6,A,7,11200,B,7,77777,A,7,3.0,E,8,0.000,F,8,0.00,F,8,0,1,D,9,00,C,8
06/06/1994,19:00,376,1326,212,1,10,550,1,16,56,1,10,222,1,10,482,1,16,86,1,10,108,1,21,0,A,7,0,A,7,21.1,A,7,15.6,A,7,71,A,7,977,A,7,340,A,7,5.7,A,7,11200,B,7,77777,A,7,3.0,E,8,0.000,F,8,0.00,F,8,0,1,D,9,00,C,8
06/06/1994,20:00,146,1326,57,1,10,249,1,16,30,1,10,58,1,10,145,1,16,42,1,10,53,1,21,0,A,7,0,A,7,18.9,A,7,15.0,A,7,78,A,7,978,A,7,350,A,7,3.1,A,7,11200,B,7,77777,A,7,3.0,E,8,0.000,F,8,0.00,F,8,0,1,D,9,00,C,8
06/06/1994,21:00,4,254,0,1,10,7,1,16,0,1,10,0,1,10,0,1,16,0,1,10,0,1,21,0,A,7,0,A,7,15.6,A,7,13.9,A,7,90,A,7,978,A,7,0,A,7,0.0,A,7,11200,B,7,77777,A,7,3.0,E,8,0.000,F,8,0.00,F,8,0,1,D,9,00,C,8
06/06/1994,22:00,0,0,0,1,0,0,1,0,0,1,0,0,1,0,0,1,0,0,1,0,0,1,0,0,A,7,0,A,7,13.9,A,7,13.9,A,7,100,A,7,978,A,7,0,A,7,0.0,A,7,11200,B,7,77777,A,7,3.0,E,8,0.000,F,8,0.00,F,8,0,1,D,9,00,C,8
06/06/1994,23:00,0,0,0,1,0,0,1,0,0,1,0,0,1,0,0,1,0,0,1,0,0,1,0,0,A,7,0,A,7,12.8,A,7,12.8,A,7,100,A,7,978,A,7,0,A,7,0.0,A,7,9600,B,7,77777,A,7,2.9,E,8,0.000,F,8,0.00,F,8,0,1,D,9,00,C,8
06/06/1994,24:00,0,0,0,1,0,0,1,0,0,1,0,0,1,0,0,1,0,0,1,0,0,1,0,0,A,7,0,A,7,11.1,A,7,11.1,A,7,100,A,7,978,A,7,0,A,7,0.0,A,7,9600,B,7,77777,A,7,2.9,E,8,0.000,F,8,0.00,F,8,0,1,D,9,45,C,8
06/07/1994,01:00,0,0,0,1,0,0,1,0,0,1,0,0,1,0,0,1,0,0,1,0,0,1,0,0,A,7,0,A,7,10.6,A,7,10.6,A,7,100,A,7,978,A,7,290,A,7,1.5,A,7,9600,B,7,77777,A,7,2.9,E,8,0.000,F,8,0.00,F,8,0,1,D,9,45,C,8
06/07/1994,02:00,0,0,0,1,0,0,1,0,0,1,0,0,1,0,0,1,0,0,1,0,0,1,0,0,A,7,0,A,7,11.1,A,7,11.1,A,7,100,A,7,978,A,7,230,A,7,1.5,A,7,6400,B,7,77777,A,7,2.9,E,8,0.000,F,8,0.00,F,8,0,1,D,9,45,C,8
06/07/1994,03:00,0,0,0,1,0,0,1,0,0,1,0,0,1,0,0,1,0,0,1,0,0,1,0,0,A,7,0,A,7,11.1,A,7,11.1,A,7,100,A,7,978,A,7,210,A,7,1.5,A,7,6400,B,7,77777,A,7,2.9,E,8,0.000,F,8,0.00,F,8,0,1,D,9,45,C,8
06/07/1994,04:00,0,0,0,1,0,0,1,0,0,1,0,0,1,0,0,1,0,0,1,0,0,1,0,0,A,7,0,A,7,11.1,A,7,11.1,A,7,100,A,7,978,A,7,200,A,7,1.5,A,7,4800,B,7,77777,A,7,2.9,E,8,0.000,F,8,0.00,F,8,0,1,D,9,45,C,8
06/07/1994,05:00,0,0,0,1,0,0,1,0,0,1,0,0,1,0,0,1,0,0,1,0,0,1,0,7,A,7,2,A,7,11.1,A,7,10.6,A,7,97,A,7,978,A,7,210,A,7,1.5,A,7,4800,B,7,77777,A,7,2.9,E,8,0.000,F,8,0.00,F,8,0,1,D,9,45,C,8
06/07/1994,06:00,96,1271,34,1,10,18,1,16,32,1,10,37,1,10,11,1,16,36,1,10,73,1,21,10,A,7,5,A,7,12.2,A,7,12.2,A,7,100,A,7,979,A,7,70,A,7,1.5,A,7,4000,B,7,77777,A,7,2.9,E,8,0.000,F,8,0.00,F,8,0,1,D,9,45,C,8
06/07/1994,07:00,322,1326,145,1,10,321,1,16,67,1,10,154,1,10,263,1,16,90,1,10,121,1,21,7,A,7,2,A,7,17.2,A,7,16.1,A,7,93,A,7,979,A,7,0,A,7,0.0,A,7,4000,B,7,77777,A,7,2.9,E,8,0.000,F,8,0.00,F,8,0,1,D,9,45,C,8
06/07/1994,08:00,554,1326,328,1,10,571,1,16,89,1,10,344,1,10,549,1,16,115,1,10,180,1,21,5,A,7,1,A,7,20.0,A,7,16.7,A,7,81,A,7,979,A,7,210,A,7,3.1,A,7,6400,B,7,77777,A,7,2.8,E,8,0.000,F,8,0.00,F,8,0,1,D,9,45,C,8
06/07/1994,09:00,772,1326,505,1,10,660,1,16,120,1,10,537,1,10,666,1,16,149,1,10,283,1,21,5,A,7,1,A,7,21.7,A,7,16.7,A,7,73,A,7,980,A,7,240,A,7,4.1,A,7,8000,B,7,77777,A,7,2.8,E,8,0.000,F,8,0.00,F,8,0,1,D,9,45,C,8
06/07/1994,10:00,962,1326,696,1,10,782,1,16,129,1,10,735,1,10,787,1,16,163,1,10,361,1,21,4,A,7,1,A,7,23.3,A,7,16.7,A,7,66,A,7,979,A,7,270,A,7,4.1,A,7,11200,B,7,77777,A,7,2.7,E,8,0.000,F,8,0.00,F,8,0,1,D,9,05,C,8
06/07/1994,11:00,1109,1326,742,1,10,552,1,16,280,1,10,803,1,10,577,1,16,319,1,10,1143,1,21,5,A,7,5,A,7,25.0,A,7,16.7,A,7,60,A,7,979,A,7,240,A,7,2.1,A,7,12800,B,7,77777,A,7,2.7,E,8,0.000,F,8,0.00,F,8,0,1,D,9,00,C,8
06/07/1994,12:00,1205,1326,847,1,10,450,1,16,438,1,10,887,1,10,468,1,16,461,1,10,2529,1,21,8,A,7,8,A,7,25.0,A,7,16.7,A,7,60,A,7,979,A,7,310,A,7,2.6,A,7,12800,B,7,1006,A,7,2.6,E,8,0.000,F,8,0.00,F,8,0,1,D,9,00,C,8
06/07/1994,13:00,1243,1326,815,1,10,603,1,16,249,1,10,869,1,10,615,1,16,291,1,10,1656,1,21,9,A,7,7,A,7,25.6,A,7,16.7,A,7,58,A,7,979,A,7,310,A,7,2.6,A,7,12800,B,7,1097,A,7,2.6,E,8,0.000,F,8,0.00,F,8,0,1,D,9,00,C,8
06/07/1994,14:00,1220,1326,722,1,10,455,1,16,303,1,10,787,1,10,477,1,16,347,1,10,1833,1,21,8,A,7,8,A,7,27.2,A,7,16.7,A,7,53,A,7,978,A,7,280,A,7,5.2,A,7,12800,B,7,1219,A,7,2.6,E,8,0.000,F,8,0.00,F,8,0,1,D,9,00,C,8
06/07/1994,15:00,1137,1326,466,1,10,96,1,16,383,1,10,514,1,10,99,1,16,429,1,10,1686,1,21,9,A,7,9,A,7,26.7,A,7,16.1,A,7,52,A,7,978,A,7,320,A,7,4.6,A,7,12800,B,7,1402,A,7,2.5,E,8,0.000,F,8,0.00,F,8,0,1,D,9,00,C,8
06/07/1994,16:00,1001,1326,661,1,10,583,1,16,220,1,10,692,1,10,588,1,16,247,1,10,681,1,21,5,A,7,5,A,7,26.7,A,7,16.1,A,7,52,A,7,978,A,7,350,A,7,5.7,A,7,12800,B,7,77777,A,7,2.5,E,8,0.000,F,8,0.00,F,8,0,1,D,9,00,C,8
06/07/1994,17:00,821,1326,213,1,10,0,1,16,213,1,10,248,1,10,0,1,16,248,1,10,938,1,21,10,A,7,10,A,7,23.3,A,7,16.1,A,7,64,A,7,979,A,7,40,A,7,8.8,A,7,11200,B,7,4572,A,7,2.4,E,8,0.000,F,8,0.00,F,8,0,1,D,9,00,C,8
06/07/1994,18:00,608,1326,146,1,10,0,1,16,146,1,10,168,1,10,0,1,16,168,1,10,605,1,21,10,A,7,10,A,7,18.9,A,7,13.9,A,7,73,A,7,980,A,7,40,A,7,7.2,A,7,12800,B,7,4572,A,7,2.4,E,8,0.000,F,8,0.00,F,8,0,1,D,9,00,C,8
06/07/1994,19:00,378,1326,77,1,10,0,1,16,77,1,10,88,1,10,0,1,16,88,1,10,300,1,21,10,A,7,10,A,7,16.7,A,7,12.2,A,7,75,A,7,981,A,7,60,A,7,7.7,A,7,16000,B,7,3962,A,7,2.3,E,8,0.000,F,8,0.00,F,8,0,1,D,9,00,C,8
06/07/1994,20:00,148,1326,23,1,10,0,1,16,23,1,10,27,1,10,0,1,16,27,1,10,85,1,21,10,A,7,10,A,7,15.0,A,7,10.6,A,7,75,A,7,982,A,7,40,A,7,7.2,A,7,16000,B,7,1219,A,7,2.3,E,8,0.000,F,8,0.00,F,8,0,1,D,9,00,C,8
06/07/1994,21:00,4,276,0,1,10,0,1,16,0,1,10,0,1,10,0,1,16,0,1,10,0,1,21,10,A,7,10,A,7,13.3,A,7,8.3,A,7,72,A,7,983,A,7,50,A,7,8.8,A,7,16000,B,7,1311,A,7,2.2,E,8,0.000,F,8,0.00,F,8,0,1,D,9,00,C,8
06/07/1994,22:00,0,0,0,1,0,0,1,0,0,1,0,0,1,0,0,1,0,0,1,0,0,1,0,10,A,7,10,A,7,12.8,A,7,7.8,A,7,72,A,7,984,A,7,50,A,7,6.2,A,7,19200,B,7,1433,A,7,2.2,E,8,0.000,F,8,0.00,F,8,0,1,D,9,00,C,8
06/07/1994,23:00,0,0,0,1,0,0,1,0,0,1,0,0,1,0,0,1,0,0,1,0,0,1,0,10,A,7,10,A,7,12.2,A,7,7.8,A,7,74,A,7,984,A,7,70,A,7,4.6,A,7,19200,B,7,1433,A,7,2.1,E,8,0.000,F,8,0.00,F,8,0,1,D,9,00,C,8
06/07/1994,24:00,0,0,0,1,0,0,1,0,0,1,0,0,1,0,0,1,0,0,1,0,0,1,0,10,A,7,10,A,7,12.2,A,7,6.7,A,7,69,A,7,985,A,7,60,A,7,6.7,A,7,19200,B,7,1494,A,7,2.1,E,8,0.000,F,8,0.00,F,8,0,1,D,9,00,C,8
06/08/1994,01:00,0,0,0,1,0,0,1,0,0,1,0,0,1,0,0,1,0,0,1,0,0,1,0,10,A,7,10,A,7,11.7,A,7,6.7,A,7,71,A,7,985,A,7,60,A,7,6.2,A,7,16000,B,7,2896,A,7,2.0,E,8,0.000,F,8,0.00,F,8,0,1,D,9,00,C,8
06/08/1994,02:00,0,0,0,1,0,0,1,0,0,1,0,0,1,0,0,1,0,0,1,0,0,1,0,10,A,7,10,A,7,11.1,A,7,6.7,A,7,74,A,7,985,A,7,60,A,7,7.2,A,7,19200,B,7,2743,A,7,2.0,E,8,0.000,F,8,0.00,F,8,0,1,D,9,00,C,8
06/08/1994,03:00,0,0,0,1,0,0,1,0,0,1,0,0,1,0,0,1,0,0,1,0,0,1,0,10,A,7,10,A,7,10.0,A,7,7.2,A,7,83,A,7,986,A,7,60,A,7,5.2,A,7,19200,B,7,2438,A,7,2.0,E,8,0.000,F,8,0.00,F,8,0,1,D,9,61,C,8
06/08/1994,04:00,0,0,0,1,0,0,1,0,0,1,0,0,1,0,0,1,0,0,1,0,0,1,0,10,A,7,10,A,7,10.0,A,7,7.2,A,7,83,A,7,986,A,7,30,A,7,5.2,A,7,19200,B,7,2896,A,7,1.9,E,8,0.000,F,8,0.00,F,8,0,1,D,9,61,C,8
06/08/1994,05:00,0,0,0,1,0,0,1,0,0,1,0,0,1,0,0,1,0,0,1,0,0,1,0,10,A,7,10,A,7,10.0,A,7,6.1,A,7,77,A,7,987,A,7,50,A,7,5.2,A,7,19200,B,7,3658,A,7,1.9,E,8,0.000,F,8,0.00,F,8,0,1,D,9,00,C,8
06/08/1994,06:00,96,1293,22,1,10,0,1,16,22,1,10,25,1,10,0,1,16,25,1,10,76,1,21,10,A,7,10,A,7,10.0,A,7,6.7,A,7,80,A,7,988,A,7,40,A,7,4.1,A,7,24000,B,7,4267,A,7,1.8,E,8,0.000,F,8,0.00,F,8,0,1,D,9,00,C,8
06/08/1994,07:00,323,1326,99,1,10,98,1,16,75,1,10,109,1,10,83,1,16,89,1,10,164,1,21,8,A,7,4,A,7,11.1,A,7,6.1,A,7,71,A,7,987,A,7,60,A,7,5.2,A,7,24000,B,7,77777,A,7,1.8,E,8,0.000,F,8,0.00,F,8,0,1,D,9,00,C,8
06/08/1994,08:00,554,1326,334,1,10,538,1,16,109,1,10,346,1,10,512,1,16,132,1,10,213,1,21,1,A,7,0,A,7,11.7,A,7,5.6,A,7,66,A,7,988,A,7,70,A,7,7.2,A,7,24000,B,7,77777,A,7,1.8,E,8,0.000,F,8,0.00,F,8,0,1,D,9,00,C,8
06/08/1994,09:00,772,1326,517,1,10,570,1,16,185,1,10,553,1,10,583,1,16,213,1,10,424,1,21,9,A,7,1,A,7,13.9,A,7,6.1,A,7,59,A,7,988,A,7,50,A,7,6.7,A,7,24000,B,7,77777,A,7,1.8,E,8,0.000,F,8,0.00,F,8,0,1,D,9,00,C,8
06/08/1994,10:00,962,1326,692,1,10,651,1,16,219,1,10,722,1,10,654,1,16,246,1,10,628,1,21,9,A,7,1,A,7,15.0,A,7,5.6,A,7,53,A,7,988,A,7,60,A,7,5.7,A,7,24000,B,7,77777,A,7,1.8,E,8,0.000,F,8,0.00,F,8,0,1,D,9,00,C,8
06/08/1994,11:00,1110,1326,854,1,10,710,1,16,259,1,10,895,1,10,716,1,16,294,1,10,1026,1,21,9,A,7,0,A,7,16.7,A,7,5.6,A,7,48,A,7,989,A,7,40,A,7,8.2,A,7,24000,B,7,77777,A,7,1.8,E,8,0.000,F,8,0.00,F,8,0,1,D,9,00,C,8
06/08/1994,12:00,1206,1326,937,1,10,751,1,16,253,1,10,994,1,10,763,1,16,298,1,10,1407,1,21,7,A,7,0,A,7,18.3,A,7,6.1,A,7,45,A,7,988,A,7,40,A,7,7.2,A,7,24000,B,7,77777,A,7,1.8,E,8,0.000,F,8,0.00,F,8,0,1,D,9,00,C,8
06/08/1994,13:00,1244,1326,968,1,10,744,1,16,270,1,10,1027,1,10,755,1,16,317,1,10,1794,1,21,8,A,7,0,A,7,18.9,A,7,5.6,A,7,42,A,7,989,A,7,20,A,7,6.7,A,7,24000,B,7,77777,A,7,1.8,E,8,0.000,F,8,0.00,F,8,0,1,D,9,00,C,8
06/08/1994,14:00,1221,1326,916,1,10,771,1,16,206,1,10,952,1,10,771,1,16,240,1,10,1119,1,21,2,A,7,0,A,7,19.4,A,7,5.6,A,7,40,A,7,989,A,7,60,A,7,6.7,A,7,24000,B,7,77777,A,7,1.8,E,8,0.000,F,8,0.00,F,8,0,1,D,9,00,C,8
06/08/1994,15:00,1138,1326,861,1,10,764,1,16,205,1,10,921,1,10,782,1,16,249,1,10,905,1,21,3,A,7,0,A,7,20.0,A,7,5.0,A,7,37,A,7,988,A,7,30,A,7,5.2,A,7,24000,B,7,77777,A,7,1.8,E,8,0.000,F,8,0.00,F,8,0,1,D,9,00,C,8
06/08/1994,16:00,1002,1326,731,1,10,738,1,16,173,1,10,780,1,10,754,1,16,209,1,10,552,1,21,1,A,7,0,A,7,19.4,A,7,5.0,A,7,39,A,7,988,A,7,40,A,7,6.7,A,7,24000,B,7,77777,A,7,1.8,E,8,0.000,F,8,0.00,F,8,0,1,D,9,00,C,8
06/08/1994,17:00,822,1326,567,1,10,672,1,16,150,1,10,598,1,10,677,1,16,177,1,10,365,1,21,1,A,7,0,A,7,18.9,A,7,2.8,A,7,34,A,7,987,A,7,30,A,7,7.2,A,7,19200,B,7,77777,A,7,1.8,E,8,0.000,F,8,0.00,F,8,0,1,D,9,00,C,8
06/08/1994,18:00,610,1326,367,1,10,543,1,16,116,1,10,381,1,10,527,1,16,138,1,10,235,1,21,2,A,7,1,A,7,18.3,A,7,0.6,A,7,30,A,7,988,A,7,50,A,7,5.2,A,7,19200,B,7,77777,A,7,1.8,E,8,0.000,F,8,0.00,F,8,0,1,D,9,00,C,8
06/08/1994,19:00,380,1326,190,1,10,298,1,16,105,1,10,202,1,10,264,1,16,126,1,10,207,1,21,9,A,7,1,A,7,16.7,A,7,-1.1,A,7,29,A,7,988,A,7,60,A,7,5.2,A,7,19200,B,7,77777,A,7,1.8,E,8,0.000,F,8,0.00,F,8,0,1,D,9,00,C,8
06/08/1994,20:00,150,1326,53,1,10,59,1,16,47,1,10,58,1,10,35,1,16,54,1,10,98,1,21,9,A,7,1,A,7,13.9,A,7,0.6,A,7,40,A,7,989,A,7,40,A,7,2.6,A,7,19200,B,7,77777,A,7,1.8,E,8,0.000,F,8,0.00,F,8,0,1,D,9,00,C,8
06/08/1994,21:00,4,298,0,1,10,0,1,16,0,1,10,0,1,10,0,1,16,0,1,10,0,1,21,9,A,7,1,A,7,10.0,A,7,0.6,A,7,52,A,7,989,A,7,0,A,7,0.0,A,7,19200,B,7,77777,A,7,1.8,E,8,0.000,F,8,0.00,F,8,0,1,D,9,00,C,8
06/08/1994,22:00,0,0,0,1,0,0,1,0,0,1,0,0,1,0,0,1,0,0,1,0,0,1,0,6,A,7,1,A,7,5.6,A,7,2.2,A,7,79,A,7,989,A,7,0,A,7,0.0,A,7,16000,B,7,77777,A,7,1.8,E,8,0.000,F,8,0.00,F,8,0,1,D,9,00,C,8
06/08/1994,23:00,0,0,0,1,0,0,1,0,0,1,0,0,1,0,0,1,0,0,1,0,0,1,0,0,A,7,0,A,7,4.4,A,7,2.2,A,7,86,A,7,989,A,7,0,A,7,0.0,A,7,16000,B,7,77777,A,7,1.8,E,8,0.000,F,8,0.00,F,8,0,1,D,9,00,C,8
06/08/1994,24:00,0,0,0,1,0,0,1,0,0,1,0,0,1,0,0,1,0,0,1,0,0,1,0,0,A,7,0,A,7,3.3,A,7,1.7,A,7,89,A,7,989,A,7,0,A,7,0.0,A,7,16000,B,7,77777,A,7,1.8,E,8,0.000,F,8,0.00,F,8,0,1,D,9,00,C,8
06/09/1994,01:00,0,0,0,1,0,0,1,0,0,1,0,0,1,0,0,1,0,0,1,0,0,1,0,5,A,7,0,A,7,3.3,A,7,1.7,A,7,89,A,7,989,A,7,0,A,7,0.0,A,7,16000,B,7,77777,A,7,1.8,E,8,0.000,F,8,0.00,F,8,0,1,D,9,00,C,8
06/09/1994,02:00,0,0,0,1,0,0,1,0,0,1,0,0,1,0,0,1,0,0,1,0,0,1,0,5,A,7,0,A,7,2.2,A,7,1.1,A,7,92,A,7,989,A,7,0,A,7,0.0,A,7,16000,B,7,77777,A,7,1.8,E,8,0.000,F,8,0.00,F,8,0,1,D,9,00,C,8
06/09/1994,03:00,0,0,0,1,0,0,1,0,0,1,0,0,1,0,0,1,0,0,1,0,0,1,0,5,A,7,0,A,7,2.2,A,7,1.1,A,7,92,A,7,989,A,7,0,A,7,0.0,A,7,16000,B,7,77777,A,7,1.8,E,8,0.000,F,8,0.00,F,8,0,1,D,9,00,C,8
06/09/1994,04:00,0,0,0,1,0,0,1,0,0,1,0,0,1,0,0,1,0,0,1,0,0,1,0,5,A,7,0,A,7,1.1,A,7,0.6,A,7,96,A,7,989,A,7,0,A,7,0.0,A,7,16000,B,7,77777,A,7,1.8,E,8,0.000,F,8,0.00,F,8,0,1,D,9,00,C,8
06/09/1994,05:00,0,0,0,1,0,0,1,0,0,1,0,0,1,0,0,1,0,0,1,0,0,1,0,4,A,7,0,A,7,0.6,A,7,0.6,A,7,100,A,7,989,A,7,0,A,7,0.0,A,7,16000,B,7,77777,A,7,1.8,E,8,0.000,F,8,0.00,F,8,0,1,D,9,00,C,8
06/09/1994,06:00,97,1292,29,1,10,30,1,16,27,1,10,32,1,10,15,1,16,31,1,10,56,1,21,5,A,7,0,A,7,2.8,A,7,1.7,A,7,92,A,7,989,A,7,0,A,7,0.0,A,7,16000,B,7,77777,A,7,1.7,E,8,0.000,F,8,0.00,F,8,0,1,D,9,00,C,8
06/09/1994,07:00,323,1325,153,1,10,282,1,16,85,1,10,159,1,10,230,1,16,103,1,10,158,1,21,5,A,7,0,A,7,7.8,A,7,4.4,A,7,79,A,7,990,A,7,280,A,7,1.5,A,7,16000,B,7,77777,A,7,1.7,E,8,0.000,F,8,0.00,F,8,0,1,D,9,00,C,8
06/09/1994,08:00,554,1325,276,1,10,264,1,16,165,1,10,294,1,10,264,1,16,183,1,10,351,1,21,10,A,7,5,A,7,13.3,A,7,5.0,A,7,57,A,7,989,A,7,0,A,7,0.0,A,7,24000,B,7,77777,A,7,1.8,E,8,0.000,F,8,0.00,F,8,0,1,D,9,00,C,8
06/09/1994,09:00,772,1325,403,1,10,277,1,16,241,1,10,433,1,10,293,1,16,262,1,10,588,1,21,9,A,7,4,A,7,16.1,A,7,-1.7,A,7,29,A,7,989,A,7,100,A,7,2.1,A,7,24000,B,7,77777,A,7,1.8,E,8,0.000,F,8,0.00,F,8,0,1,D,9,00,C,8
06/09/1994,10:00,962,1325,663,1,10,651,1,16,191,1,10,699,1,10,659,1,16,220,1,10,558,1,21,4,A,7,1,A,7,18.3,A,7,-1.7,A,7,25,A,7,989,A,7,130,A,7,2.1,A,7,24000,B,7,77777,A,7,1.8,E,8,0.000,F,8,0.00,F,8,0,1,D,9,00,C,8
06/09/1994,11:00,1110,1325,821,1,10,741,1,16,200,1,10,877,1,10,758,1,16,241,1,10,813,1,21,1,A,7,0,A,7,20.6,A,7,0.0,A,7,25,A,7,988,A,7,140,A,7,2.6,A,7,24000,B,7,77777,A,7,1.8,E,8,0.000,F,8,0.00,F,8,0,1,D,9,00,C,8
06/09/1994,12:00,1206,1325,913,1,10,771,1,16,211,1,10,981,1,10,791,1,16,261,1,10,1190,1,21,1,A,7,0,A,7,22.2,A,7,-0.6,A,7,22,A,7,988,A,7,360,A,7,2.6,A,7,24000,B,7,77777,A,7,1.8,E,8,0.000,F,8,0.00,F,8,0,1,D,9,00,C,8
06/09/1994,13:00,1244,1325,951,1,10,774,1,16,224,1,10,1022,1,10,793,1,16,276,1,10,1509,1,21,2,A,7,0,A,7,23.3,A,7,0.6,A,7,22,A,7,988,A,7,90,A,7,3.1,A,7,24000,B,7,77777,A,7,1.9,E,8,0.000,F,8,0.00,F,8,0,1,D,9,00,C,8
06/09/1994,14:00,1221,1325,918,1,10,765,1,16,213,1,10,988,1,10,785,1,16,263,1,10,1284,1,21,1,A,7,0,A,7,23.3,A,7,0.0,A,7,21,A,7,987,A,7,120,A,7,3.1,A,7,24000,B,7,77777,A,7,1.9,E,8,0.000,F,8,0.00,F,8,0,1,D,9,00,C,8
06/09/1994,15:00,1139,1325,856,1,10,759,1,16,203,1,10,916,1,10,777,1,16,247,1,10,900,1,21,1,A,7,0,A,7,25.0,A,7,0.6,A,7,20,A,7,987,A,7,120,A,7,2.1,A,7,24000,B,7,77777,A,7,1.9,E,8,0.000,F,8,0.00,F,8,0,1,D,9,00,C,8
06/09/1994,16:00,1003,1325,728,1,10,716,1,16,186,1,10,773,1,10,729,1,16,220,1,10,591,1,21,1,A,7,0,A,7,25.6,A,7,1.7,A,7,21,A,7,986,A,7,350,A,7,4.1,A,7,24000,B,7,77777,A,7,1.9,E,8,0.000,F,8,0.00,F,8,0,1,D,9,00,C,8
06/09/1994,17:00,824,1325,566,1,10,652,1,16,160,1,10,593,1,10,655,1,16,186,1,10,387,1,21,1,A,7,0,A,7,26.1,A,7,2.2,A,7,21,A,7,985,A,7,50,A,7,3.1,A,7,24000,B,7,77777,A,7,1.9,E,8,0.000,F,8,0.00,F,8,0,1,D,9,00,C,8
06/09/1994,18:00,612,1325,369,1,10,498,1,16,139,1,10,393,1,10,493,1,16,166,1,10,281,1,21,4,A,7,0,A,7,25.0,A,7,3.3,A,7,24,A,7,985,A,7,40,A,7,2.1,A,7,24000,B,7,77777,A,7,2.0,E,8,0.000,F,8,0.00,F,8,0,1,D,9,00,C,8
06/09/1994,19:00,382,1325,197,1,10,335,1,16,100,1,10,204,1,10,292,1,16,120,1,10,187,1,21,6,A,7,0,A,7,23.9,A,7,6.1,A,7,32,A,7,986,A,7,40,A,7,2.6,A,7,24000,B,7,77777,A,7,2.0,E,8,0.000,F,8,0.00,F,8,0,1,D,9,00,C,8
06/09/1994,20:00,152,1325,55,1,10,78,1,16,46,1,10,59,1,10,46,1,16,54,1,10,96,1,21,6,A,7,0,A,7,17.8,A,7,8.9,A,7,56,A,7,987,A,7,340,A,7,1.5,A,7,24000,B,7,77777,A,7,2.0,E,8,0.000,F,8,0.00,F,8,0,1,D,9,00,C,8
06/09/1994,21:00,5,298,0,1,10,0,1,16,0,1,10,0,1,10,0,1,16,0,1,10,0,1,21,6,A,7,2,A,7,13.9,A,7,8.3,A,7,69,A,7,987,A,7,20,A,7,1.5,A,7,24000,B,7,77777,A,7,2.0,E,8,0.000,F,8,0.00,F,8,0,1,D,9,00,C,8
06/09/1994,22:00,0,0,0,1,0,0,1,0,0,1,0,0,1,0,0,1,0,0,1,0,0,1,0,6,A,7,3,A,7,11.7,A,7,8.3,A,7,80,A,7,987,A,7,160,A,7,2.6,A,7,24000,B,7,77777,A,7,2.0,E,8,0.000,F,8,0.00,F,8,0,1,D,9,00,C,8
06/09/1994,23:00,0,0,0,1,0,0,1,0,0,1,0,0,1,0,0,1,0,0,1,0,0,1,0,0,A,7,0,A,7,10.0,A,7,8.3,A,7,89,A,7,987,A,7,60,A,7,1.5,A,7,24000,B,7,77777,A,7,2.1,E,8,0.000,F,8,0.00,F,8,0,1,D,9,00,C,8
06/09/1994,24:00,0,0,0,1,0,0,1,0,0,1,0,0,1,0,0,1,0,0,1,0,0,1,0,0,A,7,0,A,7,9.4,A,7,7.2,A,7,86,A,7,986,A,7,0,A,7,0.0,A,7,16000,B,7,77777,A,7,2.1,E,8,0.000,F,8,0.00,F,8,0,1,D,9,00,C,8
06/10/1994,01:00,0,0,0,1,0,0,1,0,0,1,0,0,1,0,0,1,0,0,1,0,0,1,0,0,A,7,0,A,7,8.9,A,7,6.7,A,7,86,A,7,986,A,7,0,A,7,0.0,A,7,16000,B,7,77777,A,7,2.1,E,8,0.000,F,8,0.00,F,8,0,1,D,9,00,C,8
06/10/1994,02:00,0,0,0,1,0,0,1,0,0,1,0,0,1,0,0,1,0,0,1,0,0,1,0,0,A,7,0,A,7,7.8,A,7,7.2,A,7,96,A,7,987,A,7,0,A,7,0.0,A,7,16000,B,7,77777,A,7,2.1,E,8,0.000,F,8,0.00,F,8,0,1,D,9,00,C,8
06/10/1994,03:00,0,0,0,1,0,0,1,0,0,1,0,0,1,0,0,1,0,0,1,0,0,1,0,5,A,7,0,A,7,7.8,A,7,6.7,A,7,93,A,7,987,A,7,0,A,7,0.0,A,7,16000,B,7,77777,A,7,2.1,E,8,0.000,F,8,0.00,F,8,0,1,D,9,00,C,8
06/10/1994,04:00,0,0,0,1,0,0,1,0,0,1,0,0,1,0,0,1,0,0,1,0,0,1,0,4,A,7,0,A,7,5.6,A,7,5.0,A,7,96,A,7,987,A,7,0,A,7,0.0,A,7,16000,B,7,77777,A,7,2.1,E,8,0.000,F,8,0.00,F,8,0,1,D,9,00,C,8
06/10/1994,05:00,0,0,0,1,0,0,1,0,0,1,0,0,1,0,0,1,0,0,1,0,0,1,0,5,A,7,3,A,7,6.1,A,7,5.6,A,7,97,A,7,987,A,7,0,A,7,0.0,A,7,16000,B,7,77777,A,7,2.2,E,8,0.000,F,8,0.00,F,8,0,1,D,9,00,C,8
06/10/1994,06:00,98,1292,34,1,10,133,1,16,24,1,10,36,1,10,60,1,16,32,1,10,42,1,21,5,A,7,2,A,7,7.2,A,7,6.1,A,7,93,A,7,988,A,7,0,A,7,0.0,A,7,16000,B,7,77777,A,7,2.2,E,8,0.000,F,8,0.00,F,8,0,1,D,9,00,C,8
06/10/1994,07:00,323,1325,164,1,10,419,1,16,61,1,10,168,1,10,345,1,16,84,1,10,111,1,21,4,A,7,1,A,7,13.9,A,7,10.0,A,7,77,A,7,988,A,7,0,A,7,0.0,A,7,16000,B,7,77777,A,7,2.2,E,8,0.000,F,8,0.00,F,8,0,1,D,9,00,C,8
06/10/1994,08:00,555,1325,341,1,10,590,1,16,94,1,10,357,1,10,566,1,16,120,1,10,189,1,21,7,A,7,1,A,7,20.0,A,7,9.4,A,7,50,A,7,988,A,7,0,A,7,0.0,A,7,16000,B,7,77777,A,7,2.2,E,8,0.000,F,8,0.00,F,8,0,1,D,9,00,C,8
06/10/1994,09:00,772,1325,501,1,10,489,1,16,216,1,10,528,1,10,499,1,16,236,1,10,503,1,21,9,A,7,3,A,7,22.8,A,7,8.9,A,7,41,A,7,988,A,7,0,A,7,0.0,A,7,16000,B,7,77777,A,7,2.2,E,8,0.000,F,8,0.00,F,8,0,1,D,9,00,C,8
06/10/1994,10:00,962,1325,550,1,10,522,1,16,170,1,10,584,1,10,532,1,16,197,1,10,504,1,21,10,A,7,5,A,7,23.3,A,7,5.6,A,7,32,A,7,988,A,7,110,A,7,2.6,A,7,16000,B,7,77777,A,7,2.2,E,8,0.000,F,8,0.00,F,8,0,1,D,9,00,C,8
06/10/1994,11:00,1110,1325,800,1,10,737,1,16,183,1,10,861,1,10,757,1,16,226,1,10,750,1,21,10,A,7,4,A,7,25.6,A,7,7.8,A,7,32,A,7,988,A,7,70,A,7,5.7,A,7,19200,B,7,77777,A,7,2.2,E,8,0.000,F,8,0.00,F,8,0,1,D,9,00,C,8
06/10/1994,12:00,1206,1325,689,1,10,459,1,16,271,1,10,758,1,10,481,1,16,319,1,10,1541,1,21,10,A,7,4,A,7,25.6,A,7,4.4,A,7,25,A,7,987,A,7,80,A,7,3.1,A,7,19200,B,7,77777,A,7,2.2,E,8,0.000,F,8,0.00,F,8,0,1,D,9,00,C,8
06/10/1994,13:00,1244,1325,880,1,10,565,1,16,349,1,10,948,1,10,591,1,16,392,1,10,2405,1,21,10,A,7,8,A,7,26.1,A,7,4.4,A,7,25,A,7,987,A,7,160,A,7,3.6,A,7,19200,B,7,6096,A,7,2.3,E,8,0.000,F,8,0.00,F,8,0,1,D,9,00,C,8
06/10/1994,14:00,1222,1325,687,1,10,519,1,16,208,1,10,740,1,10,533,1,16,248,1,10,1260,1,21,9,A,7,5,A,7,25.6,A,7,4.4,A,7,25,A,7,986,A,7,130,A,7,3.1,A,7,19200,B,7,6096,A,7,2.3,E,8,0.000,F,8,0.00,F,8,0,1,D,9,00,C,8
06/10/1994,15:00,1140,1325,765,1,10,541,1,16,299,1,10,825,1,10,566,1,16,338,1,10,1342,1,21,10,A,7,5,A,7,27.2,A,7,4.4,A,7,23,A,7,985,A,7,90,A,7,5.2,A,7,19200,B,7,77777,A,7,2.3,E,8,0.000,F,8,0.00,F,8,0,1,D,9,00,C,8
06/10/1994,16:00,1005,1325,503,1,10,361,1,16,229,1,10,547,1,10,377,1,16,261,1,10,727,1,21,9,A,7,7,A,7,26.1,A,7,5.0,A,7,26,A,7,985,A,7,120,A,7,3.1,A,7,19200,B,7,6096,A,7,2.3,E,8,0.000,F,8,0.00,F,8,0,1,D,9,00,C,8
06/10/1994,17:00,825,1325,397,1,10,300,1,16,210,1,10,435,1,10,321,1,16,235,1,10,518,1,21,9,A,7,8,A,7,27.2,A,7,4.4,A,7,23,A,7,985,A,7,80,A,7,3.1,A,7,19200,B,7,6096,A,7,2.3,E,8,0.000,F,8,0.00,F,8,0,1,D,9,00,C,8
06/10/1994,18:00,613,1325,211,1,10,112,1,16,159,1,10,233,1,10,114,1,16,180,1,10,386,1,21,7,A,7,7,A,7,26.7,A,7,6.1,A,7,27,A,7,984,A,7,120,A,7,2.6,A,7,19200,B,7,4572,A,7,2.3,E,8,0.000,F,8,0.00,F,8,0,1,D,9,00,C,8
06/10/1994,19:00,384,1325,187,1,10,319,1,16,95,1,10,196,1,10,278,1,16,115,1,10,177,1,21,8,A,7,4,A,7,23.9,A,7,8.9,A,7,38,A,7,984,A,7,80,A,7,3.1,A,7,19200,B,7,6096,A,7,2.3,E,8,0.000,F,8,0.00,F,8,0,1,D,9,00,C,8
06/10/1994,20:00,154,1325,42,1,10,81,1,16,33,1,10,45,1,10,43,1,16,40,1,10,58,1,21,7,A,7,5,A,7,20.6,A,7,10.0,A,7,51,A,7,984,A,7,50,A,7,2.6,A,7,19200,B,7,6096,A,7,2.3,E,8,0.000,F,8,0.00,F,8,0,1,D,9,00,C,8
06/10/1994,21:00,5,320,0,1,10,6,1,16,0,1,10,0,1,10,0,1,16,0,1,10,0,1,21,4,A,7,3,A,7,15.6,A,7,8.9,A,7,64,A,7,984,A,7,80,A,7,2.1,A,7,19200,B,7,77777,A,7,2.3,E,8,0.000,F,8,0.00,F,8,0,1,D,9,00,C,8
06/10/1994,22:00,0,0,0,1,0,0,1,0,0,1,0,0,1,0,0,1,0,0,1,0,0,1,0,4,A,7,4,A,7,13.3,A,7,8.3,A,7,72,A,7,984,A,7,80,A,7,2.6,A,7,19200,B,7,77777,A,7,2.3,E,8,0.000,F,8,0.00,F,8,0,1,D,9,00,C,8
06/10/1994,23:00,0,0,0,1,0,0,1,0,0,1,0,0,1,0,0,1,0,0,1,0,0,1,0,0,A,7,0,A,7,14.4,A,7,6.7,A,7,60,A,7,984,A,7,120,A,7,2.1,A,7,19200,B,7,77777,A,7,2.4,E,8,0.000,F,8,0.00,F,8,0,1,D,9,00,C,8
06/10/1994,24:00,0,0,0,1,0,0,1,0,0,1,0,0,1,0,0,1,0,0,1,0,0,1,0,4,A,7,0,A,7,15.6,A,7,6.7,A,7,55,A,7,984,A,7,160,A,7,3.6,A,7,16000,B,7,77777,A,7,2.4,E,8,0.000,F,8,0.00,F,8,0,1,D,9,00,C,8
06/11/1994,01:00,0,0,0,1,0,0,1,0,0,1,0,0,1,0,0,1,0,0,1,0,0,1,0,4,A,7,0,A,7,15.6,A,7,6.7,A,7,55,A,7,984,A,7,150,A,7,3.6,A,7,16000,B,7,77777,A,7,2.4,E,8,0.000,F,8,0.00,F,8,0,1,D,9,00,C,8
06/11/1994,02:00,0,0,0,1,0,0,1,0,0,1,0,0,1,0,0,1,0,0,1,0,0,1,0,4,A,7,3,A,7,11.7,A,7,7.2,A,7,74,A,7,983,A,7,0,A,7,0.0,A,7,16000,B,7,77777,A,7,2.4,E,8,0.000,F,8,0.00,F,8,0,1,D,9,00,C,8
06/11/1994,03:00,0,0,0,1,0,0,1,0,0,1,0,0,1,0,0,1,0,0,1,0,0,1,0,6,A,7,4,A,7,11.7,A,7,8.9,A,7,83,A,7,983,A,7,60,A,7,1.5,A,7,16000,B,7,3353,A,7,2.4,E,8,0.000,F,8,0.00,F,8,0,1,D,9,00,C,8
06/11/1994,04:00,0,0,0,1,0,0,1,0,0,1,0,0,1,0,0,1,0,0,1,0,0,1,0,4,A,7,4,A,7,10.6,A,7,7.8,A,7,83,A,7,982,A,7,90,A,7,2.1,A,7,16000,B,7,77777,A,7,2.4,E,8,0.000,F,8,0.00,F,8,0,1,D,9,00,C,8
06/11/1994,05:00,0,0,0,1,0,0,1,0,0,1,0,0,1,0,0,1,0,0,1,0,0,1,0,7,A,7,4,A,7,10.6,A,7,7.8,A,7,83,A,7,982,A,7,300,A,7,1.5,A,7,16000,B,7,77777,A,7,2.4,E,8,0.000,F,8,0.00,F,8,0,1,D,9,00,C,8
06/11/1994,06:00,98,1292,25,1,10,1,1,16,25,1,10,28,1,10,0,1,16,28,1,10,83,1,21,8,A,7,5,A,7,9.4,A,7,7.8,A,7,90,A,7,983,A,7,0,A,7,0.0,A,7,16000,B,7,7620,A,7,2.4,E,8,0.000,F,8,0.00,F,8,0,1,D,9,00,C,8
06/11/1994,07:00,324,1325,104,1,10,116,1,16,76,1,10,115,1,10,99,1,16,91,1,10,166,1,21,7,A,7,5,A,7,16.1,A,7,11.1,A,7,72,A,7,982,A,7,0,A,7,0.0,A,7,16000,B,7,7620,A,7,2.4,E,8,0.000,F,8,0.00,F,8,0,1,D,9,00,C,8
06/11/1994,08:00,555,1325,295,1,10,193,1,16,214,1,10,317,1,10,191,1,16,237,1,10,507,1,21,10,A,7,6,A,7,18.3,A,7,10.0,A,7,58,A,7,982,A,7,240,A,7,3.1,A,7,16000,B,7,6096,A,7,2.4,E,8,0.000,F,8,0.00,F,8,0,1,D,9,00,C,8
06/11/1994,09:00,772,1325,345,1,10,101,1,16,286,1,10,379,1,10,103,1,16,319,1,10,887,1,21,10,A,7,9,A,7,20.0,A,7,10.0,A,7,53,A,7,982,A,7,270,A,7,4.1,A,7,16000,B,7,6096,A,7,2.4,E,8,0.000,F,8,0.00,F,8,0,1,D,9,00,C,8
06/11/1994,10:00,962,1325,452,1,10,116,1,16,368,1,10,498,1,10,119,1,16,411,1,10,1306,1,21,10,A,7,8,A,7,21.7,A,7,10.0,A,7,47,A,7,982,A,7,290,A,7,4.1,A,7,16000,B,7,6096,A,7,2.4,E,8,0.000,F,8,0.00,F,8,0,1,D,9,00,C,8
06/11/1994,11:00,1110,1325,455,1,10,87,1,16,382,1,10,502,1,10,90,1,16,427,1,10,1616,1,21,10,A,7,9,A,7,21.7,A,7,8.9,A,7,44,A,7,982,A,7,290,A,7,4.1,A,7,16000,B,7,4267,A,7,2.4,E,8,0.000,F,8,0.00,F,8,0,1,D,9,00,C,8
06/11/1994,12:00,1206,1325,621,1,10,230,1,16,411,1,10,680,1,10,250,1,16,452,1,10,2150,1,21,8,A,7,8,A,7,22.8,A,7,5.0,A,7,31,A,7,983,A,7,300,A,7,5.2,A,7,16000,B,7,4267,A,7,2.4,E,8,0.000,F,8,0.00,F,8,0,1,D,9,00,C,8
06/11/1994,13:00,1244,1325,945,1,10,767,1,16,224,1,10,1015,1,10,786,1,16,276,1,10,1518,1,21,0,A,7,0,A,7,25.0,A,7,6.7,A,7,31,A,7,982,A,7,280,A,7,6.2,A,7,19200,B,7,77777,A,7,2.4,E,8,0.000,F,8,0.00,F,8,0,1,D,9,00,C,8
06/11/1994,14:00,1222,1325,925,1,10,762,1,16,221,1,10,992,1,10,780,1,16,271,1,10,1339,1,21,0,A,7,0,A,7,26.1,A,7,7.8,A,7,31,A,7,981,A,7,240,A,7,5.2,A,7,19200,B,7,77777,A,7,2.4,E,8,0.000,F,8,0.00,F,8,0,1,D,9,00,C,8
06/11/1994,15:00,1141,1325,850,1,10,741,1,16,211,1,10,907,1,10,757,1,16,254,1,10,939,1,21,0,A,7,0,A,7,26.7,A,7,8.3,A,7,31,A,7,981,A,7,270,A,7,5.2,A,7,19200,B,7,77777,A,7,2.4,E,8,0.000,F,8,0.00,F,8,0,1,D,9,00,C,8
06/11/1994,16:00,1006,1325,719,1,10,697,1,16,190,1,10,762,1,10,709,1,16,223,1,10,605,1,21,1,A,7,1,A,7,26.7,A,7,7.8,A,7,30,A,7,980,A,7,240,A,7,6.2,A,7,19200,B,7,77777,A,7,2.4,E,8,0.000,F,8,0.00,F,8,0,1,D,9,00,C,8
06/11/1994,17:00,826,1325,516,1,10,513,1,16,195,1,10,553,1,10,528,1,16,223,1,10,473,1,21,5,A,7,2,A,7,26.7,A,7,8.3,A,7,31,A,7,980,A,7,250,A,7,6.2,A,7,19200,B,7,77777,A,7,2.4,E,8,0.000,F,8,0.00,F,8,0,1,D,9,00,C,8
06/11/1994,18:00,615,1325,349,1,10,464,1,16,134,1,10,374,1,10,460,1,16,161,1,10,270,1,21,1,A,7,0,A,7,25.6,A,7,7.2,A,7,31,A,7,980,A,7,280,A,7,5.7,A,7,19200,B,7,77777,A,7,2.4,E,8,0.000,F,8,0.00,F,8,0,1,D,9,00,C,8
06/11/1994,19:00,386,1325,174,1,10,297,1,16,87,1,10,183,1,10,260,1,16,107,1,10,161,1,21,2,A,7,2,A,7,24.4,A,7,7.8,A,7,35,A,7,980,A,7,270,A,7,6.2,A,7,24000,B,7,77777,A,7,2.3,E,8,0.000,F,8,0.00,F,8,0,1,D,9,00,C,8
06/11/1994,20:00,156,1325,45,1,10,44,1,16,39,1,10,48,1,10,27,1,16,45,1,10,82,1,21,3,A,7,3,A,7,21.1,A,7,8.3,A,7,44,A,7,980,A,7,220,A,7,3.1,A,7,24000,B,7,77777,A,7,2.3,E,8,0.000,F,8,0.00,F,8,0,1,D,9,00,C,8
06/11/1994,21:00,6,320,0,1,10,0,1,16,0,1,10,0,1,10,0,1,16,0,1,10,0,1,21,10,A,7,10,A,7,18.9,A,7,9.4,A,7,54,A,7,980,A,7,0,A,7,0.0,A,7,24000,B,7,3962,A,7,2.3,E,8,0.000,F,8,0.00,F,8,0,1,D,9,00,C,8
06/11/1994,22:00,0,0,0,1,0,0,1,0,0,1,0,0,1,0,0,1,0,0,1,0,0,1,0,10,A,7,10,A,7,16.7,A,7,10.6,A,7,67,A,7,980,A,7,0,A,7,0.0,A,7,24000,B,7,2743,A,7,2.3,E,8,0.000,F,8,0.00,F,8,0,1,D,9,80,C,8
06/11/1994,23:00,0,0,0,1,0,0,1,0,0,1,0,0,1,0,0,1,0,0,1,0,0,1,0,10,A,7,10,A,7,16.7,A,7,13.3,A,7,80,A,7,981,A,7,260,A,7,5.7,A,7,19200,B,7,2591,A,7,2.3,E,8,0.000,F,8,0.00,F,8,0,1,D,9,80,C,8
06/11/1994,24:00,0,0,0,1,0,0,1,0,0,1,0,0,1,0,0,1,0,0,1,0,0,1,0,9,A,7,9,A,7,16.7,A,7,13.3,A,7,80,A,7,980,A,7,180,A,7,4.6,A,7,16000,B,7,3048,A,7,2.3,E,8,0.000,F,8,0.00,F,8,0,1,D,9,80,C,8
06/12/1994,01:00,0,0,0,1,0,0,1,0,0,1,0,0,1,0,0,1,0,0,1,0,0,1,0,3,A,7,3,A,7,16.7,A,7,12.2,A,7,75,A,7,980,A,7,190,A,7,5.7,A,7,16000,B,7,77777,A,7,2.3,E,8,0.000,F,8,0.00,F,8,0,1,D,9,00,C,8
06/12/1994,02:00,0,0,0,1,0,0,1,0,0,1,0,0,1,0,0,1,0,0,1,0,0,1,0,0,A,7,0,A,7,15.6,A,7,12.8,A,7,83,A,7,980,A,7,180,A,7,5.2,A,7,16000,B,7,77777,A,7,2.3,E,8,0.000,F,8,0.00,F,8,0,1,D,9,00,C,8
06/12/1994,03:00,0,0,0,1,0,0,1,0,0,1,0,0,1,0,0,1,0,0,1,0,0,1,0,0,A,7,0,A,7,15.6,A,7,12.8,A,7,83,A,7,980,A,7,210,A,7,5.7,A,7,16000,B,7,77777,A,7,2.3,E,8,0.000,F,8,0.00,F,8,0,1,D,9,00,C,8
06/12/1994,04:00,0,0,0,1,0,0,1,0,0,1,0,0,1,0,0,1,0,0,1,0,0,1,0,0,A,7,0,A,7,15.6,A,7,13.3,A,7,86,A,7,979,A,7,230,A,7,5.2,A,7,16000,B,7,77777,A,7,2.3,E,8,0.000,F,8,0.00,F,8,0,1,D,9,00,C,8
06/12/1994,05:00,0,0,0,1,0,0,1,0,0,1,0,0,1,0,0,1,0,0,1,0,0,1,0,4,A,7,4,A,7,13.3,A,7,12.2,A,7,93,A,7,980,A,7,190,A,7,4.1,A,7,16000,B,7,77777,A,7,2.3,E,8,0.000,F,8,0.00,F,8,0,1,D,9,00,C,8
06/12/1994,06:00,98,1291,30,1,10,120,1,16,21,1,10,33,1,10,54,1,16,28,1,10,37,1,21,4,A,7,4,A,7,15.0,A,7,13.3,A,7,90,A,7,980,A,7,190,A,7,3.1,A,7,16000,B,7,77777,A,7,2.3,E,8,0.000,F,8,0.00,F,8,0,1,D,9,00,C,8
06/12/1994,07:00,324,1325,167,1,10,365,1,16,78,1,10,175,1,10,299,1,16,102,1,10,143,1,21,4,A,7,4,A,7,17.2,A,7,13.3,A,7,78,A,7,981,A,7,220,A,7,6.2,A,7,16000,B,7,77777,A,7,2.3,E,8,0.000,F,8,0.00,F,8,0,1,D,9,00,C,8
06/12/1994,08:00,555,1325,255,1,10,341,1,16,112,1,10,274,1,10,331,1,16,135,1,10,217,1,21,6,A,7,6,A,7,18.9,A,7,14.4,A,7,75,A,7,981,A,7,230,A,7,7.2,A,7,16000,B,7,3658,A,7,2.3,E,8,0.000,F,8,0.00,F,8,0,1,D,9,00,C,8
06/12/1994,09:00,772,1325,550,1,10,791,1,16,89,1,10,587,1,10,791,1,16,125,1,10,212,1,21,0,A,7,0,A,7,22.2,A,7,15.0,A,7,64,A,7,981,A,7,230,A,7,7.2,A,7,24000,B,7,77777,A,7,2.3,E,8,0.000,F,8,0.00,F,8,0,1,D,9,00,C,8
06/12/1994,10:00,962,1325,718,1,10,845,1,16,104,1,10,744,1,10,843,1,16,131,1,10,260,1,21,0,A,7,0,A,7,23.9,A,7,14.4,A,7,55,A,7,981,A,7,250,A,7,6.2,A,7,24000,B,7,77777,A,7,2.3,E,8,0.000,F,8,0.00,F,8,0,1,D,9,00,C,8
06/12/1994,11:00,1110,1325,850,1,10,878,1,16,114,1,10,878,1,10,879,1,16,140,1,10,382,1,21,0,A,7,0,A,7,25.6,A,7,14.4,A,7,50,A,7,981,A,7,230,A,7,7.2,A,7,24000,B,7,77777,A,7,2.3,E,8,0.000,F,8,0.00,F,8,0,1,D,9,00,C,8
06/12/1994,12:00,1206,1325,876,1,10,821,1,16,128,1,10,901,1,10,823,1,16,150,1,10,578,1,21,1,A,7,1,A,7,26.1,A,7,12.8,A,7,44,A,7,981,A,7,250,A,7,7.7,A,7,24000,B,7,77777,A,7,2.4,E,8,0.000,F,8,0.00,F,8,0,1,D,9,00,C,8
06/12/1994,13:00,1245,1325,745,1,10,479,1,16,294,1,10,816,1,10,502,1,16,343,1,10,2026,1,21,8,A,7,8,A,7,26.7,A,7,10.6,A,7,36,A,7,981,A,7,240,A,7,8.8,A,7,24000,B,7,1981,A,7,2.4,E,8,0.000,F,8,0.00,F,8,0,1,D,9,00,C,8
06/12/1994,14:00,1222,1325,851,1,10,477,1,16,410,1,10,899,1,10,497,1,16,439,1,10,2558,1,21,7,A,7,4,A,7,27.8,A,7,8.9,A,7,31,A,7,981,A,7,270,A,7,7.2,A,7,24000,B,7,77777,A,7,2.4,E,8,0.000,F,8,0.00,F,8,0,1,D,9,00,C,8
06/12/1994,15:00,1141,1325,782,1,10,603,1,16,262,1,10,822,1,10,609,1,16,296,1,10,1147,1,21,10,A,7,3,A,7,27.8,A,7,8.3,A,7,29,A,7,981,A,7,300,A,7,7.2,A,7,24000,B,7,77777,A,7,2.4,E,8,0.000,F,8,0.00,F,8,0,1,D,9,00,C,8
06/12/1994,16:00,1006,1325,692,1,10,690,1,16,167,1,10,740,1,10,706,1,16,202,1,10,540,1,21,6,A,7,2,A,7,28.3,A,7,8.9,A,7,30,A,7,981,A,7,290,A,7,8.8,A,7,24000,B,7,77777,A,7,2.4,E,8,0.000,F,8,0.00,F,8,0,1,D,9,00,C,8
06/12/1994,17:00,827,1325,463,1,10,428,1,16,195,1,10,497,1,10,441,1,16,221,1,10,474,1,21,9,A,7,4,A,7,27.8,A,7,8.9,A,7,31,A,7,981,A,7,290,A,7,7.2,A,7,24000,B,7,77777,A,7,2.4,E,8,0.000,F,8,0.00,F,8,0,1,D,9,00,C,8
06/12/1994,18:00,616,1325,401,1,10,584,1,16,129,1,10,414,1,10,565,1,16,151,1,10,258,1,21,9,A,7,2,A,7,26.7,A,7,8.9,A,7,33,A,7,981,A,7,260,A,7,6.2,A,7,24000,B,7,77777,A,7,2.5,E,8,0.000,F,8,0.00,F,8,0,1,D,9,00,C,8
06/12/1994,19:00,387,1325,212,1,10,431,1,16,86,1,10,224,1,10,378,1,16,114,1,10,158,1,21,9,A,7,1,A,7,26.1,A,7,8.3,A,7,32,A,7,981,A,7,250,A,7,4.6,A,7,24000,B,7,77777,A,7,2.5,E,8,0.000,F,8,0.00,F,8,0,1,D,9,00,C,8
06/12/1994,20:00,158,1325,57,1,10,229,1,16,30,1,10,58,1,10,139,1,16,42,1,10,54,1,21,2,A,7,2,A,7,23.3,A,7,9.4,A,7,41,A,7,981,A,7,240,A,7,2.6,A,7,24000,B,7,77777,A,7,2.5,E,8,0.000,F,8,0.00,F,8,0,1,D,9,00,C,8
06/12/1994,21:00,6,342,0,1,10,13,1,16,0,1,10,0,1,10,0,1,16,0,1,10,0,1,21,1,A,7,1,A,7,16.7,A,7,10.6,A,7,67,A,7,981,A,7,0,A,7,0.0,A,7,24000,B,7,77777,A,7,2.5,E,8,0.000,F,8,0.00,F,8,0,1,D,9,00,C,8
06/12/1994,22:00,0,0,0,1,0,0,1,0,0,1,0,0,1,0,0,1,0,0,1,0,0,1,0,1,A,7,1,A,7,15.6,A,7,11.1,A,7,75,A,7,981,A,7,140,A,7,2.1,A,7,24000,B,7,77777,A,7,2.5,E,8,0.000,F,8,0.00,F,8,0,1,D,9,00,C,8
06/12/1994,23:00,0,0,0,1,0,0,1,0,0,1,0,0,1,0,0,1,0,0,1,0,0,1,0,9,A,7,9,A,7,16.1,A,7,11.1,A,7,72,A,7,981,A,7,0,A,7,0.0,A,7,24000,B,7,2896,A,7,2.5,E,8,0.000,F,8,0.00,F,8,0,1,D,9,00,C,8
06/12/1994,24:00,0,0,0,1,0,0,1,0,0,1,0,0,1,0,0,1,0,0,1,0,0,1,0,7,A,7,7,A,7,19.4,A,7,11.1,A,7,59,A,7,981,A,7,180,A,7,3.1,A,7,24000,B,7,3048,A,7,2.6,E,8,0.000,F,8,0.00,F,8,0,1,D,9,00,C,8
06/13/1994,01:00,0,0,0,1,0,0,1,0,0,1,0,0,1,0,0,1,0,0,1,0,0,1,0,7,A,7,6,A,7,20.0,A,7,13.3,A,7,65,A,7,981,A,7,180,A,7,3.6,A,7,19200,B,7,4572,A,7,2.6,E,8,0.000,F,8,0.00,F,8,0,1,D,9,00,C,8
06/13/1994,02:00,0,0,0,1,0,0,1,0,0,1,0,0,1,0,0,1,0,0,1,0,0,1,0,5,A,7,5,A,7,20.6,A,7,14.4,A,7,68,A,7,981,A,7,190,A,7,5.2,A,7,16000,B,7,77777,A,7,2.6,E,8,0.000,F,8,0.00,F,8,0,1,D,9,00,C,8
06/13/1994,03:00,0,0,0,1,0,0,1,0,0,1,0,0,1,0,0,1,0,0,1,0,0,1,0,2,A,7,0,A,7,20.0,A,7,15.6,A,7,76,A,7,980,A,7,180,A,7,3.6,A,7,16000,B,7,77777,A,7,2.6,E,8,0.000,F,8,0.00,F,8,0,1,D,9,00,C,8
06/13/1994,04:00,0,0,0,1,0,0,1,0,0,1,0,0,1,0,0,1,0,0,1,0,0,1,0,9,A,7,4,A,7,20.0,A,7,16.1,A,7,78,A,7,980,A,7,210,A,7,4.1,A,7,14400,B,7,77777,A,7,2.6,E,8,0.000,F,8,0.00,F,8,0,1,D,9,00,C,8
06/13/1994,05:00,0,0,0,1,0,0,1,0,0,1,0,0,1,0,0,1,0,0,1,0,0,1,0,10,A,7,7,A,7,19.4,A,7,16.1,A,7,81,A,7,979,A,7,200,A,7,5.2,A,7,12800,B,7,7620,A,7,2.6,E,8,0.000,F,8,0.00,F,8,0,1,D,9,00,C,8
06/13/1994,06:00,98,1291,24,1,10,0,1,16,24,1,10,27,1,10,0,1,16,27,1,10,81,1,21,10,A,7,9,A,7,20.6,A,7,16.1,A,7,75,A,7,979,A,7,210,A,7,6.2,A,7,12800,B,7,1829,A,7,2.7,E,8,0.000,F,8,0.00,F,8,0,1,D,9,00,C,8
06/13/1994,07:00,324,1324,61,1,10,0,1,16,61,1,10,70,1,10,0,1,16,70,1,10,236,1,21,10,A,7,10,A,7,19.4,A,7,17.2,A,7,87,A,7,980,A,7,230,A,7,5.7,A,7,8000,B,7,1311,A,7,2.7,E,8,0.000,F,8,0.00,F,8,8,1,D,9,00,C,8
06/13/1994,08:00,554,1324,98,1,10,0,1,16,98,1,10,115,1,10,0,1,16,115,1,10,425,1,21,10,A,7,10,A,7,18.3,A,7,17.8,A,7,97,A,7,980,A,7,200,A,7,3.1,A,7,4800,B,7,518,A,7,2.7,E,8,0.000,F,8,0.00,F,8,25,1,D,9,80,C,8
06/13/1994,09:00,772,1324,186,1,10,0,1,16,186,1,10,217,1,10,0,1,16,217,1,10,821,1,21,10,A,7,10,A,7,19.4,A,7,18.3,A,7,93,A,7,978,A,7,180,A,7,5.2,A,7,12800,B,7,4572,A,7,2.7,E,8,0.000,F,8,0.00,F,8,8,1,D,9,81,C,8
06/13/1994,10:00,961,1324,249,1,10,0,1,16,249,1,10,293,1,10,0,1,16,293,1,10,1141,1,21,10,A,7,10,A,7,19.4,A,7,18.3,A,7,93,A,7,979,A,7,210,A,7,6.7,A,7,16000,B,7,3353,A,7,2.7,E,8,0.000,F,8,0.00,F,8,10,1,D,9,80,C,8
06/13/1994,11:00,1109,1324,238,1,10,0,1,16,238,1,10,287,1,10,0,1,16,287,1,10,1157,1,21,10,A,7,10,A,7,18.3,A,7,17.8,A,7,97,A,7,980,A,7,190,A,7,6.7,A,7,2400,B,7,1676,A,7,2.7,E,8,0.000,F,8,0.00,F,8,107,1,D,9,00,C,8
06/13/1994,12:00,1206,1324,264,1,10,0,1,16,264,1,10,320,1,10,0,1,16,320,1,10,1278,1,21,10,A,7,10,A,7,21.1,A,7,19.4,A,7,90,A,7,978,A,7,120,A,7,3.6,A,7,16000,B,7,1676,A,7,2.8,E,8,0.000,F,8,0.00,F,8,3,1,D,9,81,C,8
06/13/1994,13:00,1245,1324,274,1,10,0,1,16,274,1,10,333,1,10,0,1,16,333,1,10,1325,1,21,10,A,7,10,A,7,20.0,A,7,18.3,A,7,90,A,7,978,A,7,50,A,7,3.1,A,7,14400,B,7,518,A,7,2.8,E,8,0.000,F,8,0.00,F,8,5,1,D,9,17,C,8
06/13/1994,14:00,1223,1324,268,1,10,0,1,16,268,1,10,326,1,10,0,1,16,326,1,10,1297,1,21,10,A,7,10,A,7,20.6,A,7,20.0,A,7,96,A,7,977,A,7,150,A,7,2.6,A,7,11200,B,7,701,A,7,2.8,E,8,0.000,F,8,0.00,F,8,86,1,D,9,80,C,8
06/13/1994,15:00,1142,1324,247,1,10,0,1,16,247,1,10,299,1,10,0,1,16,299,1,10,1198,1,21,10,A,7,10,A,7,21.1,A,7,20.0,A,7,93,A,7,977,A,7,130,A,7,3.1,A,7,11200,B,7,732,A,7,2.8,E,8,0.000,F,8,0.00,F,8,5,1,D,9,80,C,8
06/13/1994,16:00,1007,1324,211,1,10,0,1,16,211,1,10,253,1,10,0,1,16,253,1,10,1022,1,21,10,A,7,10,A,7,21.1,A,7,20.0,A,7,93,A,7,977,A,7,190,A,7,6.2,A,7,9600,B,7,701,A,7,2.8,E,8,0.000,F,8,0.00,F,8,13,1,D,9,80,C,8
06/13/1994,17:00,828,1324,164,1,10,0,1,16,164,1,10,195,1,10,0,1,16,195,1,10,769,1,21,10,A,7,10,A,7,21.1,A,7,20.0,A,7,93,A,7,977,A,7,190,A,7,4.6,A,7,9600,B,7,1219,A,7,2.8,E,8,0.000,F,8,0.00,F,8,0,1,D,9,45,C,8
06/13/1994,18:00,617,1324,109,1,10,0,1,16,109,1,10,129,1,10,0,1,16,129,1,10,484,1,21,10,A,7,10,A,7,22.2,A,7,20.6,A,7,91,A,7,977,A,7,240,A,7,2.1,A,7,16000,B,7,1219,A,7,2.8,E,8,0.000,F,8,0.00,F,8,0,1,D,9,45,C,8
06/13/1994,19:00,389,1324,89,1,10,0,1,16,89,1,10,101,1,10,0,1,16,101,1,10,339,1,21,10,A,7,10,A,7,22.8,A,7,21.1,A,7,90,A,7,978,A,7,200,A,7,2.6,A,7,11200,B,7,4572,A,7,2.9,E,8,0.000,F,8,0.00,F,8,0,1,D,9,00,C,8
06/13/1994,20:00,159,1324,32,1,10,0,1,16,32,1,10,36,1,10,0,1,16,36,1,10,113,1,21,10,A,7,10,A,7,22.2,A,7,21.1,A,7,93,A,7,979,A,7,180,A,7,2.6,A,7,9600,B,7,853,A,7,2.9,E,8,0.000,F,8,0.00,F,8,0,1,D,9,00,C,8
06/13/1994,21:00,6,342,0,1,10,0,1,16,0,1,10,0,1,10,0,1,16,0,1,10,0,1,21,10,A,7,10,A,7,21.1,A,7,20.6,A,7,97,A,7,980,A,7,160,A,7,2.1,A,7,9600,B,7,1250,A,7,2.9,E,8,0.000,F,8,0.00,F,8,0,1,D,9,45,C,8
06/13/1994,22:00,0,0,0,1,0,0,1,0,0,1,0,0,1,0,0,1,0,0,1,0,0,1,0,3,A,7,3,A,7,19.4,A,7,19.4,A,7,100,A,7,981,A,7,290,A,7,2.6,A,7,4800,B,7,77777,A,7,2.9,E,8,0.000,F,8,0.00,F,8,0,1,D,9,45,C,8
06/13/1994,23:00,0,0,0,1,0,0,1,0,0,1,0,0,1,0,0,1,0,0,1,0,0,1,0,2,A,7,2,A,7,18.3,A,7,18.3,A,7,100,A,7,981,A,7,310,A,7,2.1,A,7,4800,B,7,77777,A,7,2.9,E,8,0.000,F,8,0.00,F,8,0,1,D,9,45,C,8
06/13/1994,24:00,0,0,0,1,0,0,1,0,0,1,0,0,1,0,0,1,0,0,1,0,0,1,0,3,A,7,3,A,7,18.3,A,7,17.8,A,7,97,A,7,982,A,7,310,A,7,2.6,A,7,4800,B,7,77777,A,7,2.9,E,8,0.000,F,8,0.00,F,8,0,1,D,9,45,C,8
06/14/1994,01:00,0,0,0,1,0,0,1,0,0,1,0,0,1,0,0,1,0,0,1,0,0,1,0,1,A,7,1,A,7,17.2,A,7,17.2,A,7,100,A,7,982,A,7,360,A,7,2.6,A,7,9600,B,7,77777,A,7,3.0,E,8,0.000,F,8,0.00,F,8,0,1,D,9,45,C,8
06/14/1994,02:00,0,0,0,1,0,0,1,0,0,1,0,0,1,0,0,1,0,0,1,0,0,1,0,6,A,7,5,A,7,16.1,A,7,15.6,A,7,97,A,7,982,A,7,20,A,7,3.1,A,7,12800,B,7,1250,A,7,3.0,E,8,0.000,F,8,0.00,F,8,0,1,D,9,45,C,8
06/14/1994,03:00,0,0,0,1,0,0,1,0,0,1,0,0,1,0,0,1,0,0,1,0,0,1,0,10,A,7,9,A,7,14.4,A,7,13.9,A,7,97,A,7,982,A,7,90,A,7,1.5,A,7,16000,B,7,1128,A,7,3.0,E,8,0.000,F,8,0.00,F,8,0,1,D,9,00,C,8
06/14/1994,04:00,0,0,0,1,0,0,1,0,0,1,0,0,1,0,0,1,0,0,1,0,0,1,0,10,A,7,10,A,7,15.6,A,7,14.4,A,7,93,A,7,983,A,7,80,A,7,2.6,A,7,16000,B,7,1097,A,7,3.0,E,8,0.000,F,8,0.00,F,8,0,1,D,9,00,C,8
06/14/1994,05:00,0,0,0,1,0,0,1,0,0,1,0,0,1,0,0,1,0,0,1,0,0,1,0,9,A,7,8,A,7,14.4,A,7,13.9,A,7,97,A,7,983,A,7,70,A,7,2.1,A,7,9600,B,7,762,A,7,3.0,E,8,0.000,F,8,0.00,F,8,0,1,D,9,00,C,8
06/14/1994,06:00,98,1291,17,1,10,0,1,16,17,1,10,20,1,10,0,1,16,20,1,10,62,1,21,10,A,7,10,A,7,16.1,A,7,15.0,A,7,93,A,7,983,A,7,20,A,7,2.6,A,7,9600,B,7,579,A,7,3.0,E,8,0.000,F,8,0.00,F,8,0,1,D,9,45,C,8
06/14/1994,07:00,324,1324,48,1,10,0,1,16,48,1,10,56,1,10,0,1,16,56,1,10,194,1,21,10,A,7,10,A,7,16.7,A,7,15.0,A,7,90,A,7,984,A,7,80,A,7,3.6,A,7,11200,B,7,549,A,7,3.0,E,8,0.000,F,8,0.00,F,8,0,1,D,9,45,C,8
06/14/1994,08:00,554,1324,174,1,10,8,1,16,171,1,10,196,1,10,6,1,16,194,1,10,642,1,21,10,A,7,9,A,7,17.8,A,7,15.6,A,7,87,A,7,984,A,7,90,A,7,4.1,A,7,11200,B,7,7620,A,7,3.1,E,8,0.000,F,8,0.00,F,8,0,1,D,9,00,C,8
06/14/1994,09:00,772,1324,289,1,10,118,1,16,220,1,10,319,1,10,124,1,16,246,1,10,585,1,21,10,A,7,8,A,7,19.4,A,7,16.7,A,7,84,A,7,985,A,7,110,A,7,5.7,A,7,11200,B,7,7620,A,7,3.1,E,8,0.000,F,8,0.00,F,8,0,1,D,9,00,C,8
06/14/1994,10:00,961,1324,289,1,10,120,1,16,202,1,10,327,1,10,129,1,16,233,1,10,634,1,21,10,A,7,9,A,7,22.2,A,7,18.3,A,7,79,A,7,984,A,7,120,A,7,5.2,A,7,11200,B,7,7620,A,7,3.1,E,8,0.000,F,8,0.00,F,8,0,1,D,9,00,C,8
06/14/1994,11:00,1109,1324,240,1,10,0,1,16,240,1,10,289,1,10,0,1,16,289,1,10,1164,1,21,10,A,7,10,A,7,23.3,A,7,18.9,A,7,76,A,7,984,A,7,160,A,7,4.6,A,7,11200,B,7,518,A,7,3.2,E,8,0.000,F,8,0.00,F,8,0,1,D,9,00,C,8
06/14/1994,12:00,1206,1324,265,1,10,0,1,16,265,1,10,321,1,10,0,1,16,321,1,10,1282,1,21,10,A,7,10,A,7,24.4,A,7,19.4,A,7,74,A,7,985,A,7,180,A,7,5.2,A,7,11200,B,7,640,A,7,3.2,E,8,0.000,F,8,0.00,F,8,0,1,D,9,00,C,8
06/14/1994,13:00,1245,1324,766,1,10,329,1,16,457,1,10,838,1,10,357,1,16,501,1,10,2845,1,21,10,A,7,8,A,7,26.1,A,7,20.6,A,7,72,A,7,985,A,7,150,A,7,4.6,A,7,9600,B,7,7620,A,7,3.2,E,8,0.000,F,8,0.00,F,8,0,1,D,9,00,C,8
06/14/1994,14:00,1223,1324,585,1,10,185,1,16,414,1,10,647,1,10,198,1,16,464,1,10,2186,1,21,10,A,7,9,A,7,28.3,A,7,21.7,A,7,67,A,7,984,A,7,160,A,7,6.7,A,7,12800,B,7,7620,A,7,3.3,E,8,0.000,F,8,0.00,F,8,0,1,D,9,05,C,8
06/14/1994,15:00,1142,1324,439,1,10,212,1,16,256,1,10,495,1,10,231,1,16,295,1,10,1053,1,21,9,A,7,8,A,7,29.4,A,7,21.1,A,7,61,A,7,984,A,7,160,A,7,5.7,A,7,12800,B,7,7620,A,7,3.3,E,8,0.000,F,8,0.00,F,8,0,1,D,9,00,C,8
06/14/1994,16:00,1008,1324,428,1,10,230,1,16,252,1,10,474,1,10,250,1,16,284,1,10,784,1,21,10,A,7,7,A,7,30.0,A,7,20.6,A,7,57,A,7,984,A,7,160,A,7,6.7,A,7,12800,B,7,7620,A,7,3.3,E,8,0.000,F,8,0.00,F,8,0,1,D,9,00,C,8
06/14/1994,17:00,829,1324,276,1,10,38,1,16,252,1,10,304,1,10,38,1,16,280,1,10,847,1,21,10,A,7,9,A,7,30.0,A,7,20.6,A,7,57,A,7,984,A,7,170,A,7,4.6,A,7,16000,B,7,6096,A,7,3.4,E,8,0.000,F,8,0.00,F,8,0,1,D,9,00,C,8
06/14/1994,18:00,619,1324,92,1,10,6,1,16,89,1,10,110,1,10,4,1,16,108,1,10,409,1,21,10,A,7,9,A,7,29.4,A,7,21.1,A,7,61,A,7,984,A,7,180,A,7,2.6,A,7,16000,B,7,7620,A,7,3.4,E,8,0.000,F,8,0.00,F,8,0,1,D,9,00,C,8
06/14/1994,19:00,390,1324,99,1,10,76,1,16,76,1,10,110,1,10,69,1,16,89,1,10,169,1,21,10,A,7,5,A,7,30.0,A,7,22.2,A,7,63,A,7,984,A,7,180,A,7,4.1,A,7,19200,B,7,77777,A,7,3.4,E,8,0.000,F,8,0.00,F,8,0,1,D,9,00,C,8
06/14/1994,20:00,161,1324,58,1,10,97,1,16,46,1,10,61,1,10,53,1,16,54,1,10,86,1,21,9,A,7,2,A,7,27.2,A,7,22.8,A,7,77,A,7,984,A,7,170,A,7,2.1,A,7,12800,B,7,77777,A,7,3.5,E,8,0.000,F,8,0.00,F,8,0,1,D,9,00,C,8
06/14/1994,21:00,7,364,1,1,10,3,1,16,0,1,10,0,1,10,0,1,16,0,1,10,0,1,21,6,A,7,1,A,7,26.7,A,7,22.2,A,7,76,A,7,984,A,7,160,A,7,3.6,A,7,11200,B,7,77777,A,7,3.5,E,8,0.000,F,8,0.00,F,8,0,1,D,9,00,C,8
06/14/1994,22:00,0,0,0,1,0,0,1,0,0,1,0,0,1,0,0,1,0,0,1,0,0,1,0,6,A,7,1,A,7,26.7,A,7,22.8,A,7,79,A,7,985,A,7,170,A,7,4.6,A,7,11200,B,7,77777,A,7,3.5,E,8,0.000,F,8,0.00,F,8,0,1,D,9,00,C,8
06/14/1994,23:00,0,0,0,1,0,0,1,0,0,1,0,0,1,0,0,1,0,0,1,0,0,1,0,6,A,7,1,A,7,26.1,A,7,22.2,A,7,79,A,7,985,A,7,170,A,7,4.1,A,7,9600,B,7,77777,A,7,3.6,E,8,0.000,F,8,0.00,F,8,0,1,D,9,00,C,8
06/14/1994,24:00,0,0,0,1,0,0,1,0,0,1,0,0,1,0,0,1,0,0,1,0,0,1,0,0,A,7,0,A,7,25.0,A,7,22.2,A,7,84,A,7,985,A,7,170,A,7,4.1,A,7,9600,B,7,77777,A,7,3.6,E,8,0.000,F,8,0.00,F,8,0,1,D,9,05,C,8
06/15/1994,01:00,0,0,0,1,0,0,1,0,0,1,0,0,1,0,0,1,0,0,1,0,0,1,0,0,A,7,0,A,7,24.4,A,7,22.2,A,7,88,A,7,985,A,7,180,A,7,4.1,A,7,9600,B,7,77777,A,7,3.6,E,8,0.000,F,8,0.00,F,8,0,1,D,9,45,C,8
06/15/1994,02:00,0,0,0,1,0,0,1,0,0,1,0,0,1,0,0,1,0,0,1,0,0,1,0,0,A,7,0,A,7,24.4,A,7,21.7,A,7,85,A,7,985,A,7,180,A,7,4.1,A,7,8000,B,7,77777,A,7,3.6,E,8,0.000,F,8,0.00,F,8,0,1,D,9,45,C,8
06/15/1994,03:00,0,0,0,1,0,0,1,0,0,1,0,0,1,0,0,1,0,0,1,0,0,1,0,0,A,7,0,A,7,23.9,A,7,21.7,A,7,88,A,7,985,A,7,190,A,7,4.1,A,7,8000,B,7,77777,A,7,3.7,E,8,0.000,F,8,0.00,F,8,0,1,D,9,45,C,8
06/15/1994,04:00,0,0,0,1,0,0,1,0,0,1,0,0,1,0,0,1,0,0,1,0,0,1,0,0,A,7,0,A,7,24.4,A,7,21.7,A,7,85,A,7,985,A,7,200,A,7,4.1,A,7,8000,B,7,77777,A,7,3.7,E,8,0.000,F,8,0.00,F,8,0,1,D,9,45,C,8
06/15/1994,05:00,0,0,0,1,0,0,1,0,0,1,0,0,1,0,0,1,0,0,1,0,0,1,0,2,A,7,0,A,7,23.9,A,7,21.1,A,7,84,A,7,986,A,7,200,A,7,4.1,A,7,6400,B,7,77777,A,7,3.7,E,8,0.000,F,8,0.00,F,8,0,1,D,9,45,C,8
06/15/1994,06:00,98,1291,31,1,10,88,1,16,25,1,10,34,1,10,36,1,16,31,1,10,44,1,21,3,A,7,0,A,7,24.4,A,7,21.7,A,7,85,A,7,987,A,7,220,A,7,4.6,A,7,6400,B,7,77777,A,7,3.8,E,8,0.000,F,8,0.00,F,8,0,1,D,9,45,C,8
06/15/1994,07:00,323,1324,125,1,10,118,1,16,96,1,10,136,1,10,100,1,16,111,1,10,210,1,21,6,A,7,5,A,7,26.1,A,7,22.2,A,7,79,A,7,988,A,7,210,A,7,4.6,A,7,6400,B,7,7620,A,7,3.8,E,8,0.000,F,8,0.00,F,8,0,1,D,9,45,C,8
06/15/1994,08:00,554,1324,319,1,10,202,1,16,235,1,10,341,1,10,199,1,16,258,1,10,557,1,21,6,A,7,6,A,7,25.6,A,7,22.2,A,7,82,A,7,988,A,7,210,A,7,4.1,A,7,9600,B,7,3658,A,7,3.8,E,8,0.000,F,8,0.00,F,8,0,1,D,9,45,C,8
06/15/1994,09:00,771,1324,417,1,10,318,1,16,231,1,10,450,1,10,337,1,16,253,1,10,559,1,21,7,A,7,2,A,7,27.8,A,7,22.2,A,7,72,A,7,989,A,7,200,A,7,5.2,A,7,9600,B,7,77777,A,7,3.8,E,8,0.000,F,8,0.00,F,8,0,1,D,9,05,C,8
06/15/1994,10:00,961,1324,503,1,10,376,1,16,229,1,10,542,1,10,391,1,16,258,1,10,673,1,21,4,A,7,3,A,7,29.4,A,7,22.8,A,7,68,A,7,989,A,7,200,A,7,4.1,A,7,11200,B,7,77777,A,7,3.8,E,8,0.000,F,8,0.00,F,8,0,1,D,9,05,C,8
06/15/1994,11:00,1109,1324,827,1,10,811,1,16,147,1,10,879,1,10,820,1,16,190,1,10,565,1,21,0,A,7,0,A,7,31.1,A,7,23.3,A,7,63,A,7,989,A,7,180,A,7,5.2,A,7,16000,B,7,77777,A,7,3.8,E,8,0.000,F,8,0.00,F,8,0,1,D,9,00,C,8
06/15/1994,12:00,1206,1324,844,1,10,671,1,16,232,1,10,901,1,10,685,1,16,275,1,10,1309,1,21,4,A,7,4,A,7,32.2,A,7,22.8,A,7,58,A,7,988,A,7,180,A,7,5.2,A,7,16000,B,7,77777,A,7,3.8,E,8,0.000,F,8,0.00,F,8,0,1,D,9,00,C,8
06/15/1994,13:00,1245,1324,722,1,10,446,1,16,302,1,10,789,1,10,468,1,16,349,1,10,2095,1,21,6,A,7,6,A,7,31.7,A,7,22.8,A,7,59,A,7,988,A,7,180,A,7,4.1,A,7,16000,B,7,1067,A,7,3.8,E,8,0.000,F,8,0.00,F,8,0,1,D,9,00,C,8
06/15/1994,14:00,1224,1324,802,1,10,556,1,16,288,1,10,845,1,10,562,1,16,325,1,10,1736,1,21,5,A,7,5,A,7,32.8,A,7,22.2,A,7,54,A,7,988,A,7,200,A,7,6.7,A,7,16000,B,7,77777,A,7,3.8,E,8,0.000,F,8,0.00,F,8,0,1,D,9,00,C,8
06/15/1994,15:00,1143,1324,729,1,10,523,1,16,276,1,10,793,1,10,548,1,16,319,1,10,1251,1,21,4,A,7,4,A,7,33.3,A,7,21.7,A,7,51,A,7,988,A,7,180,A,7,6.2,A,7,16000,B,7,77777,A,7,3.8,E,8,0.000,F,8,0.00,F,8,0,1,D,9,00,C,8
06/15/1994,16:00,1009,1324,651,1,10,566,1,16,219,1,10,683,1,10,572,1,16,246,1,10,692,1,21,4,A,7,4,A,7,32.8,A,7,21.7,A,7,52,A,7,988,A,7,220,A,7,6.2,A,7,19200,B,7,77777,A,7,3.8,E,8,0.000,F,8,0.00,F,8,0,1,D,9,00,C,8
06/15/1994,17:00,830,1324,473,1,10,534,1,16,137,1,10,502,1,10,541,1,16,162,1,10,342,1,21,2,A,7,2,A,7,33.3,A,7,21.7,A,7,51,A,7,988,A,7,210,A,7,6.2,A,7,19200,B,7,77777,A,7,3.8,E,8,0.000,F,8,0.00,F,8,0,1,D,9,00,C,8
06/15/1994,18:00,620,1324,342,1,10,465,1,16,124,1,10,370,1,10,462,1,16,153,1,10,249,1,21,3,A,7,3,A,7,31.7,A,7,21.7,A,7,56,A,7,988,A,7,190,A,7,5.7,A,7,19200,B,7,77777,A,7,3.9,E,8,0.000,F,8,0.00,F,8,0,1,D,9,00,C,8
06/15/1994,19:00,391,1324,190,1,10,292,1,16,103,1,10,202,1,10,262,1,16,124,1,10,201,1,21,7,A,7,2,A,7,31.1,A,7,22.2,A,7,59,A,7,988,A,7,200,A,7,4.1,A,7,24000,B,7,77777,A,7,3.9,E,8,0.000,F,8,0.00,F,8,0,1,D,9,00,C,8
06/15/1994,20:00,162,1324,61,1,10,129,1,16,45,1,10,64,1,10,71,1,16,55,1,10,84,1,21,8,A,7,1,A,7,28.9,A,7,22.2,A,7,67,A,7,988,A,7,190,A,7,3.1,A,7,19200,B,7,77777,A,7,3.9,E,8,0.000,F,8,0.00,F,8,0,1,D,9,00,C,8
06/15/1994,21:00,7,364,1,1,10,3,1,16,1,1,10,0,1,10,0,1,16,0,1,10,0,1,21,7,A,7,0,A,7,27.2,A,7,22.2,A,7,74,A,7,989,A,7,220,A,7,3.1,A,7,19200,B,7,77777,A,7,3.9,E,8,0.000,F,8,0.00,F,8,0,1,D,9,00,C,8
06/15/1994,22:00,0,0,0,1,0,0,1,0,0,1,0,0,1,0,0,1,0,0,1,0,0,1,0,3,A,7,0,A,7,25.6,A,7,21.7,A,7,79,A,7,989,A,7,180,A,7,3.1,A,7,12800,B,7,77777,A,7,3.9,E,8,0.000,F,8,0.00,F,8,0,1,D,9,00,C,8
06/15/1994,23:00,0,0,0,1,0,0,1,0,0,1,0,0,1,0,0,1,0,0,1,0,0,1,0,0,A,7,0,A,7,26.1,A,7,21.7,A,7,77,A,7,989,A,7,200,A,7,3.6,A,7,12800,B,7,77777,A,7,3.9,E,8,0.000,F,8,0.00,F,8,0,1,D,9,00,C,8
06/15/1994,24:00,0,0,0,1,0,0,1,0,0,1,0,0,1,0,0,1,0,0,1,0,0,1,0,0,A,7,0,A,7,25.0,A,7,21.1,A,7,79,A,7,990,A,7,190,A,7,3.1,A,7,12800,B,7,77777,A,7,3.9,E,8,0.000,F,8,0.00,F,8,0,1,D,9,00,C,8
06/16/1994,01:00,0,0,0,1,0,0,1,0,0,1,0,0,1,0,0,1,0,0,1,0,0,1,0,0,A,7,0,A,7,23.9,A,7,21.1,A,7,84,A,7,990,A,7,200,A,7,3.1,A,7,12800,B,7,77777,A,7,3.9,E,8,0.000,F,8,0.00,F,8,0,1,D,9,00,C,8
06/16/1994,02:00,0,0,0,1,0,0,1,0,0,1,0,0,1,0,0,1,0,0,1,0,0,1,0,0,A,7,0,A,7,23.3,A,7,20.6,A,7,85,A,7,990,A,7,210,A,7,2.6,A,7,12800,B,7,77777,A,7,3.9,E,8,0.000,F,8,0.00,F,8,0,1,D,9,00,C,8
06/16/1994,03:00,0,0,0,1,0,0,1,0,0,1,0,0,1,0,0,1,0,0,1,0,0,1,0,0,A,7,0,A,7,23.3,A,7,20.6,A,7,85,A,7,990,A,7,190,A,7,3.1,A,7,12800,B,7,77777,A,7,3.9,E,8,0.000,F,8,0.00,F,8,0,1,D,9,00,C,8
06/16/1994,04:00,0,0,0,1,0,0,1,0,0,1,0,0,1,0,0,1,0,0,1,0,0,1,0,1,A,7,0,A,7,23.3,A,7,20.6,A,7,85,A,7,990,A,7,210,A,7,2.1,A,7,12800,B,7,77777,A,7,3.9,E,8,0.000,F,8,0.00,F,8,0,1,D,9,00,C,8
06/16/1994,05:00,0,0,0,1,0,0,1,0,0,1,0,0,1,0,0,1,0,0,1,0,0,1,0,6,A,7,1,A,7,23.3,A,7,20.6,A,7,85,A,7,990,A,7,190,A,7,2.1,A,7,9600,B,7,77777,A,7,3.9,E,8,0.000,F,8,0.00,F,8,0,1,D,9,00,C,8
06/16/1994,06:00,98,1290,30,1,10,34,1,16,27,1,10,33,1,10,17,1,16,31,1,10,56,1,21,6,A,7,1,A,7,23.3,A,7,20.6,A,7,85,A,7,991,A,7,230,A,7,2.1,A,7,9600,B,7,77777,A,7,3.9,E,8,0.000,F,8,0.00,F,8,0,1,D,9,45,C,8
06/16/1994,07:00,323,1324,152,1,10,298,1,16,79,1,10,158,1,10,244,1,16,99,1,10,145,1,21,4,A,7,0,A,7,26.1,A,7,21.7,A,7,77,A,7,991,A,7,220,A,7,3.6,A,7,11200,B,7,77777,A,7,3.9,E,8,0.000,F,8,0.00,F,8,0,1,D,9,45,C,8
06/16/1994,08:00,554,1324,323,1,10,507,1,16,111,1,10,334,1,10,482,1,16,132,1,10,217,1,21,1,A,7,0,A,7,27.8,A,7,21.7,A,7,69,A,7,992,A,7,260,A,7,4.1,A,7,11200,B,7,77777,A,7,3.9,E,8,0.000,F,8,0.00,F,8,0,1,D,9,00,C,8
06/16/1994,09:00,771,1324,508,1,10,603,1,16,156,1,10,530,1,10,601,1,16,179,1,10,355,1,21,3,A,7,0,A,7,28.9,A,7,22.2,A,7,67,A,7,992,A,7,270,A,7,3.1,A,7,11200,B,7,77777,A,7,3.9,E,8,0.000,F,8,0.00,F,8,0,1,D,9,00,C,8
06/16/1994,10:00,960,1324,683,1,10,666,1,16,200,1,10,718,1,10,673,1,16,229,1,10,581,1,21,5,A,7,0,A,7,30.6,A,7,22.2,A,7,61,A,7,992,A,7,300,A,7,3.1,A,7,11200,B,7,77777,A,7,3.9,E,8,0.000,F,8,0.00,F,8,0,1,D,9,00,C,8
06/16/1994,11:00,1109,1324,766,1,10,684,1,16,193,1,10,821,1,10,701,1,16,233,1,10,788,1,21,3,A,7,1,A,7,32.2,A,7,22.2,A,7,56,A,7,991,A,7,250,A,7,2.6,A,7,12800,B,7,77777,A,7,3.9,E,8,0.000,F,8,0.00,F,8,0,1,D,9,00,C,8
06/16/1994,12:00,1206,1324,848,1,10,713,1,16,198,1,10,916,1,10,733,1,16,246,1,10,1128,1,21,2,A,7,1,A,7,33.3,A,7,21.7,A,7,51,A,7,991,A,7,240,A,7,2.6,A,7,14400,B,7,77777,A,7,3.9,E,8,0.000,F,8,0.00,F,8,0,1,D,9,00,C,8
06/16/1994,13:00,1245,1324,891,1,10,672,1,16,259,1,10,948,1,10,684,1,16,304,1,10,1760,1,21,3,A,7,3,A,7,32.8,A,7,20.6,A,7,49,A,7,991,A,7,210,A,7,4.1,A,7,14400,B,7,77777,A,7,3.9,E,8,0.000,F,8,0.00,F,8,0,1,D,9,00,C,8
06/16/1994,14:00,1224,1324,880,1,10,746,1,16,189,1,10,923,1,10,750,1,16,228,1,10,1073,1,21,2,A,7,2,A,7,34.4,A,7,20.6,A,7,45,A,7,991,A,7,190,A,7,5.7,A,7,14400,B,7,77777,A,7,3.9,E,8,0.000,F,8,0.00,F,8,0,1,D,9,00,C,8
06/16/1994,15:00,1143,1324,789,1,10,651,1,16,227,1,10,839,1,10,663,1,16,265,1,10,1017,1,21,3,A,7,3,A,7,33.9,A,7,20.6,A,7,46,A,7,990,A,7,250,A,7,4.6,A,7,14400,B,7,77777,A,7,3.9,E,8,0.000,F,8,0.00,F,8,0,1,D,9,00,C,8
06/16/1994,16:00,1010,1324,653,1,10,574,1,16,215,1,10,686,1,10,580,1,16,243,1,10,682,1,21,2,A,7,2,A,7,35.0,A,7,20.0,A,7,42,A,7,990,A,7,260,A,7,4.1,A,7,14400,B,7,77777,A,7,3.9,E,8,0.000,F,8,0.00,F,8,0,1,D,9,00,C,8
06/16/1994,17:00,831,1324,480,1,10,492,1,16,171,1,10,523,1,10,508,1,16,204,1,10,413,1,21,3,A,7,3,A,7,33.9,A,7,20.0,A,7,44,A,7,990,A,7,270,A,7,5.2,A,7,14400,B,7,77777,A,7,3.8,E,8,0.000,F,8,0.00,F,8,0,1,D,9,00,C,8
06/16/1994,18:00,621,1324,370,1,10,492,1,16,139,1,10,395,1,10,488,1,16,166,1,10,282,1,21,4,A,7,2,A,7,33.3,A,7,20.0,A,7,46,A,7,989,A,7,270,A,7,4.1,A,7,17600,B,7,77777,A,7,3.8,E,8,0.000,F,8,0.00,F,8,0,1,D,9,00,C,8
06/16/1994,19:00,393,1324,198,1,10,384,1,16,84,1,10,210,1,10,339,1,16,110,1,10,154,1,21,1,A,7,0,A,7,31.7,A,7,21.7,A,7,56,A,7,989,A,7,290,A,7,2.1,A,7,17600,B,7,77777,A,7,3.8,E,8,0.000,F,8,0.00,F,8,0,1,D,9,00,C,8
06/16/1994,20:00,164,1324,59,1,10,63,1,16,51,1,10,63,1,10,39,1,16,59,1,10,107,1,21,7,A,7,2,A,7,28.3,A,7,22.2,A,7,70,A,7,990,A,7,320,A,7,2.1,A,7,16000,B,7,77777,A,7,3.8,E,8,0.000,F,8,0.00,F,8,0,1,D,9,00,C,8
06/16/1994,21:00,8,364,1,1,10,0,1,16,0,1,10,0,1,10,0,1,16,0,1,10,0,1,21,6,A,7,3,A,7,25.6,A,7,21.1,A,7,76,A,7,990,A,7,320,A,7,1.5,A,7,16000,B,7,77777,A,7,3.8,E,8,0.000,F,8,0.00,F,8,0,1,D,9,00,C,8
06/16/1994,22:00,0,0,0,1,0,0,1,0,0,1,0,0,1,0,0,1,0,0,1,0,0,1,0,2,A,7,0,A,7,23.9,A,7,21.1,A,7,84,A,7,991,A,7,290,A,7,2.6,A,7,16000,B,7,77777,A,7,3.8,E,8,0.000,F,8,0.00,F,8,0,1,D,9,00,C,8
06/16/1994,23:00,0,0,0,1,0,0,1,0,0,1,0,0,1,0,0,1,0,0,1,0,0,1,0,3,A,7,0,A,7,22.2,A,7,20.6,A,7,91,A,7,990,A,7,30,A,7,2.1,A,7,16000,B,7,77777,A,7,3.8,E,8,0.000,F,8,0.00,F,8,0,1,D,9,00,C,8
06/16/1994,24:00,0,0,0,1,0,0,1,0,0,1,0,0,1,0,0,1,0,0,1,0,0,1,0,2,A,7,0,A,7,21.7,A,7,20.6,A,7,93,A,7,990,A,7,0,A,7,0.0,A,7,16000,B,7,77777,A,7,3.8,E,8,0.000,F,8,0.00,F,8,0,1,D,9,00,C,8
06/17/1994,01:00,0,0,0,1,0,0,1,0,0,1,0,0,1,0,0,1,0,0,1,0,0,1,0,0,A,7,0,A,7,20.0,A,7,19.4,A,7,96,A,7,990,A,7,0,A,7,0.0,A,7,16000,B,7,77777,A,7,3.8,E,8,0.000,F,8,0.00,F,8,0,1,D,9,00,C,8
06/17/1994,02:00,0,0,0,1,0,0,1,0,0,1,0,0,1,0,0,1,0,0,1,0,0,1,0,0,A,7,0,A,7,20.0,A,7,19.4,A,7,96,A,7,990,A,7,0,A,7,0.0,A,7,16000,B,7,77777,A,7,3.8,E,8,0.000,F,8,0.00,F,8,0,1,D,9,00,C,8
06/17/1994,03:00,0,0,0,1,0,0,1,0,0,1,0,0,1,0,0,1,0,0,1,0,0,1,0,0,A,7,0,A,7,20.0,A,7,18.9,A,7,93,A,7,990,A,7,0,A,7,0.0,A,7,16000,B,7,77777,A,7,3.8,E,8,0.000,F,8,0.00,F,8,0,1,D,9,00,C,8
06/17/1994,04:00,0,0,0,1,0,0,1,0,0,1,0,0,1,0,0,1,0,0,1,0,0,1,0,6,A,7,1,A,7,20.0,A,7,19.4,A,7,96,A,7,990,A,7,290,A,7,2.1,A,7,12800,B,7,77777,A,7,3.8,E,8,0.000,F,8,0.00,F,8,0,1,D,9,00,C,8
06/17/1994,05:00,0,0,0,1,0,0,1,0,0,1,0,0,1,0,0,1,0,0,1,0,0,1,0,6,A,7,2,A,7,19.4,A,7,18.3,A,7,93,A,7,991,A,7,0,A,7,0.0,A,7,9600,B,7,77777,A,7,3.8,E,8,0.000,F,8,0.00,F,8,0,1,D,9,00,C,8
06/17/1994,06:00,98,1290,26,1,10,22,1,16,25,1,10,29,1,10,13,1,16,28,1,10,60,1,21,5,A,7,3,A,7,19.4,A,7,18.9,A,7,97,A,7,991,A,7,0,A,7,0.0,A,7,9600,B,7,77777,A,7,3.8,E,8,0.000,F,8,0.00,F,8,0,1,D,9,45,C,8
06/17/1994,07:00,323,1323,149,1,10,231,1,16,92,1,10,157,1,10,191,1,16,110,1,10,179,1,21,6,A,7,2,A,7,26.1,A,7,21.1,A,7,74,A,7,991,A,7,0,A,7,0.0,A,7,9600,B,7,77777,A,7,3.8,E,8,0.000,F,8,0.00,F,8,0,1,D,9,45,C,8
06/17/1994,08:00,553,1323,299,1,10,360,1,16,148,1,10,312,1,10,348,1,16,166,1,10,295,1,21,6,A,7,3,A,7,26.7,A,7,21.7,A,7,74,A,7,992,A,7,340,A,7,1.5,A,7,16000,B,7,77777,A,7,3.8,E,8,0.000,F,8,0.00,F,8,0,1,D,9,45,C,8
06/17/1994,09:00,770,1323,434,1,10,272,1,16,275,1,10,462,1,10,288,1,16,294,1,10,689,1,21,6,A,7,2,A,7,28.9,A,7,20.0,A,7,59,A,7,992,A,7,20,A,7,2.6,A,7,16000,B,7,77777,A,7,3.8,E,8,0.000,F,8,0.00,F,8,0,1,D,9,00,C,8
06/17/1994,10:00,960,1323,680,1,10,645,1,16,212,1,10,711,1,10,650,1,16,239,1,10,610,1,21,5,A,7,0,A,7,30.6,A,7,19.4,A,7,51,A,7,991,A,7,340,A,7,1.5,A,7,16000,B,7,77777,A,7,3.8,E,8,0.000,F,8,0.00,F,8,0,1,D,9,00,C,8
06/17/1994,11:00,1108,1323,812,1,10,732,1,16,199,1,10,868,1,10,749,1,16,240,1,10,810,1,21,0,A,7,0,A,7,32.8,A,7,20.6,A,7,49,A,7,991,A,7,350,A,7,2.1,A,7,16000,B,7,77777,A,7,3.8,E,8,0.000,F,8,0.00,F,8,0,1,D,9,00,C,8
06/17/1994,12:00,1205,1323,900,1,10,757,1,16,210,1,10,968,1,10,776,1,16,259,1,10,1192,1,21,0,A,7,0,A,7,32.2,A,7,20.0,A,7,49,A,7,991,A,7,340,A,7,3.1,A,7,16000,B,7,77777,A,7,3.9,E,8,0.000,F,8,0.00,F,8,0,1,D,9,00,C,8
06/17/1994,13:00,1245,1323,941,1,10,694,1,16,288,1,10,994,1,10,702,1,16,332,1,10,1946,1,21,4,A,7,4,A,7,32.8,A,7,20.6,A,7,49,A,7,991,A,7,140,A,7,2.1,A,7,16000,B,7,77777,A,7,3.9,E,8,0.000,F,8,0.00,F,8,0,1,D,9,00,C,8
06/17/1994,14:00,1224,1323,898,1,10,559,1,16,380,1,10,956,1,10,584,1,16,415,1,10,2392,1,21,4,A,7,4,A,7,34.4,A,7,20.6,A,7,45,A,7,990,A,7,310,A,7,2.6,A,7,16000,B,7,77777,A,7,3.9,E,8,0.000,F,8,0.00,F,8,0,1,D,9,00,C,8
06/17/1994,15:00,1144,1323,674,1,10,419,1,16,311,1,10,725,1,10,438,1,16,345,1,10,1424,1,21,4,A,7,4,A,7,33.3,A,7,19.4,A,7,44,A,7,990,A,7,260,A,7,2.6,A,7,16000,B,7,77777,A,7,3.9,E,8,0.000,F,8,0.00,F,8,0,1,D,9,00,C,8
06/17/1994,16:00,1010,1323,564,1,10,366,1,16,284,1,10,620,1,10,397,1,16,317,1,10,901,1,21,8,A,7,5,A,7,33.3,A,7,19.4,A,7,44,A,7,989,A,7,300,A,7,1.5,A,7,16000,B,7,7620,A,7,4.0,E,8,0.000,F,8,0.00,F,8,0,1,D,9,00,C,8
06/17/1994,17:00,832,1323,397,1,10,123,1,16,319,1,10,436,1,10,126,1,16,356,1,10,1023,1,21,7,A,7,5,A,7,33.3,A,7,20.0,A,7,46,A,7,988,A,7,170,A,7,1.5,A,7,16000,B,7,7620,A,7,4.0,E,8,0.000,F,8,0.00,F,8,0,1,D,9,00,C,8
06/17/1994,18:00,622,1323,236,1,10,76,1,16,201,1,10,260,1,10,75,1,16,225,1,10,587,1,21,10,A,7,8,A,7,32.2,A,7,21.7,A,7,54,A,7,988,A,7,180,A,7,3.6,A,7,14400,B,7,7010,A,7,4.0,E,8,0.000,F,8,0.00,F,8,0,1,D,9,00,C,8
06/17/1994,19:00,394,1323,145,1,10,119,1,16,109,1,10,158,1,10,108,1,16,126,1,10,243,1,21,9,A,7,6,A,7,31.7,A,7,21.1,A,7,54,A,7,989,A,7,210,A,7,2.6,A,7,14400,B,7,7010,A,7,4.0,E,8,0.000,F,8,0.00,F,8,0,1,D,9,00,C,8
06/17/1994,20:00,165,1323,50,1,10,21,1,16,47,1,10,54,1,10,15,1,16,52,1,10,111,1,21,10,A,7,5,A,7,30.6,A,7,21.1,A,7,57,A,7,989,A,7,230,A,7,3.1,A,7,12800,B,7,77777,A,7,4.0,E,8,0.000,F,8,0.00,F,8,0,1,D,9,00,C,8
06/17/1994,21:00,8,386,1,1,10,0,1,16,1,1,10,0,1,10,0,1,16,0,1,10,0,1,21,10,A,7,5,A,7,26.7,A,7,22.2,A,7,76,A,7,989,A,7,200,A,7,1.5,A,7,12800,B,7,77777,A,7,4.1,E,8,0.000,F,8,0.00,F,8,0,1,D,9,00,C,8
06/17/1994,22:00,0,0,0,1,0,0,1,0,0,1,0,0,1,0,0,1,0,0,1,0,0,1,0,10,A,7,5,A,7,25.6,A,7,22.2,A,7,82,A,7,989,A,7,220,A,7,1.5,A,7,12800,B,7,77777,A,7,4.1,E,8,0.000,F,8,0.00,F,8,0,1,D,9,00,C,8
06/17/1994,23:00,0,0,0,1,0,0,1,0,0,1,0,0,1,0,0,1,0,0,1,0,0,1,0,7,A,7,5,A,7,23.9,A,7,21.7,A,7,88,A,7,989,A,7,0,A,7,0.0,A,7,12800,B,7,7010,A,7,4.1,E,8,0.000,F,8,0.00,F,8,0,1,D,9,00,C,8
06/17/1994,24:00,0,0,0,1,0,0,1,0,0,1,0,0,1,0,0,1,0,0,1,0,0,1,0,10,A,7,1,A,7,22.8,A,7,21.1,A,7,90,A,7,989,A,7,290,A,7,2.1,A,7,12800,B,7,77777,A,7,4.1,E,8,0.000,F,8,0.00,F,8,0,1,D,9,00,C,8
06/18/1994,01:00,0,0,0,1,0,0,1,0,0,1,0,0,1,0,0,1,0,0,1,0,0,1,0,10,A,7,1,A,7,22.8,A,7,21.1,A,7,90,A,7,989,A,7,280,A,7,1.5,A,7,12800,B,7,77777,A,7,4.1,E,8,0.000,F,8,0.00,F,8,0,1,D,9,00,C,8
06/18/1994,02:00,0,0,0,1,0,0,1,0,0,1,0,0,1,0,0,1,0,0,1,0,0,1,0,7,A,7,1,A,7,21.7,A,7,21.1,A,7,96,A,7,989,A,7,0,A,7,0.0,A,7,11200,B,7,77777,A,7,4.2,E,8,0.000,F,8,0.00,F,8,0,1,D,9,00,C,8
06/18/1994,03:00,0,0,0,1,0,0,1,0,0,1,0,0,1,0,0,1,0,0,1,0,0,1,0,0,A,7,0,A,7,20.6,A,7,20.0,A,7,96,A,7,988,A,7,0,A,7,0.0,A,7,11200,B,7,77777,A,7,4.2,E,8,0.000,F,8,0.00,F,8,0,1,D,9,00,C,8
06/18/1994,04:00,0,0,0,1,0,0,1,0,0,1,0,0,1,0,0,1,0,0,1,0,0,1,0,1,A,7,0,A,7,20.0,A,7,19.4,A,7,96,A,7,988,A,7,0,A,7,0.0,A,7,11200,B,7,77777,A,7,4.2,E,8,0.000,F,8,0.00,F,8,0,1,D,9,00,C,8
06/18/1994,05:00,0,0,0,1,0,0,1,0,0,1,0,0,1,0,0,1,0,0,1,0,0,1,0,0,A,7,0,A,7,20.0,A,7,20.0,A,7,100,A,7,989,A,7,0,A,7,0.0,A,7,11200,B,7,77777,A,7,4.2,E,8,0.000,F,8,0.00,F,8,0,1,D,9,00,C,8
06/18/1994,06:00,98,1290,29,1,10,80,1,16,23,1,10,31,1,10,32,1,16,29,1,10,40,1,21,0,A,7,0,A,7,20.6,A,7,20.0,A,7,96,A,7,989,A,7,0,A,7,0.0,A,7,11200,B,7,77777,A,7,4.3,E,8,0.000,F,8,0.00,F,8,0,1,D,9,00,C,8
06/18/1994,07:00,322,1323,148,1,10,339,1,16,66,1,10,158,1,10,278,1,16,90,1,10,119,1,21,3,A,7,1,A,7,24.4,A,7,21.7,A,7,85,A,7,990,A,7,300,A,7,2.1,A,7,11200,B,7,77777,A,7,4.3,E,8,0.000,F,8,0.00,F,8,0,1,D,9,00,C,8
06/18/1994,08:00,552,1323,334,1,10,538,1,16,109,1,10,346,1,10,512,1,16,132,1,10,213,1,21,4,A,7,0,A,7,27.8,A,7,20.6,A,7,65,A,7,990,A,7,340,A,7,2.1,A,7,11200,B,7,77777,A,7,4.3,E,8,0.000,F,8,0.00,F,8,0,1,D,9,00,C,8
06/18/1994,09:00,770,1323,521,1,10,652,1,16,142,1,10,548,1,10,653,1,16,168,1,10,328,1,21,4,A,7,0,A,7,29.4,A,7,20.6,A,7,59,A,7,990,A,7,340,A,7,3.1,A,7,11200,B,7,77777,A,7,4.3,E,8,0.000,F,8,0.00,F,8,0,1,D,9,00,C,8
06/18/1994,10:00,959,1323,689,1,10,718,1,16,168,1,10,733,1,10,732,1,16,201,1,10,498,1,21,4,A,7,0,A,7,31.7,A,7,19.4,A,7,48,A,7,990,A,7,340,A,7,3.1,A,7,11200,B,7,77777,A,7,4.2,E,8,0.000,F,8,0.00,F,8,0,1,D,9,00,C,8
06/18/1994,11:00,1108,1323,813,1,10,758,1,16,178,1,10,846,1,10,759,1,16,209,1,10,650,1,21,3,A,7,0,A,7,32.8,A,7,18.3,A,7,42,A,7,990,A,7,320,A,7,3.6,A,7,11200,B,7,77777,A,7,4.2,E,8,0.000,F,8,0.00,F,8,0,1,D,9,00,C,8
06/18/1994,12:00,1205,1323,905,1,10,795,1,16,180,1,10,952,1,10,801,1,16,222,1,10,945,1,21,2,A,7,0,A,7,34.4,A,7,17.8,A,7,37,A,7,989,A,7,290,A,7,2.6,A,7,11200,B,7,77777,A,7,4.2,E,8,0.000,F,8,0.00,F,8,0,1,D,9,00,C,8
06/18/1994,13:00,1245,1323,830,1,10,677,1,16,192,1,10,901,1,10,698,1,16,243,1,10,1326,1,21,3,A,7,0,A,7,33.9,A,7,17.2,A,7,37,A,7,989,A,7,290,A,7,3.1,A,7,11200,B,7,77777,A,7,4.2,E,8,0.000,F,8,0.00,F,8,0,1,D,9,00,C,8
06/18/1994,14:00,1224,1323,925,1,10,816,1,16,169,1,10,982,1,10,825,1,16,217,1,10,981,1,21,0,A,7,0,A,7,35.0,A,7,15.6,A,7,31,A,7,989,A,7,250,A,7,3.1,A,7,11200,B,7,77777,A,7,4.2,E,8,0.000,F,8,0.00,F,8,0,1,D,9,00,C,8
06/18/1994,15:00,1144,1323,854,1,10,800,1,16,162,1,10,903,1,10,807,1,16,203,1,10,683,1,21,0,A,7,0,A,7,35.0,A,7,14.4,A,7,29,A,7,988,A,7,290,A,7,3.6,A,7,11200,B,7,77777,A,7,4.2,E,8,0.000,F,8,0.00,F,8,0,1,D,9,00,C,8
06/18/1994,16:00,1011,1323,705,1,10,732,1,16,145,1,10,740,1,10,736,1,16,177,1,10,435,1,21,1,A,7,1,A,7,35.6,A,7,13.9,A,7,27,A,7,988,A,7,0,A,7,0.0,A,7,16000,B,7,77777,A,7,4.2,E,8,0.000,F,8,0.00,F,8,0,1,D,9,00,C,8
06/18/1994,17:00,833,1323,577,1,10,711,1,16,130,1,10,616,1,10,722,1,16,161,1,10,327,1,21,0,A,7,0,A,7,35.6,A,7,13.9,A,7,27,A,7,987,A,7,260,A,7,2.1,A,7,16000,B,7,77777,A,7,4.2,E,8,0.000,F,8,0.00,F,8,0,1,D,9,00,C,8
06/18/1994,18:00,623,1323,395,1,10,619,1,16,104,1,10,416,1,10,606,1,16,130,1,10,217,1,21,0,A,7,0,A,7,35.0,A,7,14.4,A,7,29,A,7,987,A,7,290,A,7,2.1,A,7,16000,B,7,77777,A,7,4.2,E,8,0.000,F,8,0.00,F,8,0,1,D,9,00,C,8
06/18/1994,19:00,395,1323,210,1,10,460,1,16,73,1,10,217,1,10,405,1,16,96,1,10,136,1,21,0,A,7,0,A,7,34.4,A,7,17.2,A,7,36,A,7,987,A,7,0,A,7,0.0,A,7,16000,B,7,77777,A,7,4.2,E,8,0.000,F,8,0.00,F,8,0,1,D,9,00,C,8
06/18/1994,20:00,166,1323,57,1,10,147,1,16,38,1,10,60,1,10,83,1,16,50,1,10,68,1,21,1,A,7,1,A,7,28.3,A,7,19.4,A,7,59,A,7,987,A,7,0,A,7,0.0,A,7,16000,B,7,77777,A,7,4.2,E,8,0.000,F,8,0.00,F,8,0,1,D,9,00,C,8
06/18/1994,21:00,8,386,1,1,10,3,1,16,0,1,10,0,1,10,0,1,16,0,1,10,0,1,21,0,A,7,0,A,7,25.6,A,7,20.0,A,7,71,A,7,988,A,7,0,A,7,0.0,A,7,16000,B,7,77777,A,7,4.2,E,8,0.000,F,8,0.00,F,8,0,1,D,9,00,C,8
06/18/1994,22:00,0,0,0,1,0,0,1,0,0,1,0,0,1,0,0,1,0,0,1,0,0,1,0,0,A,7,0,A,7,23.9,A,7,20.6,A,7,82,A,7,988,A,7,0,A,7,0.0,A,7,16000,B,7,77777,A,7,4.1,E,8,0.000,F,8,0.00,F,8,0,1,D,9,00,C,8
06/18/1994,23:00,0,0,0,1,0,0,1,0,0,1,0,0,1,0,0,1,0,0,1,0,0,1,0,4,A,7,4,A,7,25.0,A,7,20.6,A,7,77,A,7,988,A,7,310,A,7,3.1,A,7,11200,B,7,77777,A,7,4.1,E,8,0.000,F,8,0.00,F,8,0,1,D,9,00,C,8
06/18/1994,24:00,0,0,0,1,0,0,1,0,0,1,0,0,1,0,0,1,0,0,1,0,0,1,0,0,A,7,0,A,7,26.7,A,7,20.6,A,7,69,A,7,989,A,7,30,A,7,4.6,A,7,12800,B,7,77777,A,7,4.1,E,8,0.000,F,8,0.00,F,8,0,1,D,9,00,C,8
06/19/1994,01:00,0,0,0,1,0,0,1,0,0,1,0,0,1,0,0,1,0,0,1,0,0,1,0,0,A,7,0,A,7,24.4,A,7,20.0,A,7,76,A,7,989,A,7,10,A,7,4.1,A,7,16000,B,7,77777,A,7,4.1,E,8,0.000,F,8,0.00,F,8,0,1,D,9,00,C,8
06/19/1994,02:00,0,0,0,1,0,0,1,0,0,1,0,0,1,0,0,1,0,0,1,0,0,1,0,0,A,7,0,A,7,22.8,A,7,18.9,A,7,79,A,7,989,A,7,60,A,7,4.1,A,7,16000,B,7,77777,A,7,4.1,E,8,0.000,F,8,0.00,F,8,0,1,D,9,00,C,8
06/19/1994,03:00,0,0,0,1,0,0,1,0,0,1,0,0,1,0,0,1,0,0,1,0,0,1,0,0,A,7,0,A,7,21.7,A,7,18.9,A,7,84,A,7,989,A,7,50,A,7,3.1,A,7,16000,B,7,77777,A,7,4.1,E,8,0.000,F,8,0.00,F,8,0,1,D,9,00,C,8
06/19/1994,04:00,0,0,0,1,0,0,1,0,0,1,0,0,1,0,0,1,0,0,1,0,0,1,0,3,A,7,1,A,7,21.1,A,7,18.9,A,7,87,A,7,989,A,7,60,A,7,2.6,A,7,16000,B,7,77777,A,7,4.1,E,8,0.000,F,8,0.00,F,8,0,1,D,9,00,C,8
06/19/1994,05:00,0,0,0,1,0,0,1,0,0,1,0,0,1,0,0,1,0,0,1,0,0,1,0,4,A,7,2,A,7,20.6,A,7,18.3,A,7,87,A,7,990,A,7,40,A,7,2.6,A,7,16000,B,7,77777,A,7,4.1,E,8,0.000,F,8,0.00,F,8,0,1,D,9,00,C,8
06/19/1994,06:00,97,1290,28,1,10,36,1,16,26,1,10,32,1,10,18,1,16,30,1,10,54,1,21,9,A,7,3,A,7,21.7,A,7,17.2,A,7,76,A,7,990,A,7,50,A,7,3.6,A,7,16000,B,7,77777,A,7,4.1,E,8,0.000,F,8,0.00,F,8,0,1,D,9,00,C,8
06/19/1994,07:00,322,1323,154,1,10,312,1,16,78,1,10,161,1,10,255,1,16,99,1,10,143,1,21,7,A,7,2,A,7,22.8,A,7,17.2,A,7,71,A,7,990,A,7,50,A,7,3.1,A,7,16000,B,7,77777,A,7,4.1,E,8,0.000,F,8,0.00,F,8,0,1,D,9,00,C,8
06/19/1994,08:00,552,1323,344,1,10,543,1,16,117,1,10,354,1,10,515,1,16,139,1,10,226,1,21,8,A,7,0,A,7,23.9,A,7,17.8,A,7,69,A,7,991,A,7,50,A,7,3.6,A,7,16000,B,7,77777,A,7,4.1,E,8,0.000,F,8,0.00,F,8,0,1,D,9,00,C,8
06/19/1994,09:00,769,1323,532,1,10,663,1,16,146,1,10,558,1,10,663,1,16,172,1,10,335,1,21,7,A,7,0,A,7,26.1,A,7,17.2,A,7,58,A,7,991,A,7,50,A,7,4.1,A,7,16000,B,7,77777,A,7,4.1,E,8,0.000,F,8,0.00,F,8,0,1,D,9,00,C,8
06/19/1994,10:00,959,1323,690,1,10,734,1,16,158,1,10,737,1,10,750,1,16,193,1,10,471,1,21,5,A,7,0,A,7,27.2,A,7,17.8,A,7,56,A,7,991,A,7,50,A,7,4.1,A,7,16000,B,7,77777,A,7,4.1,E,8,0.000,F,8,0.00,F,8,0,1,D,9,00,C,8
06/19/1994,11:00,1107,1323,828,1,10,757,1,16,194,1,10,886,1,10,775,1,16,236,1,10,790,1,21,7,A,7,0,A,7,28.9,A,7,17.2,A,7,49,A,7,991,A,7,60,A,7,4.6,A,7,16000,B,7,77777,A,7,4.1,E,8,0.000,F,8,0.00,F,8,0,1,D,9,00,C,8
06/19/1994,12:00,1205,1323,909,1,10,782,1,16,196,1,10,948,1,10,784,1,16,232,1,10,1011,1,21,6,A,7,0,A,7,29.4,A,7,18.9,A,7,53,A,7,991,A,7,30,A,7,4.6,A,7,16000,B,7,77777,A,7,4.1,E,8,0.000,F,8,0.00,F,8,0,1,D,9,00,C,8
06/19/1994,13:00,1245,1323,765,1,10,148,1,16,625,1,10,842,1,10,155,1,16,695,1,10,3206,1,21,7,A,7,7,A,7,30.0,A,7,18.9,A,7,51,A,7,991,A,7,40,A,7,4.6,A,7,16000,B,7,5486,A,7,4.1,E,8,0.000,F,8,0.00,F,8,0,1,D,9,00,C,8
06/19/1994,14:00,1224,1323,530,1,10,256,1,16,293,1,10,597,1,10,279,1,16,338,1,10,1613,1,21,8,A,7,8,A,7,31.7,A,7,19.4,A,7,48,A,7,990,A,7,20,A,7,4.6,A,7,16000,B,7,4877,A,7,4.1,E,8,0.000,F,8,0.00,F,8,0,1,D,9,00,C,8
06/19/1994,15:00,1145,1323,700,1,10,400,1,16,354,1,10,744,1,10,417,1,16,382,1,10,1638,1,21,6,A,7,4,A,7,31.7,A,7,19.4,A,7,48,A,7,990,A,7,30,A,7,4.6,A,7,16000,B,7,4877,A,7,4.1,E,8,0.000,F,8,0.00,F,8,0,1,D,9,00,C,8
06/19/1994,16:00,1012,1323,521,1,10,419,1,16,201,1,10,575,1,10,438,1,16,240,1,10,644,1,21,6,A,7,3,A,7,31.7,A,7,20.0,A,7,50,A,7,990,A,7,50,A,7,5.7,A,7,16000,B,7,77777,A,7,4.1,E,8,0.000,F,8,0.00,F,8,0,1,D,9,00,C,8
06/19/1994,17:00,834,1323,499,1,10,485,1,16,192,1,10,536,1,10,500,1,16,221,1,10,470,1,21,7,A,7,2,A,7,30.0,A,7,20.0,A,7,55,A,7,989,A,7,40,A,7,6.2,A,7,16000,B,7,77777,A,7,4.1,E,8,0.000,F,8,0.00,F,8,0,1,D,9,00,C,8
06/19/1994,18:00,624,1323,366,1,10,439,1,16,159,1,10,386,1,10,435,1,16,181,1,10,327,1,21,8,A,7,3,A,7,28.3,A,7,18.3,A,7,55,A,7,989,A,7,50,A,7,5.2,A,7,16000,B,7,77777,A,7,4.2,E,8,0.000,F,8,0.00,F,8,0,1,D,9,00,C,8
06/19/1994,19:00,396,1323,215,1,10,427,1,16,87,1,10,228,1,10,378,1,16,115,1,10,160,1,21,7,A,7,2,A,7,25.6,A,7,15.6,A,7,54,A,7,989,A,7,40,A,7,4.6,A,7,16000,B,7,77777,A,7,4.2,E,8,0.000,F,8,0.00,F,8,0,1,D,9,00,C,8
06/19/1994,20:00,167,1323,63,1,10,57,1,16,55,1,10,67,1,10,35,1,16,62,1,10,116,1,21,4,A,7,4,A,7,23.9,A,7,14.4,A,7,55,A,7,989,A,7,50,A,7,4.1,A,7,16000,B,7,77777,A,7,4.2,E,8,0.000,F,8,0.00,F,8,0,1,D,9,00,C,8
06/19/1994,21:00,8,386,1,1,10,4,1,16,1,1,10,0,1,10,0,1,16,0,1,10,0,1,21,4,A,7,4,A,7,22.2,A,7,13.9,A,7,59,A,7,989,A,7,40,A,7,3.1,A,7,16000,B,7,77777,A,7,4.2,E,8,0.000,F,8,0.00,F,8,0,1,D,9,00,C,8
06/19/1994,22:00,0,0,0,1,0,0,1,0,0,1,0,0,1,0,0,1,0,0,1,0,0,1,0,8,A,7,8,A,7,21.7,A,7,14.4,A,7,63,A,7,990,A,7,40,A,7,3.1,A,7,16000,B,7,4572,A,7,4.2,E,8,0.000,F,8,0.00,F,8,0,1,D,9,00,C,8
06/19/1994,23:00,0,0,0,1,0,0,1,0,0,1,0,0,1,0,0,1,0,0,1,0,0,1,0,9,A,7,9,A,7,21.7,A,7,13.3,A,7,59,A,7,990,A,7,60,A,7,3.6,A,7,16000,B,7,4572,A,7,4.2,E,8,0.000,F,8,0.00,F,8,0,1,D,9,00,C,8
06/19/1994,24:00,0,0,0,1,0,0,1,0,0,1,0,0,1,0,0,1,0,0,1,0,0,1,0,10,A,7,10,A,7,20.0,A,7,14.4,A,7,70,A,7,990,A,7,50,A,7,2.6,A,7,16000,B,7,4572,A,7,4.2,E,8,0.000,F,8,0.00,F,8,0,1,D,9,00,C,8
06/20/1994,01:00,0,0,0,1,0,0,1,0,0,1,0,0,1,0,0,1,0,0,1,0,0,1,0,9,A,7,9,A,7,20.0,A,7,14.4,A,7,70,A,7,989,A,7,60,A,7,3.1,A,7,16000,B,7,4572,A,7,4.2,E,8,0.000,F,8,0.00,F,8,0,1,D,9,00,C,8
06/20/1994,02:00,0,0,0,1,0,0,1,0,0,1,0,0,1,0,0,1,0,0,1,0,0,1,0,9,A,7,9,A,7,19.4,A,7,15.0,A,7,76,A,7,989,A,7,100,A,7,1.5,A,7,16000,B,7,4572,A,7,4.2,E,8,0.000,F,8,0.00,F,8,0,1,D,9,00,C,8
06/20/1994,03:00,0,0,0,1,0,0,1,0,0,1,0,0,1,0,0,1,0,0,1,0,0,1,0,10,A,7,0,A,7,17.8,A,7,15.0,A,7,84,A,7,988,A,7,70,A,7,2.6,A,7,16000,B,7,77777,A,7,4.2,E,8,0.000,F,8,0.00,F,8,0,1,D,9,00,C,8
06/20/1994,04:00,0,0,0,1,0,0,1,0,0,1,0,0,1,0,0,1,0,0,1,0,0,1,0,10,A,7,0,A,7,17.8,A,7,15.0,A,7,84,A,7,988,A,7,60,A,7,1.5,A,7,16000,B,7,77777,A,7,4.2,E,8,0.000,F,8,0.00,F,8,0,1,D,9,00,C,8
06/20/1994,05:00,0,0,0,1,0,0,1,0,0,1,0,0,1,0,0,1,0,0,1,0,0,1,0,10,A,7,3,A,7,17.8,A,7,15.6,A,7,87,A,7,988,A,7,120,A,7,1.5,A,7,16000,B,7,77777,A,7,4.2,E,8,0.000,F,8,0.00,F,8,0,1,D,9,00,C,8
06/20/1994,06:00,97,1290,31,1,10,54,1,16,27,1,10,34,1,10,26,1,16,32,1,10,56,1,21,10,A,7,2,A,7,18.3,A,7,16.1,A,7,87,A,7,988,A,7,0,A,7,0.0,A,7,16000,B,7,77777,A,7,4.2,E,8,0.000,F,8,0.00,F,8,0,1,D,9,00,C,8
06/20/1994,07:00,321,1323,138,1,10,121,1,16,108,1,10,148,1,10,102,1,16,123,1,10,236,1,21,9,A,7,8,A,7,20.0,A,7,16.1,A,7,78,A,7,988,A,7,300,A,7,5.2,A,7,16000,B,7,4572,A,7,4.3,E,8,0.000,F,8,0.00,F,8,0,1,D,9,00,C,8
06/20/1994,08:00,551,1323,274,1,10,181,1,16,198,1,10,295,1,10,179,1,16,221,1,10,468,1,21,10,A,7,7,A,7,22.2,A,7,16.1,A,7,68,A,7,988,A,7,200,A,7,1.5,A,7,16000,B,7,4572,A,7,4.2,E,8,0.000,F,8,0.00,F,8,0,1,D,9,00,C,8
06/20/1994,09:00,768,1323,197,1,10,0,1,16,197,1,10,229,1,10,0,1,16,229,1,10,856,1,21,10,A,7,10,A,7,25.0,A,7,17.8,A,7,64,A,7,988,A,7,220,A,7,2.1,A,7,16000,B,7,3962,A,7,4.2,E,8,0.000,F,8,0.00,F,8,0,1,D,9,00,C,8
06/20/1994,10:00,958,1323,205,1,10,0,1,16,205,1,10,245,1,10,0,1,16,245,1,10,980,1,21,10,A,7,10,A,7,22.2,A,7,18.9,A,7,82,A,7,988,A,7,260,A,7,5.2,A,7,11200,B,7,762,A,7,4.2,E,8,0.000,F,8,0.00,F,8,3,1,D,9,00,C,8
06/20/1994,11:00,1107,1323,242,1,10,0,1,16,242,1,10,292,1,10,0,1,16,292,1,10,1172,1,21,10,A,7,10,A,7,21.1,A,7,20.0,A,7,93,A,7,987,A,7,250,A,7,3.1,A,7,4800,B,7,853,A,7,4.2,E,8,0.000,F,8,0.00,F,8,15,1,D,9,61,C,8
06/20/1994,12:00,1205,1323,266,1,10,0,1,16,266,1,10,323,1,10,0,1,16,323,1,10,1285,1,21,10,A,7,10,A,7,21.1,A,7,20.0,A,7,93,A,7,987,A,7,210,A,7,2.1,A,7,4800,B,7,488,A,7,4.2,E,8,0.000,F,8,0.00,F,8,23,1,D,9,45,C,8
06/20/1994,13:00,1245,1323,276,1,10,0,1,16,276,1,10,336,1,10,0,1,16,336,1,10,1333,1,21,10,A,7,10,A,7,22.2,A,7,21.1,A,7,93,A,7,986,A,7,160,A,7,3.6,A,7,8000,B,7,2743,A,7,4.2,E,8,0.000,F,8,0.00,F,8,5,1,D,9,45,C,8
06/20/1994,14:00,1224,1323,227,1,10,0,1,16,227,1,10,279,1,10,0,1,16,279,1,10,1132,1,21,10,A,7,10,A,7,23.3,A,7,20.6,A,7,85,A,7,985,A,7,200,A,7,5.7,A,7,8000,B,7,335,A,7,4.2,E,8,0.000,F,8,0.00,F,8,0,1,D,9,45,C,8
06/20/1994,15:00,1145,1323,329,1,10,154,1,16,195,1,10,378,1,10,168,1,16,232,1,10,795,1,21,10,A,7,9,A,7,26.1,A,7,21.7,A,7,77,A,7,984,A,7,270,A,7,6.2,A,7,11200,B,7,457,A,7,4.2,E,8,0.000,F,8,0.00,F,8,0,1,D,9,05,C,8
06/20/1994,16:00,1012,1323,337,1,10,88,1,16,269,1,10,375,1,10,94,1,16,303,1,10,902,1,21,9,A,7,9,A,7,26.7,A,7,21.1,A,7,71,A,7,983,A,7,290,A,7,5.7,A,7,11200,B,7,1097,A,7,4.2,E,8,0.000,F,8,0.00,F,8,0,1,D,9,00,C,8
06/20/1994,17:00,835,1323,347,1,10,166,1,16,242,1,10,383,1,10,175,1,16,272,1,10,674,1,21,9,A,7,8,A,7,26.7,A,7,21.1,A,7,71,A,7,983,A,7,300,A,7,4.6,A,7,12800,B,7,1036,A,7,4.1,E,8,0.000,F,8,0.00,F,8,0,1,D,9,00,C,8
06/20/1994,18:00,625,1323,393,1,10,433,1,16,188,1,10,407,1,10,428,1,16,204,1,10,395,1,21,7,A,7,4,A,7,26.7,A,7,21.1,A,7,71,A,7,982,A,7,260,A,7,5.2,A,7,12800,B,7,77777,A,7,4.1,E,8,0.000,F,8,0.00,F,8,0,1,D,9,00,C,8
06/20/1994,19:00,397,1323,199,1,10,128,1,16,160,1,10,212,1,10,115,1,16,177,1,10,358,1,21,8,A,7,5,A,7,25.6,A,7,20.6,A,7,74,A,7,982,A,7,270,A,7,4.1,A,7,12800,B,7,7620,A,7,4.1,E,8,0.000,F,8,0.00,F,8,0,1,D,9,00,C,8
06/20/1994,20:00,168,1323,57,1,10,154,1,16,38,1,10,60,1,10,91,1,16,49,1,10,68,1,21,7,A,7,4,A,7,24.4,A,7,20.6,A,7,79,A,7,983,A,7,260,A,7,3.1,A,7,11200,B,7,7620,A,7,4.1,E,8,0.000,F,8,0.00,F,8,0,1,D,9,00,C,8
06/20/1994,21:00,9,408,2,1,10,2,1,16,1,1,10,0,1,10,0,1,16,0,1,10,0,1,21,8,A,7,4,A,7,22.8,A,7,20.6,A,7,87,A,7,983,A,7,260,A,7,3.6,A,7,12800,B,7,77777,A,7,4.1,E,8,0.000,F,8,0.00,F,8,0,1,D,9,00,C,8
06/20/1994,22:00,0,0,0,1,0,0,1,0,0,1,0,0,1,0,0,1,0,0,1,0,0,1,0,10,A,7,5,A,7,22.8,A,7,20.0,A,7,84,A,7,983,A,7,230,A,7,3.1,A,7,12800,B,7,77777,A,7,4.1,E,8,0.000,F,8,0.00,F,8,0,1,D,9,00,C,8
06/20/1994,23:00,0,0,0,1,0,0,1,0,0,1,0,0,1,0,0,1,0,0,1,0,0,1,0,8,A,7,8,A,7,22.8,A,7,20.0,A,7,84,A,7,982,A,7,210,A,7,2.6,A,7,12800,B,7,1067,A,7,4.1,E,8,0.000,F,8,0.00,F,8,0,1,D,9,00,C,8
06/20/1994,24:00,0,0,0,1,0,0,1,0,0,1,0,0,1,0,0,1,0,0,1,0,0,1,0,4,A,7,4,A,7,22.8,A,7,20.0,A,7,84,A,7,981,A,7,230,A,7,3.1,A,7,14400,B,7,77777,A,7,4.1,E,8,0.000,F,8,0.00,F,8,0,1,D,9,00,C,8
06/21/1994,01:00,0,0,0,1,0,0,1,0,0,1,0,0,1,0,0,1,0,0,1,0,0,1,0,0,A,7,0,A,7,23.3,A,7,20.6,A,7,85,A,7,981,A,7,250,A,7,4.6,A,7,11200,B,7,77777,A,7,4.1,E,8,0.000,F,8,0.00,F,8,0,1,D,9,00,C,8
06/21/1994,02:00,0,0,0,1,0,0,1,0,0,1,0,0,1,0,0,1,0,0,1,0,0,1,0,0,A,7,0,A,7,22.8,A,7,20.6,A,7,87,A,7,980,A,7,260,A,7,4.1,A,7,9600,B,7,77777,A,7,4.0,E,8,0.000,F,8,0.00,F,8,0,1,D,9,00,C,8
06/21/1994,03:00,0,0,0,1,0,0,1,0,0,1,0,0,1,0,0,1,0,0,1,0,0,1,0,1,A,7,1,A,7,22.2,A,7,20.6,A,7,91,A,7,980,A,7,260,A,7,3.6,A,7,4800,B,7,77777,A,7,4.0,E,8,0.000,F,8,0.00,F,8,0,1,D,9,45,C,8
06/21/1994,04:00,0,0,0,1,0,0,1,0,0,1,0,0,1,0,0,1,0,0,1,0,0,1,0,3,A,7,3,A,7,21.7,A,7,21.1,A,7,96,A,7,980,A,7,270,A,7,4.1,A,7,4000,B,7,77777,A,7,4.0,E,8,0.000,F,8,0.00,F,8,0,1,D,9,45,C,8
06/21/1994,05:00,0,0,0,1,0,0,1,0,0,1,0,0,1,0,0,1,0,0,1,0,0,1,0,2,A,7,2,A,7,21.1,A,7,20.6,A,7,97,A,7,980,A,7,290,A,7,3.1,A,7,2400,B,7,77777,A,7,4.0,E,8,0.000,F,8,0.00,F,8,0,1,D,9,45,C,8
06/21/1994,06:00,96,1289,25,1,10,16,1,16,24,1,10,28,1,10,10,1,16,27,1,10,58,1,21,5,A,7,3,A,7,20.6,A,7,20.6,A,7,100,A,7,981,A,7,270,A,7,3.1,A,7,2400,B,7,77777,A,7,4.0,E,8,0.000,F,8,0.00,F,8,0,1,D,9,45,C,8
06/21/1994,07:00,320,1322,146,1,10,306,1,16,72,1,10,154,1,10,250,1,16,93,1,10,131,1,21,0,A,7,0,A,7,22.8,A,7,21.1,A,7,90,A,7,981,A,7,280,A,7,4.1,A,7,3200,B,7,77777,A,7,4.0,E,8,0.000,F,8,0.00,F,8,0,1,D,9,45,C,8
06/21/1994,08:00,550,1322,322,1,10,505,1,16,112,1,10,347,1,10,490,1,16,142,1,10,217,1,21,0,A,7,0,A,7,24.4,A,7,20.6,A,7,79,A,7,982,A,7,310,A,7,4.1,A,7,4800,B,7,77777,A,7,3.9,E,8,0.000,F,8,0.00,F,8,0,1,D,9,45,C,8
06/21/1994,09:00,768,1322,454,1,10,488,1,16,170,1,10,489,1,10,499,1,16,199,1,10,386,1,21,5,A,7,2,A,7,26.1,A,7,20.6,A,7,72,A,7,982,A,7,320,A,7,3.6,A,7,11200,B,7,77777,A,7,3.9,E,8,0.000,F,8,0.00,F,8,0,1,D,9,05,C,8
06/21/1994,10:00,957,1322,310,1,10,65,1,16,263,1,10,342,1,10,66,1,16,295,1,10,990,1,21,9,A,7,9,A,7,27.2,A,7,19.4,A,7,62,A,7,982,A,7,320,A,7,4.1,A,7,16000,B,7,1524,A,7,3.8,E,8,0.000,F,8,0.00,F,8,0,1,D,9,00,C,8
06/21/1994,11:00,1106,1322,630,1,10,496,1,16,215,1,10,670,1,10,505,1,16,246,1,10,866,1,21,4,A,7,1,A,7,28.3,A,7,18.3,A,7,55,A,7,982,A,7,300,A,7,4.6,A,7,19200,B,7,77777,A,7,3.8,E,8,0.000,F,8,0.00,F,8,0,1,D,9,00,C,8
06/21/1994,12:00,1204,1322,810,1,10,634,1,16,232,1,10,865,1,10,647,1,16,274,1,10,1306,1,21,3,A,7,1,A,7,28.9,A,7,15.6,A,7,44,A,7,982,A,7,300,A,7,5.2,A,7,24000,B,7,77777,A,7,3.7,E,8,0.000,F,8,0.00,F,8,0,1,D,9,00,C,8
06/21/1994,13:00,1244,1322,899,1,10,733,1,16,208,1,10,971,1,10,754,1,16,260,1,10,1432,1,21,2,A,7,1,A,7,29.4,A,7,16.1,A,7,45,A,7,982,A,7,310,A,7,6.2,A,7,24000,B,7,77777,A,7,3.7,E,8,0.000,F,8,0.00,F,8,0,1,D,9,00,C,8
06/21/1994,14:00,1224,1322,922,1,10,773,1,16,206,1,10,959,1,10,774,1,16,241,1,10,1159,1,21,0,A,7,0,A,7,30.0,A,7,15.0,A,7,40,A,7,981,A,7,280,A,7,6.2,A,7,24000,B,7,77777,A,7,3.6,E,8,0.000,F,8,0.00,F,8,0,1,D,9,00,C,8
06/21/1994,15:00,1145,1322,850,1,10,754,1,16,197,1,10,913,1,10,773,1,16,242,1,10,900,1,21,0,A,7,0,A,7,30.6,A,7,15.0,A,7,39,A,7,981,A,7,300,A,7,6.2,A,7,24000,B,7,77777,A,7,3.6,E,8,0.000,F,8,0.00,F,8,0,1,D,9,00,C,8
06/21/1994,16:00,1012,1322,731,1,10,717,1,16,181,1,10,777,1,10,732,1,16,216,1,10,590,1,21,0,A,7,0,A,7,30.6,A,7,13.3,A,7,35,A,7,981,A,7,330,A,7,6.7,A,7,24000,B,7,77777,A,7,3.5,E,8,0.000,F,8,0.00,F,8,0,1,D,9,00,C,8
06/21/1994,17:00,835,1322,571,1,10,656,1,16,157,1,10,601,1,10,661,1,16,184,1,10,387,1,21,0,A,7,0,A,7,30.6,A,7,13.3,A,7,35,A,7,980,A,7,320,A,7,5.7,A,7,24000,B,7,77777,A,7,3.5,E,8,0.000,F,8,0.00,F,8,0,1,D,9,00,C,8
06/21/1994,18:00,625,1322,387,1,10,555,1,16,125,1,10,402,1,10,539,1,16,147,1,10,254,1,21,0,A,7,0,A,7,30.0,A,7,11.7,A,7,32,A,7,980,A,7,310,A,7,6.7,A,7,24000,B,7,77777,A,7,3.4,E,8,0.000,F,8,0.00,F,8,0,1,D,9,00,C,8
06/21/1994,19:00,398,1322,202,1,10,388,1,16,86,1,10,215,1,10,344,1,16,112,1,10,158,1,21,0,A,7,0,A,7,28.9,A,7,8.9,A,7,29,A,7,981,A,7,350,A,7,6.2,A,7,24000,B,7,77777,A,7,3.3,E,8,0.000,F,8,0.00,F,8,0,1,D,9,00,C,8
06/21/1994,20:00,169,1322,58,1,10,117,1,16,44,1,10,62,1,10,67,1,16,54,1,10,81,1,21,1,A,7,0,A,7,25.6,A,7,8.3,A,7,33,A,7,981,A,7,340,A,7,3.1,A,7,24000,B,7,77777,A,7,3.3,E,8,0.000,F,8,0.00,F,8,0,1,D,9,00,C,8
06/21/1994,21:00,9,408,1,1,10,0,1,16,1,1,10,0,1,10,0,1,16,0,1,10,0,1,21,1,A,7,0,A,7,23.3,A,7,8.3,A,7,38,A,7,982,A,7,10,A,7,3.6,A,7,24000,B,7,77777,A,7,3.2,E,8,0.000,F,8,0.00,F,8,0,1,D,9,00,C,8
06/21/1994,22:00,0,0,0,1,0,0,1,0,0,1,0,0,1,0,0,1,0,0,1,0,0,1,0,0,A,7,0,A,7,20.6,A,7,8.3,A,7,45,A,7,983,A,7,20,A,7,3.6,A,7,24000,B,7,77777,A,7,3.2,E,8,0.000,F,8,0.00,F,8,0,1,D,9,00,C,8
06/21/1994,23:00,0,0,0,1,0,0,1,0,0,1,0,0,1,0,0,1,0,0,1,0,0,1,0,0,A,7,0,A,7,17.8,A,7,8.9,A,7,56,A,7,984,A,7,0,A,7,0.0,A,7,24000,B,7,77777,A,7,3.1,E,8,0.000,F,8,0.00,F,8,0,1,D,9,00,C,8
06/21/1994,24:00,0,0,0,1,0,0,1,0,0,1,0,0,1,0,0,1,0,0,1,0,0,1,0,0,A,7,0,A,7,15.0,A,7,10.6,A,7,75,A,7,984,A,7,0,A,7,0.0,A,7,24000,B,7,77777,A,7,3.1,E,8,0.000,F,8,0.00,F,8,0,1,D,9,00,C,8
06/22/1994,01:00,0,0,0,1,0,0,1,0,0,1,0,0,1,0,0,1,0,0,1,0,0,1,0,0,A,7,0,A,7,12.2,A,7,10.0,A,7,86,A,7,984,A,7,0,A,7,0.0,A,7,24000,B,7,77777,A,7,3.0,E,8,0.000,F,8,0.00,F,8,0,1,D,9,00,C,8
06/22/1994,02:00,0,0,0,1,0,0,1,0,0,1,0,0,1,0,0,1,0,0,1,0,0,1,0,0,A,7,0,A,7,12.2,A,7,10.0,A,7,86,A,7,984,A,7,0,A,7,0.0,A,7,24000,B,7,77777,A,7,3.0,E,8,0.000,F,8,0.00,F,8,0,1,D,9,00,C,8
06/22/1994,03:00,0,0,0,1,0,0,1,0,0,1,0,0,1,0,0,1,0,0,1,0,0,1,0,0,A,7,0,A,7,11.1,A,7,10.0,A,7,93,A,7,984,A,7,0,A,7,0.0,A,7,24000,B,7,77777,A,7,2.9,E,8,0.000,F,8,0.00,F,8,0,1,D,9,00,C,8
06/22/1994,04:00,0,0,0,1,0,0,1,0,0,1,0,0,1,0,0,1,0,0,1,0,0,1,0,0,A,7,0,A,7,10.0,A,7,8.9,A,7,93,A,7,984,A,7,0,A,7,0.0,A,7,24000,B,7,77777,A,7,2.9,E,8,0.000,F,8,0.00,F,8,0,1,D,9,00,C,8
06/22/1994,05:00,0,0,0,1,0,0,1,0,0,1,0,0,1,0,0,1,0,0,1,0,0,1,0,6,A,7,3,A,7,9.4,A,7,8.9,A,7,97,A,7,984,A,7,0,A,7,0.0,A,7,24000,B,7,77777,A,7,2.8,E,8,0.000,F,8,0.00,F,8,0,1,D,9,00,C,8
06/22/1994,06:00,95,1289,27,1,10,0,1,16,27,1,10,30,1,10,0,1,16,30,1,10,88,1,21,10,A,7,4,A,7,11.7,A,7,10.0,A,7,89,A,7,984,A,7,0,A,7,0.0,A,7,24000,B,7,77777,A,7,2.8,E,8,0.000,F,8,0.00,F,8,0,1,D,9,00,C,8
06/22/1994,07:00,319,1322,131,1,10,77,1,16,112,1,10,143,1,10,67,1,16,127,1,10,270,1,21,9,A,7,1,A,7,16.7,A,7,12.2,A,7,75,A,7,984,A,7,0,A,7,0.0,A,7,24000,B,7,77777,A,7,2.7,E,8,0.000,F,8,0.00,F,8,0,1,D,9,00,C,8
06/22/1994,08:00,549,1322,275,1,10,219,1,16,184,1,10,298,1,10,217,1,16,208,1,10,435,1,21,7,A,7,1,A,7,21.1,A,7,11.7,A,7,55,A,7,984,A,7,140,A,7,1.5,A,7,24000,B,7,77777,A,7,2.7,E,8,0.000,F,8,0.00,F,8,0,1,D,9,00,C,8
06/22/1994,09:00,767,1322,421,1,10,275,1,16,262,1,10,450,1,10,291,1,16,282,1,10,649,1,21,9,A,7,3,A,7,22.8,A,7,11.7,A,7,50,A,7,984,A,7,150,A,7,2.6,A,7,24000,B,7,77777,A,7,2.7,E,8,0.000,F,8,0.00,F,8,0,1,D,9,00,C,8
06/22/1994,10:00,957,1322,623,1,10,467,1,16,285,1,10,658,1,10,484,1,16,307,1,10,848,1,21,2,A,7,0,A,7,25.0,A,7,12.2,A,7,45,A,7,984,A,7,220,A,7,2.1,A,7,24000,B,7,77777,A,7,2.7,E,8,0.000,F,8,0.00,F,8,0,1,D,9,00,C,8
06/22/1994,11:00,1106,1322,750,1,10,517,1,16,318,1,10,801,1,10,539,1,16,350,1,10,1305,1,21,3,A,7,1,A,7,26.1,A,7,11.1,A,7,39,A,7,984,A,7,10,A,7,1.5,A,7,24000,B,7,77777,A,7,2.7,E,8,0.000,F,8,0.00,F,8,0,1,D,9,00,C,8
06/22/1994,12:00,1204,1322,862,1,10,480,1,16,425,1,10,906,1,10,500,1,16,450,1,10,2467,1,21,10,A,7,2,A,7,27.8,A,7,11.7,A,7,37,A,7,983,A,7,290,A,7,2.6,A,7,24000,B,7,77777,A,7,2.7,E,8,0.000,F,8,0.00,F,8,0,1,D,9,00,C,8
06/22/1994,13:00,1244,1322,891,1,10,455,1,16,462,1,10,972,1,10,494,1,16,506,1,10,2892,1,21,10,A,7,3,A,7,28.3,A,7,10.6,A,7,33,A,7,983,A,7,280,A,7,4.1,A,7,24000,B,7,77777,A,7,2.7,E,8,0.000,F,8,0.00,F,8,0,1,D,9,00,C,8
06/22/1994,14:00,1224,1322,781,1,10,371,1,16,437,1,10,854,1,10,403,1,16,480,1,10,2490,1,21,10,A,7,5,A,7,28.9,A,7,10.0,A,7,31,A,7,983,A,7,310,A,7,3.6,A,7,19200,B,7,77777,A,7,2.7,E,8,0.000,F,8,0.00,F,8,0,1,D,9,00,C,8
06/22/1994,15:00,1145,1322,565,1,10,131,1,16,451,1,10,617,1,10,139,1,16,496,1,10,1915,1,21,10,A,7,8,A,7,28.3,A,7,10.6,A,7,33,A,7,982,A,7,310,A,7,2.6,A,7,19200,B,7,7620,A,7,2.7,E,8,0.000,F,8,0.00,F,8,0,1,D,9,00,C,8
06/22/1994,16:00,1013,1322,637,1,10,301,1,16,406,1,10,682,1,10,325,1,16,433,1,10,1368,1,21,9,A,7,4,A,7,29.4,A,7,11.1,A,7,32,A,7,982,A,7,230,A,7,4.6,A,7,19200,B,7,77777,A,7,2.7,E,8,0.000,F,8,0.00,F,8,0,1,D,9,00,C,8
06/22/1994,17:00,836,1322,519,1,10,424,1,16,250,1,10,543,1,10,436,1,16,268,1,10,628,1,21,3,A,7,1,A,7,28.9,A,7,11.1,A,7,33,A,7,981,A,7,260,A,7,3.1,A,7,19200,B,7,77777,A,7,2.7,E,8,0.000,F,8,0.00,F,8,0,1,D,9,00,C,8
06/22/1994,18:00,626,1322,337,1,10,269,1,16,209,1,10,357,1,10,276,1,16,226,1,10,471,1,21,5,A,7,2,A,7,28.9,A,7,12.2,A,7,36,A,7,980,A,7,290,A,7,2.6,A,7,19200,B,7,77777,A,7,2.7,E,8,0.000,F,8,0.00,F,8,0,1,D,9,00,C,8
06/22/1994,19:00,398,1322,169,1,10,71,1,16,147,1,10,184,1,10,65,1,16,164,1,10,365,1,21,8,A,7,3,A,7,26.7,A,7,12.8,A,7,42,A,7,980,A,7,250,A,7,4.1,A,7,19200,B,7,77777,A,7,2.7,E,8,0.000,F,8,0.00,F,8,0,1,D,9,00,C,8
06/22/1994,20:00,169,1322,54,1,10,6,1,16,53,1,10,59,1,10,1,1,16,59,1,10,163,1,21,9,A,7,4,A,7,25.0,A,7,15.0,A,7,54,A,7,981,A,7,300,A,7,1.5,A,7,19200,B,7,77777,A,7,2.7,E,8,0.000,F,8,0.00,F,8,0,1,D,9,00,C,8
06/22/1994,21:00,9,408,1,1,10,0,1,16,1,1,10,0,1,10,0,1,16,0,1,10,0,1,21,10,A,7,4,A,7,20.0,A,7,15.0,A,7,73,A,7,981,A,7,300,A,7,1.5,A,7,24000,B,7,77777,A,7,2.7,E,8,0.000,F,8,0.00,F,8,0,1,D,9,00,C,8
06/22/1994,22:00,0,0,0,1,0,0,1,0,0,1,0,0,1,0,0,1,0,0,1,0,0,1,0,10,A,7,4,A,7,20.6,A,7,15.0,A,7,70,A,7,981,A,7,0,A,7,0.0,A,7,24000,B,7,77777,A,7,2.7,E,8,0.000,F,8,0.00,F,8,0,1,D,9,00,C,8
06/22/1994,23:00,0,0,0,1,0,0,1,0,0,1,0,0,1,0,0,1,0,0,1,0,0,1,0,10,A,7,5,A,7,18.3,A,7,15.0,A,7,81,A,7,981,A,7,0,A,7,0.0,A,7,24000,B,7,77777,A,7,2.7,E,8,0.000,F,8,0.00,F,8,0,1,D,9,00,C,8
06/22/1994,24:00,0,0,0,1,0,0,1,0,0,1,0,0,1,0,0,1,0,0,1,0,0,1,0,10,A,7,4,A,7,17.2,A,7,15.0,A,7,87,A,7,981,A,7,0,A,7,0.0,A,7,16000,B,7,77777,A,7,2.7,E,8,0.000,F,8,0.00,F,8,0,1,D,9,00,C,8
06/23/1994,01:00,0,0,0,1,0,0,1,0,0,1,0,0,1,0,0,1,0,0,1,0,0,1,0,10,A,7,4,A,7,16.7,A,7,15.0,A,7,90,A,7,982,A,7,0,A,7,0.0,A,7,16000,B,7,77777,A,7,2.7,E,8,0.000,F,8,0.00,F,8,0,1,D,9,00,C,8
06/23/1994,02:00,0,0,0,1,0,0,1,0,0,1,0,0,1,0,0,1,0,0,1,0,0,1,0,6,A,7,3,A,7,15.6,A,7,13.9,A,7,90,A,7,982,A,7,0,A,7,0.0,A,7,16000,B,7,77777,A,7,2.7,E,8,0.000,F,8,0.00,F,8,0,1,D,9,00,C,8
06/23/1994,03:00,0,0,0,1,0,0,1,0,0,1,0,0,1,0,0,1,0,0,1,0,0,1,0,10,A,7,4,A,7,14.4,A,7,13.9,A,7,97,A,7,981,A,7,0,A,7,0.0,A,7,16000,B,7,77777,A,7,2.7,E,8,0.000,F,8,0.00,F,8,0,1,D,9,00,C,8
06/23/1994,04:00,0,0,0,1,0,0,1,0,0,1,0,0,1,0,0,1,0,0,1,0,0,1,0,4,A,7,0,A,7,14.4,A,7,13.9,A,7,97,A,7,980,A,7,0,A,7,0.0,A,7,16000,B,7,77777,A,7,2.7,E,8,0.000,F,8,0.00,F,8,0,1,D,9,00,C,8
06/23/1994,05:00,0,0,0,1,0,0,1,0,0,1,0,0,1,0,0,1,0,0,1,0,0,1,0,7,A,7,2,A,7,15.6,A,7,13.9,A,7,90,A,7,980,A,7,0,A,7,0.0,A,7,16000,B,7,77777,A,7,2.7,E,8,0.000,F,8,0.00,F,8,0,1,D,9,00,C,8
06/23/1994,06:00,94,1267,24,1,10,3,1,16,23,1,10,26,1,10,0,1,16,26,1,10,78,1,21,9,A,7,9,A,7,16.7,A,7,15.0,A,7,90,A,7,980,A,7,60,A,7,3.1,A,7,16000,B,7,4572,A,7,2.7,E,8,0.000,F,8,0.00,F,8,0,1,D,9,00,C,8
06/23/1994,07:00,318,1322,120,1,10,49,1,16,108,1,10,131,1,10,42,1,16,121,1,10,263,1,21,9,A,7,6,A,7,19.4,A,7,15.6,A,7,79,A,7,980,A,7,60,A,7,3.1,A,7,16000,B,7,4572,A,7,2.7,E,8,0.000,F,8,0.00,F,8,0,1,D,9,00,C,8
06/23/1994,08:00,548,1322,118,1,10,0,1,16,118,1,10,137,1,10,0,1,16,137,1,10,490,1,21,10,A,7,10,A,7,21.7,A,7,15.0,A,7,66,A,7,980,A,7,70,A,7,3.6,A,7,16000,B,7,4572,A,7,2.8,E,8,0.000,F,8,0.00,F,8,0,1,D,9,00,C,8
06/23/1994,09:00,766,1322,187,1,10,0,1,16,187,1,10,218,1,10,0,1,16,218,1,10,822,1,21,10,A,7,10,A,7,22.8,A,7,15.0,A,7,61,A,7,980,A,7,100,A,7,3.6,A,7,16000,B,7,4572,A,7,2.8,E,8,0.000,F,8,0.00,F,8,0,1,D,9,00,C,8
06/23/1994,10:00,956,1322,248,1,10,0,1,16,248,1,10,292,1,10,0,1,16,292,1,10,1136,1,21,10,A,7,10,A,7,23.3,A,7,15.0,A,7,60,A,7,980,A,7,90,A,7,2.6,A,7,19200,B,7,4267,A,7,2.9,E,8,0.000,F,8,0.00,F,8,0,1,D,9,00,C,8
06/23/1994,11:00,1105,1322,296,1,10,0,1,16,296,1,10,351,1,10,0,1,16,351,1,10,1369,1,21,10,A,7,10,A,7,22.8,A,7,16.1,A,7,66,A,7,979,A,7,70,A,7,3.1,A,7,19200,B,7,3962,A,7,2.9,E,8,0.000,F,8,0.00,F,8,0,1,D,9,00,C,8
06/23/1994,12:00,1203,1322,328,1,10,0,1,16,328,1,10,391,1,10,0,1,16,391,1,10,1510,1,21,10,A,7,10,A,7,22.8,A,7,16.7,A,7,68,A,7,980,A,7,40,A,7,2.6,A,7,19200,B,7,3658,A,7,3.0,E,8,0.000,F,8,0.00,F,8,0,1,D,9,00,C,8
06/23/1994,13:00,1244,1322,272,1,10,0,1,16,272,1,10,331,1,10,0,1,16,331,1,10,1317,1,21,10,A,7,10,A,7,21.1,A,7,17.8,A,7,81,A,7,979,A,7,50,A,7,4.1,A,7,12800,B,7,2134,A,7,3.0,E,8,0.000,F,8,0.00,F,8,0,1,D,9,61,C,8
06/23/1994,14:00,1224,1322,267,1,10,0,1,16,267,1,10,325,1,10,0,1,16,325,1,10,1294,1,21,10,A,7,10,A,7,20.6,A,7,16.7,A,7,78,A,7,978,A,7,50,A,7,5.7,A,7,12800,B,7,2134,A,7,3.1,E,8,0.000,F,8,0.00,F,8,0,1,D,9,61,C,8
06/23/1994,15:00,1146,1322,247,1,10,0,1,16,247,1,10,299,1,10,0,1,16,299,1,10,1199,1,21,10,A,7,10,A,7,20.0,A,7,15.6,A,7,76,A,7,978,A,7,50,A,7,6.2,A,7,12800,B,7,2438,A,7,3.1,E,8,0.000,F,8,0.00,F,8,0,1,D,9,61,C,8
06/23/1994,16:00,1013,1322,213,1,10,0,1,16,213,1,10,256,1,10,0,1,16,256,1,10,1033,1,21,10,A,7,10,A,7,19.4,A,7,15.6,A,7,79,A,7,977,A,7,60,A,7,5.7,A,7,12800,B,7,2438,A,7,3.2,E,8,0.000,F,8,0.00,F,8,0,1,D,9,61,C,8
06/23/1994,17:00,836,1322,167,1,10,0,1,16,167,1,10,199,1,10,0,1,16,199,1,10,784,1,21,10,A,7,10,A,7,17.8,A,7,16.1,A,7,90,A,7,976,A,7,70,A,7,5.7,A,7,8000,B,7,1981,A,7,3.2,E,8,0.000,F,8,0.00,F,8,10,1,D,9,61,C,8
06/23/1994,18:00,627,1322,114,1,10,0,1,16,114,1,10,135,1,10,0,1,16,135,1,10,506,1,21,10,A,7,10,A,7,16.7,A,7,15.6,A,7,93,A,7,975,A,7,60,A,7,7.2,A,7,9600,B,7,1981,A,7,3.3,E,8,0.000,F,8,0.00,F,8,13,1,D,9,61,C,8
06/23/1994,19:00,399,1322,60,1,10,0,1,16,60,1,10,71,1,10,0,1,16,71,1,10,250,1,21,10,A,7,10,A,7,16.1,A,7,15.6,A,7,97,A,7,974,A,7,50,A,7,6.7,A,7,8000,B,7,1494,A,7,3.3,E,8,0.000,F,8,0.00,F,8,3,1,D,9,61,C,8
06/23/1994,20:00,170,1322,26,1,10,0,1,16,26,1,10,30,1,10,0,1,16,30,1,10,97,1,21,10,A,7,10,A,7,16.1,A,7,15.6,A,7,97,A,7,974,A,7,50,A,7,7.7,A,7,4000,B,7,335,A,7,3.4,E,8,0.000,F,8,0.00,F,8,0,1,D,9,61,C,8
06/23/1994,21:00,9,408,0,1,10,0,1,16,0,1,10,0,1,10,0,1,16,0,1,10,0,1,21,10,A,7,10,A,7,16.1,A,7,15.6,A,7,97,A,7,974,A,7,70,A,7,6.7,A,7,4000,B,7,366,A,7,3.4,E,8,0.000,F,8,0.00,F,8,0,1,D,9,00,C,8
06/23/1994,22:00,0,0,0,1,0,0,1,0,0,1,0,0,1,0,0,1,0,0,1,0,0,1,0,10,A,7,10,A,7,16.1,A,7,15.6,A,7,97,A,7,974,A,7,70,A,7,4.6,A,7,4000,B,7,152,A,7,3.5,E,8,0.000,F,8,0.00,F,8,0,1,D,9,45,C,8
06/23/1994,23:00,0,0,0,1,0,0,1,0,0,1,0,0,1,0,0,1,0,0,1,0,0,1,0,10,A,7,10,A,7,15.6,A,7,15.0,A,7,96,A,7,974,A,7,50,A,7,6.2,A,7,4000,B,7,213,A,7,3.5,E,8,0.000,F,8,0.00,F,8,0,1,D,9,45,C,8
06/23/1994,24:00,0,0,0,1,0,0,1,0,0,1,0,0,1,0,0,1,0,0,1,0,0,1,0,10,A,7,10,A,7,15.6,A,7,15.0,A,7,96,A,7,973,A,7,70,A,7,7.2,A,7,4000,B,7,213,A,7,3.6,E,8,0.000,F,8,0.00,F,8,58,1,D,9,45,C,8
06/24/1994,01:00,0,0,0,1,0,0,1,0,0,1,0,0,1,0,0,1,0,0,1,0,0,1,0,10,A,7,10,A,7,15.6,A,7,15.0,A,7,96,A,7,972,A,7,60,A,7,5.7,A,7,4000,B,7,213,A,7,3.6,E,8,0.000,F,8,0.00,F,8,81,1,D,9,45,C,8
06/24/1994,02:00,0,0,0,1,0,0,1,0,0,1,0,0,1,0,0,1,0,0,1,0,0,1,0,10,A,7,10,A,7,15.6,A,7,15.0,A,7,96,A,7,972,A,7,70,A,7,7.2,A,7,4000,B,7,213,A,7,3.7,E,8,0.000,F,8,0.00,F,8,43,1,D,9,45,C,8
06/24/1994,03:00,0,0,0,1,0,0,1,0,0,1,0,0,1,0,0,1,0,0,1,0,0,1,0,10,A,7,10,A,7,15.6,A,7,15.0,A,7,96,A,7,971,A,7,70,A,7,6.7,A,7,4000,B,7,305,A,7,3.7,E,8,0.000,F,8,0.00,F,8,15,1,D,9,45,C,8
06/24/1994,04:00,0,0,0,1,0,0,1,0,0,1,0,0,1,0,0,1,0,0,1,0,0,1,0,10,A,7,10,A,7,15.6,A,7,15.0,A,7,96,A,7,969,A,7,80,A,7,5.7,A,7,4000,B,7,244,A,7,3.8,E,8,0.000,F,8,0.00,F,8,25,1,D,9,45,C,8
06/24/1994,05:00,0,0,0,1,0,0,1,0,0,1,0,0,1,0,0,1,0,0,1,0,0,1,0,10,A,7,10,A,7,15.6,A,7,15.0,A,7,96,A,7,969,A,7,70,A,7,5.7,A,7,11200,B,7,213,A,7,3.8,E,8,0.000,F,8,0.00,F,8,33,1,D,9,45,C,8
06/24/1994,06:00,93,1267,11,1,10,0,1,16,11,1,10,13,1,10,0,1,16,13,1,10,42,1,21,10,A,7,10,A,7,16.1,A,7,15.6,A,7,97,A,7,968,A,7,70,A,7,7.7,A,7,6400,B,7,183,A,7,3.9,E,8,0.000,F,8,0.00,F,8,0,1,D,9,61,C,8
06/24/1994,07:00,317,1322,39,1,10,0,1,16,39,1,10,46,1,10,0,1,16,46,1,10,161,1,21,10,A,7,10,A,7,16.1,A,7,15.6,A,7,97,A,7,968,A,7,70,A,7,6.2,A,7,6400,B,7,213,A,7,4.0,E,8,0.000,F,8,0.00,F,8,8,1,D,9,61,C,8
06/24/1994,08:00,547,1322,82,1,10,0,1,16,82,1,10,98,1,10,0,1,16,98,1,10,364,1,21,10,A,7,10,A,7,16.7,A,7,16.1,A,7,96,A,7,967,A,7,60,A,7,5.7,A,7,3200,B,7,213,A,7,3.9,E,8,0.000,F,8,0.00,F,8,41,1,D,9,61,C,8
06/24/1994,09:00,765,1322,128,1,10,0,1,16,128,1,10,154,1,10,0,1,16,154,1,10,606,1,21,10,A,7,10,A,7,16.7,A,7,16.1,A,7,96,A,7,967,A,7,90,A,7,5.7,A,7,3200,B,7,213,A,7,3.9,E,8,0.000,F,8,0.00,F,8,23,1,D,9,45,C,8
06/24/1994,10:00,955,1322,141,1,10,0,1,16,141,1,10,173,1,10,0,1,16,173,1,10,715,1,21,10,A,7,10,A,7,16.7,A,7,16.7,A,7,100,A,7,967,A,7,70,A,7,6.7,A,7,3200,B,7,152,A,7,3.8,E,8,0.000,F,8,0.00,F,8,8,1,D,9,45,C,8
06/24/1994,11:00,1104,1322,167,1,10,0,1,16,167,1,10,207,1,10,0,1,16,207,1,10,858,1,21,10,A,7,10,A,7,16.7,A,7,16.7,A,7,100,A,7,966,A,7,50,A,7,6.2,A,7,3200,B,7,152,A,7,3.8,E,8,0.000,F,8,0.00,F,8,41,1,D,9,45,C,8
06/24/1994,12:00,1203,1322,184,1,10,0,1,16,184,1,10,229,1,10,0,1,16,229,1,10,944,1,21,10,A,7,10,A,7,16.7,A,7,16.7,A,7,100,A,7,966,A,7,20,A,7,4.1,A,7,3200,B,7,152,A,7,3.7,E,8,0.000,F,8,0.00,F,8,23,1,D,9,45,C,8
06/24/1994,13:00,1244,1322,191,1,10,0,1,16,191,1,10,239,1,10,0,1,16,239,1,10,980,1,21,10,A,7,10,A,7,16.7,A,7,16.1,A,7,96,A,7,966,A,7,20,A,7,6.2,A,7,3200,B,7,152,A,7,3.7,E,8,0.000,F,8,0.00,F,8,8,1,D,9,45,C,8
06/24/1994,14:00,1224,1322,188,1,10,0,1,16,188,1,10,235,1,10,0,1,16,235,1,10,964,1,21,10,A,7,10,A,7,16.7,A,7,16.1,A,7,96,A,7,966,A,7,30,A,7,5.7,A,7,4800,B,7,152,A,7,3.6,E,8,0.000,F,8,0.00,F,8,3,1,D,9,45,C,8
06/24/1994,15:00,1146,1322,174,1,10,0,1,16,174,1,10,216,1,10,0,1,16,216,1,10,894,1,21,10,A,7,10,A,7,16.7,A,7,16.1,A,7,96,A,7,966,A,7,20,A,7,7.2,A,7,8000,B,7,183,A,7,3.6,E,8,0.000,F,8,0.00,F,8,0,1,D,9,45,C,8
06/24/1994,16:00,1013,1322,151,1,10,0,1,16,151,1,10,186,1,10,0,1,16,186,1,10,773,1,21,10,A,7,10,A,7,16.1,A,7,15.6,A,7,97,A,7,966,A,7,20,A,7,6.7,A,7,2400,B,7,122,A,7,3.5,E,8,0.000,F,8,0.00,F,8,3,1,D,9,45,C,8
06/24/1994,17:00,837,1322,120,1,10,0,1,16,120,1,10,146,1,10,0,1,16,146,1,10,593,1,21,10,A,7,10,A,7,15.6,A,7,14.4,A,7,93,A,7,966,A,7,40,A,7,8.2,A,7,8000,B,7,183,A,7,3.5,E,8,0.000,F,8,0.00,F,8,5,1,D,9,45,C,8
06/24/1994,18:00,627,1322,99,1,10,0,1,16,99,1,10,118,1,10,0,1,16,118,1,10,450,1,21,10,A,7,10,A,7,15.6,A,7,14.4,A,7,93,A,7,966,A,7,40,A,7,8.8,A,7,12800,B,7,213,A,7,3.4,E,8,0.000,F,8,0.00,F,8,0,1,D,9,45,C,8
06/24/1994,19:00,399,1322,53,1,10,0,1,16,53,1,10,63,1,10,0,1,16,63,1,10,225,1,21,10,A,7,10,A,7,15.6,A,7,13.9,A,7,90,A,7,966,A,7,40,A,7,6.7,A,7,16000,B,7,213,A,7,3.4,E,8,0.000,F,8,0.00,F,8,0,1,D,9,00,C,8
06/24/1994,20:00,170,1322,23,1,10,0,1,16,23,1,10,27,1,10,0,1,16,27,1,10,88,1,21,10,A,7,10,A,7,15.0,A,7,13.9,A,7,93,A,7,966,A,7,30,A,7,8.2,A,7,4000,B,7,213,A,7,3.3,E,8,0.000,F,8,0.00,F,8,0,1,D,9,00,C,8
06/24/1994,21:00,9,408,0,1,10,0,1,16,0,1,10,0,1,10,0,1,16,0,1,10,0,1,21,10,A,7,10,A,7,15.0,A,7,13.9,A,7,93,A,7,966,A,7,30,A,7,6.7,A,7,4000,B,7,213,A,7,3.3,E,8,0.000,F,8,0.00,F,8,3,1,D,9,61,C,8
06/24/1994,22:00,0,0,0,1,0,0,1,0,0,1,0,0,1,0,0,1,0,0,1,0,0,1,0,10,A,7,10,A,7,15.0,A,7,14.4,A,7,96,A,7,967,A,7,360,A,7,5.7,A,7,3200,B,7,213,A,7,3.2,E,8,0.000,F,8,0.00,F,8,0,1,D,9,45,C,8
06/24/1994,23:00,0,0,0,1,0,0,1,0,0,1,0,0,1,0,0,1,0,0,1,0,0,1,0,10,A,7,10,A,7,14.4,A,7,13.9,A,7,97,A,7,966,A,7,30,A,7,7.7,A,7,3200,B,7,183,A,7,3.2,E,8,0.000,F,8,0.00,F,8,0,1,D,9,45,C,8
06/24/1994,24:00,0,0,0,1,0,0,1,0,0,1,0,0,1,0,0,1,0,0,1,0,0,1,0,10,A,7,10,A,7,14.4,A,7,13.3,A,7,93,A,7,966,A,7,30,A,7,5.7,A,7,8000,B,7,244,A,7,3.1,E,8,0.000,F,8,0.00,F,8,3,1,D,9,45,C,8
06/25/1994,01:00,0,0,0,1,0,0,1,0,0,1,0,0,1,0,0,1,0,0,1,0,0,1,0,10,A,7,10,A,7,13.9,A,7,13.3,A,7,96,A,7,966,A,7,360,A,7,6.2,A,7,6400,B,7,122,A,7,3.1,E,8,0.000,F,8,0.00,F,8,0,1,D,9,45,C,8
06/25/1994,02:00,0,0,0,1,0,0,1,0,0,1,0,0,1,0,0,1,0,0,1,0,0,1,0,10,A,7,10,A,7,13.3,A,7,12.8,A,7,97,A,7,967,A,7,360,A,7,6.7,A,7,6400,B,7,122,A,7,3.0,E,8,0.000,F,8,0.00,F,8,3,1,D,9,45,C,8
06/25/1994,03:00,0,0,0,1,0,0,1,0,0,1,0,0,1,0,0,1,0,0,1,0,0,1,0,10,A,7,10,A,7,13.3,A,7,12.2,A,7,93,A,7,967,A,7,360,A,7,6.2,A,7,6400,B,7,183,A,7,3.0,E,8,0.000,F,8,0.00,F,8,10,1,D,9,45,C,8
06/25/1994,04:00,0,0,0,1,0,0,1,0,0,1,0,0,1,0,0,1,0,0,1,0,0,1,0,10,A,7,10,A,7,12.8,A,7,12.2,A,7,96,A,7,967,A,7,320,A,7,5.7,A,7,6400,B,7,183,A,7,2.9,E,8,0.000,F,8,0.00,F,8,5,1,D,9,45,C,8
06/25/1994,05:00,0,0,0,1,0,0,1,0,0,1,0,0,1,0,0,1,0,0,1,0,0,1,0,10,A,7,10,A,7,12.2,A,7,11.7,A,7,97,A,7,968,A,7,360,A,7,6.7,A,7,3200,B,7,183,A,7,2.9,E,8,0.000,F,8,0.00,F,8,8,1,D,9,45,C,8
06/25/1994,06:00,92,1267,14,1,10,0,1,16,14,1,10,16,1,10,0,1,16,16,1,10,52,1,21,10,A,7,10,A,7,12.2,A,7,11.7,A,7,97,A,7,968,A,7,330,A,7,7.2,A,7,3200,B,7,274,A,7,2.8,E,8,0.000,F,8,0.00,F,8,13,1,D,9,45,C,8
06/25/1994,07:00,316,1322,46,1,10,0,1,16,46,1,10,54,1,10,0,1,16,54,1,10,186,1,21,10,A,7,10,A,7,12.8,A,7,11.7,A,7,93,A,7,969,A,7,310,A,7,7.7,A,7,3200,B,7,274,A,7,2.8,E,8,0.000,F,8,0.00,F,8,30,1,D,9,45,C,8
06/25/1994,08:00,546,1322,77,1,10,0,1,16,77,1,10,92,1,10,0,1,16,92,1,10,345,1,21,10,A,7,10,A,7,13.3,A,7,12.2,A,7,93,A,7,970,A,7,330,A,7,6.2,A,7,4800,B,7,274,A,7,2.8,E,8,0.000,F,8,0.00,F,8,15,1,D,9,45,C,8
06/25/1994,09:00,764,1322,123,1,10,0,1,16,123,1,10,148,1,10,0,1,16,148,1,10,585,1,21,10,A,7,10,A,7,13.9,A,7,12.8,A,7,93,A,7,971,A,7,330,A,7,8.2,A,7,3200,B,7,274,A,7,2.8,E,8,0.000,F,8,0.00,F,8,3,1,D,9,45,C,8
06/25/1994,10:00,954,1322,164,1,10,0,1,16,164,1,10,199,1,10,0,1,16,199,1,10,814,1,21,10,A,7,10,A,7,13.9,A,7,13.3,A,7,96,A,7,972,A,7,330,A,7,7.2,A,7,3200,B,7,305,A,7,2.8,E,8,0.000,F,8,0.00,F,8,3,1,D,9,45,C,8
06/25/1994,11:00,1103,1322,197,1,10,0,1,16,197,1,10,241,1,10,0,1,16,241,1,10,989,1,21,10,A,7,10,A,7,15.0,A,7,14.4,A,7,96,A,7,972,A,7,330,A,7,6.2,A,7,3200,B,7,274,A,7,2.8,E,8,0.000,F,8,0.00,F,8,10,1,D,9,45,C,8
06/25/1994,12:00,1202,1322,261,1,10,0,1,16,261,1,10,317,1,10,0,1,16,317,1,10,1266,1,21,10,A,7,10,A,7,17.8,A,7,15.0,A,7,84,A,7,973,A,7,330,A,7,6.2,A,7,9600,B,7,1219,A,7,2.8,E,8,0.000,F,8,0.00,F,8,0,1,D,9,45,C,8
06/25/1994,13:00,1243,1322,272,1,10,0,1,16,272,1,10,331,1,10,0,1,16,331,1,10,1317,1,21,10,A,7,10,A,7,19.4,A,7,14.4,A,7,73,A,7,973,A,7,330,A,7,8.2,A,7,9600,B,7,701,A,7,2.8,E,8,0.000,F,8,0.00,F,8,0,1,D,9,45,C,8
06/25/1994,14:00,1224,1322,718,1,10,353,1,16,391,1,10,792,1,10,384,1,16,436,1,10,2207,1,21,10,A,7,8,A,7,20.0,A,7,13.9,A,7,68,A,7,973,A,7,310,A,7,7.7,A,7,12800,B,7,1067,A,7,2.8,E,8,0.000,F,8,0.00,F,8,0,1,D,9,45,C,8
06/25/1994,15:00,1146,1322,264,1,10,21,1,16,245,1,10,292,1,10,21,1,16,274,1,10,1160,1,21,10,A,7,9,A,7,22.2,A,7,13.9,A,7,59,A,7,973,A,7,300,A,7,7.2,A,7,16000,B,7,945,A,7,2.8,E,8,0.000,F,8,0.00,F,8,0,1,D,9,00,C,8
06/25/1994,16:00,1014,1322,654,1,10,520,1,16,254,1,10,704,1,10,542,1,16,287,1,10,830,1,21,3,A,7,3,A,7,22.8,A,7,13.9,A,7,57,A,7,973,A,7,310,A,7,10.3,A,7,16000,B,7,77777,A,7,2.8,E,8,0.000,F,8,0.00,F,8,0,1,D,9,00,C,8
06/25/1994,17:00,837,1322,543,1,10,568,1,16,183,1,10,565,1,10,568,1,16,205,1,10,442,1,21,2,A,7,2,A,7,22.8,A,7,14.4,A,7,59,A,7,973,A,7,270,A,7,8.2,A,7,16000,B,7,77777,A,7,2.8,E,8,0.000,F,8,0.00,F,8,0,1,D,9,00,C,8
06/25/1994,18:00,627,1322,366,1,10,377,1,16,187,1,10,392,1,10,387,1,16,208,1,10,412,1,21,3,A,7,3,A,7,22.8,A,7,14.4,A,7,59,A,7,974,A,7,270,A,7,7.7,A,7,16000,B,7,77777,A,7,2.8,E,8,0.000,F,8,0.00,F,8,0,1,D,9,00,C,8
06/25/1994,19:00,400,1322,190,1,10,331,1,16,90,1,10,201,1,10,294,1,16,112,1,10,167,1,21,1,A,7,1,A,7,22.2,A,7,13.9,A,7,59,A,7,974,A,7,260,A,7,5.7,A,7,16000,B,7,77777,A,7,2.8,E,8,0.000,F,8,0.00,F,8,0,1,D,9,00,C,8
06/25/1994,20:00,171,1322,57,1,10,75,1,16,47,1,10,62,1,10,47,1,16,56,1,10,99,1,21,3,A,7,3,A,7,20.0,A,7,13.9,A,7,68,A,7,975,A,7,260,A,7,4.1,A,7,16000,B,7,77777,A,7,2.8,E,8,0.000,F,8,0.00,F,8,0,1,D,9,00,C,8
06/25/1994,21:00,9,408,1,1,10,0,1,16,1,1,10,0,1,10,0,1,16,0,1,10,0,1,21,7,A,7,7,A,7,18.3,A,7,14.4,A,7,78,A,7,975,A,7,250,A,7,3.1,A,7,16000,B,7,2134,A,7,2.8,E,8,0.000,F,8,0.00,F,8,0,1,D,9,00,C,8
06/25/1994,22:00,0,0,0,1,0,0,1,0,0,1,0,0,1,0,0,1,0,0,1,0,0,1,0,10,A,7,10,A,7,18.3,A,7,15.0,A,7,81,A,7,976,A,7,340,A,7,3.1,A,7,16000,B,7,1494,A,7,2.8,E,8,0.000,F,8,0.00,F,8,0,1,D,9,00,C,8
06/25/1994,23:00,0,0,0,1,0,0,1,0,0,1,0,0,1,0,0,1,0,0,1,0,0,1,0,10,A,7,10,A,7,17.8,A,7,15.6,A,7,87,A,7,976,A,7,10,A,7,3.6,A,7,16000,B,7,1280,A,7,2.8,E,8,0.000,F,8,0.00,F,8,0,1,D,9,00,C,8
06/25/1994,24:00,0,0,0,1,0,0,1,0,0,1,0,0,1,0,0,1,0,0,1,0,0,1,0,10,A,7,10,A,7,17.2,A,7,15.6,A,7,90,A,7,976,A,7,40,A,7,2.1,A,7,12800,B,7,3658,A,7,2.8,E,8,0.000,F,8,0.00,F,8,0,1,D,9,00,C,8
06/26/1994,01:00,0,0,0,1,0,0,1,0,0,1,0,0,1,0,0,1,0,0,1,0,0,1,0,6,A,7,6,A,7,15.6,A,7,14.4,A,7,93,A,7,976,A,7,100,A,7,1.5,A,7,16000,B,7,1524,A,7,2.8,E,8,0.000,F,8,0.00,F,8,0,1,D,9,00,C,8
06/26/1994,02:00,0,0,0,1,0,0,1,0,0,1,0,0,1,0,0,1,0,0,1,0,0,1,0,10,A,7,10,A,7,16.1,A,7,15.0,A,7,93,A,7,976,A,7,200,A,7,2.1,A,7,14400,B,7,1433,A,7,2.8,E,8,0.000,F,8,0.00,F,8,0,1,D,9,00,C,8
06/26/1994,03:00,0,0,0,1,0,0,1,0,0,1,0,0,1,0,0,1,0,0,1,0,0,1,0,10,A,7,10,A,7,16.1,A,7,15.6,A,7,97,A,7,975,A,7,130,A,7,3.6,A,7,11200,B,7,1524,A,7,2.8,E,8,0.000,F,8,0.00,F,8,0,1,D,9,80,C,8
06/26/1994,04:00,0,0,0,1,0,0,1,0,0,1,0,0,1,0,0,1,0,0,1,0,0,1,0,9,A,7,9,A,7,15.6,A,7,15.0,A,7,96,A,7,975,A,7,110,A,7,2.1,A,7,16000,B,7,3353,A,7,2.8,E,8,0.000,F,8,0.00,F,8,0,1,D,9,80,C,8
06/26/1994,05:00,0,0,0,1,0,0,1,0,0,1,0,0,1,0,0,1,0,0,1,0,0,1,0,9,A,7,9,A,7,16.1,A,7,13.9,A,7,87,A,7,975,A,7,140,A,7,4.1,A,7,16000,B,7,3658,A,7,2.8,E,8,0.000,F,8,0.00,F,8,0,1,D,9,00,C,8
06/26/1994,06:00,91,1245,21,1,10,35,1,16,18,1,10,23,1,10,17,1,16,22,1,10,37,1,21,6,A,7,6,A,7,16.7,A,7,13.3,A,7,80,A,7,975,A,7,150,A,7,4.1,A,7,16000,B,7,1829,A,7,2.8,E,8,0.000,F,8,0.00,F,8,0,1,D,9,00,C,8
06/26/1994,07:00,314,1322,85,1,10,47,1,16,74,1,10,93,1,10,40,1,16,84,1,10,195,1,21,10,A,7,9,A,7,18.3,A,7,13.9,A,7,76,A,7,975,A,7,150,A,7,4.1,A,7,16000,B,7,1524,A,7,2.8,E,8,0.000,F,8,0.00,F,8,0,1,D,9,00,C,8
06/26/1994,08:00,545,1322,103,1,10,0,1,16,103,1,10,120,1,10,0,1,16,120,1,10,439,1,21,10,A,7,10,A,7,18.9,A,7,15.0,A,7,78,A,7,977,A,7,250,A,7,4.1,A,7,11200,B,7,1676,A,7,2.8,E,8,0.000,F,8,0.00,F,8,0,1,D,9,17,C,8
06/26/1994,09:00,763,1322,197,1,10,0,1,16,197,1,10,229,1,10,0,1,16,229,1,10,852,1,21,10,A,7,10,A,7,18.3,A,7,16.7,A,7,90,A,7,976,A,7,50,A,7,4.1,A,7,11200,B,7,3353,A,7,2.8,E,8,0.000,F,8,0.00,F,8,18,1,D,9,80,C,8
06/26/1994,10:00,953,1322,205,1,10,0,1,16,205,1,10,245,1,10,0,1,16,245,1,10,978,1,21,10,A,7,10,A,7,18.3,A,7,16.1,A,7,87,A,7,977,A,7,50,A,7,4.1,A,7,11200,B,7,2438,A,7,2.8,E,8,0.000,F,8,0.00,F,8,0,1,D,9,00,C,8
06/26/1994,11:00,1103,1322,303,1,10,0,1,16,303,1,10,359,1,10,0,1,16,359,1,10,1392,1,21,10,A,7,10,A,7,19.4,A,7,16.7,A,7,84,A,7,977,A,7,50,A,7,4.1,A,7,12800,B,7,3048,A,7,2.9,E,8,0.000,F,8,0.00,F,8,0,1,D,9,00,C,8
06/26/1994,12:00,1202,1322,333,1,10,0,1,16,333,1,10,397,1,10,0,1,16,397,1,10,1527,1,21,10,A,7,10,A,7,20.6,A,7,17.2,A,7,81,A,7,977,A,7,70,A,7,3.6,A,7,16000,B,7,3048,A,7,2.9,E,8,0.000,F,8,0.00,F,8,0,1,D,9,00,C,8
06/26/1994,13:00,1243,1322,788,1,10,321,1,16,485,1,10,856,1,10,348,1,16,528,1,10,3038,1,21,10,A,7,8,A,7,22.2,A,7,17.2,A,7,73,A,7,977,A,7,70,A,7,4.1,A,7,16000,B,7,3962,A,7,2.9,E,8,0.000,F,8,0.00,F,8,0,1,D,9,00,C,8
06/26/1994,14:00,1224,1322,768,1,10,279,1,16,509,1,10,830,1,10,302,1,16,549,1,10,2946,1,21,10,A,7,7,A,7,23.9,A,7,17.2,A,7,66,A,7,977,A,7,40,A,7,5.2,A,7,16000,B,7,762,A,7,2.9,E,8,0.000,F,8,0.00,F,8,0,1,D,9,00,C,8
06/26/1994,15:00,1146,1322,316,1,10,0,1,16,316,1,10,375,1,10,0,1,16,375,1,10,1451,1,21,10,A,7,10,A,7,23.3,A,7,16.7,A,7,66,A,7,977,A,7,60,A,7,4.1,A,7,16000,B,7,3658,A,7,2.9,E,8,0.000,F,8,0.00,F,8,0,1,D,9,00,C,8
06/26/1994,16:00,1014,1322,275,1,10,0,1,16,275,1,10,324,1,10,0,1,16,324,1,10,1259,1,21,10,A,7,10,A,7,22.8,A,7,16.7,A,7,68,A,7,977,A,7,40,A,7,4.1,A,7,16000,B,7,3353,A,7,2.9,E,8,0.000,F,8,0.00,F,8,0,1,D,9,00,C,8
06/26/1994,17:00,837,1322,220,1,10,0,1,16,220,1,10,256,1,10,0,1,16,256,1,10,972,1,21,10,A,7,10,A,7,22.2,A,7,16.1,A,7,68,A,7,977,A,7,90,A,7,3.6,A,7,16000,B,7,3353,A,7,2.9,E,8,0.000,F,8,0.00,F,8,0,1,D,9,00,C,8
06/26/1994,18:00,628,1322,295,1,10,74,1,16,260,1,10,323,1,10,74,1,16,288,1,10,714,1,21,9,A,7,9,A,7,23.3,A,7,17.8,A,7,71,A,7,977,A,7,40,A,7,7.2,A,7,16000,B,7,701,A,7,2.9,E,8,0.000,F,8,0.00,F,8,0,1,D,9,00,C,8
06/26/1994,19:00,400,1322,169,1,10,104,1,16,137,1,10,182,1,10,95,1,16,153,1,10,307,1,21,8,A,7,8,A,7,20.0,A,7,15.6,A,7,76,A,7,978,A,7,70,A,7,5.2,A,7,16000,B,7,3048,A,7,2.9,E,8,0.000,F,8,0.00,F,8,0,1,D,9,00,C,8
06/26/1994,20:00,171,1322,60,1,10,88,1,16,49,1,10,65,1,10,56,1,16,58,1,10,103,1,21,9,A,7,9,A,7,19.4,A,7,15.0,A,7,76,A,7,978,A,7,70,A,7,5.7,A,7,16000,B,7,3353,A,7,2.9,E,8,0.000,F,8,0.00,F,8,0,1,D,9,00,C,8
06/26/1994,21:00,9,430,1,1,10,8,1,16,1,1,10,0,1,10,0,1,16,0,1,10,0,1,21,3,A,7,3,A,7,17.8,A,7,13.3,A,7,75,A,7,979,A,7,40,A,7,3.6,A,7,16000,B,7,77777,A,7,2.9,E,8,0.000,F,8,0.00,F,8,0,1,D,9,00,C,8
06/26/1994,22:00,0,0,0,1,0,0,1,0,0,1,0,0,1,0,0,1,0,0,1,0,0,1,0,10,A,7,9,A,7,16.7,A,7,13.3,A,7,80,A,7,979,A,7,30,A,7,2.1,A,7,16000,B,7,1524,A,7,3.0,E,8,0.000,F,8,0.00,F,8,0,1,D,9,00,C,8
06/26/1994,23:00,0,0,0,1,0,0,1,0,0,1,0,0,1,0,0,1,0,0,1,0,0,1,0,5,A,7,5,A,7,17.2,A,7,13.3,A,7,78,A,7,980,A,7,30,A,7,3.6,A,7,16000,B,7,77777,A,7,3.0,E,8,0.000,F,8,0.00,F,8,0,1,D,9,00,C,8
06/26/1994,24:00,0,0,0,1,0,0,1,0,0,1,0,0,1,0,0,1,0,0,1,0,0,1,0,1,A,7,1,A,7,16.1,A,7,12.2,A,7,78,A,7,980,A,7,20,A,7,2.6,A,7,16000,B,7,77777,A,7,3.0,E,8,0.000,F,8,0.00,F,8,0,1,D,9,00,C,8
06/27/1994,01:00,0,0,0,1,0,0,1,0,0,1,0,0,1,0,0,1,0,0,1,0,0,1,0,0,A,7,0,A,7,15.6,A,7,11.7,A,7,78,A,7,980,A,7,360,A,7,4.1,A,7,16000,B,7,77777,A,7,3.0,E,8,0.000,F,8,0.00,F,8,0,1,D,9,00,C,8
06/27/1994,02:00,0,0,0,1,0,0,1,0,0,1,0,0,1,0,0,1,0,0,1,0,0,1,0,0,A,7,0,A,7,15.0,A,7,11.7,A,7,81,A,7,981,A,7,360,A,7,4.1,A,7,16000,B,7,77777,A,7,3.0,E,8,0.000,F,8,0.00,F,8,0,1,D,9,00,C,8
06/27/1994,03:00,0,0,0,1,0,0,1,0,0,1,0,0,1,0,0,1,0,0,1,0,0,1,0,0,A,7,0,A,7,14.4,A,7,11.7,A,7,84,A,7,980,A,7,30,A,7,4.1,A,7,12800,B,7,77777,A,7,3.0,E,8,0.000,F,8,0.00,F,8,0,1,D,9,00,C,8
06/27/1994,04:00,0,0,0,1,0,0,1,0,0,1,0,0,1,0,0,1,0,0,1,0,0,1,0,0,A,7,0,A,7,13.9,A,7,11.7,A,7,87,A,7,981,A,7,10,A,7,3.1,A,7,12800,B,7,77777,A,7,3.0,E,8,0.000,F,8,0.00,F,8,0,1,D,9,00,C,8
06/27/1994,05:00,0,0,0,1,0,0,1,0,0,1,0,0,1,0,0,1,0,0,1,0,0,1,0,0,A,7,0,A,7,13.3,A,7,11.7,A,7,90,A,7,981,A,7,30,A,7,3.1,A,7,16000,B,7,77777,A,7,3.0,E,8,0.000,F,8,0.00,F,8,0,1,D,9,00,C,8
06/27/1994,06:00,90,1245,31,1,10,187,1,16,18,1,10,33,1,10,94,1,16,26,1,10,33,1,21,0,A,7,0,A,7,13.9,A,7,12.8,A,7,93,A,7,981,A,7,360,A,7,3.6,A,7,24000,B,7,77777,A,7,3.0,E,8,0.000,F,8,0.00,F,8,0,1,D,9,00,C,8
06/27/1994,07:00,313,1322,170,1,10,532,1,16,44,1,10,179,1,10,440,1,16,74,1,10,84,1,21,0,A,7,0,A,7,16.1,A,7,13.3,A,7,83,A,7,982,A,7,360,A,7,3.6,A,7,24000,B,7,77777,A,7,3.0,E,8,0.000,F,8,0.00,F,8,0,1,D,9,00,C,8
06/27/1994,08:00,543,1322,353,1,10,703,1,16,63,1,10,372,1,10,674,1,16,95,1,10,136,1,21,0,A,7,0,A,7,18.3,A,7,13.3,A,7,73,A,7,983,A,7,30,A,7,4.6,A,7,24000,B,7,77777,A,7,3.0,E,8,0.000,F,8,0.00,F,8,0,1,D,9,00,C,8
06/27/1994,09:00,761,1322,539,1,10,794,1,16,81,1,10,579,1,10,796,1,16,120,1,10,197,1,21,0,A,7,0,A,7,20.6,A,7,13.9,A,7,65,A,7,983,A,7,40,A,7,5.7,A,7,24000,B,7,77777,A,7,3.0,E,8,0.000,F,8,0.00,F,8,0,1,D,9,00,C,8
06/27/1994,10:00,952,1322,665,1,10,780,1,16,103,1,10,718,1,10,792,1,16,147,1,10,304,1,21,1,A,7,1,A,7,21.7,A,7,13.9,A,7,61,A,7,983,A,7,20,A,7,5.7,A,7,24000,B,7,77777,A,7,3.0,E,8,0.000,F,8,0.00,F,8,0,1,D,9,00,C,8
06/27/1994,11:00,1102,1322,613,1,10,483,1,16,210,1,10,652,1,10,493,1,16,241,1,10,839,1,21,2,A,7,2,A,7,22.2,A,7,14.4,A,7,61,A,7,983,A,7,10,A,7,7.2,A,7,24000,B,7,77777,A,7,3.0,E,8,0.000,F,8,0.00,F,8,0,1,D,9,00,C,8
06/27/1994,12:00,1201,1322,793,1,10,631,1,16,218,1,10,849,1,10,646,1,16,261,1,10,1219,1,21,4,A,7,4,A,7,23.3,A,7,13.9,A,7,55,A,7,982,A,7,20,A,7,8.2,A,7,24000,B,7,77777,A,7,3.0,E,8,0.000,F,8,0.00,F,8,0,1,D,9,00,C,8
06/27/1994,13:00,1243,1322,928,1,10,785,1,16,190,1,10,976,1,10,790,1,16,232,1,10,1204,1,21,4,A,7,4,A,7,23.3,A,7,14.4,A,7,57,A,7,982,A,7,50,A,7,5.7,A,7,24000,B,7,77777,A,7,3.0,E,8,0.000,F,8,0.00,F,8,0,1,D,9,00,C,8
06/27/1994,14:00,1224,1322,910,1,10,761,1,16,205,1,10,947,1,10,762,1,16,240,1,10,1155,1,21,4,A,7,4,A,7,23.9,A,7,14.4,A,7,55,A,7,982,A,7,30,A,7,6.7,A,7,24000,B,7,77777,A,7,3.0,E,8,0.000,F,8,0.00,F,8,0,1,D,9,00,C,8
06/27/1994,15:00,1146,1322,734,1,10,555,1,16,253,1,10,775,1,10,562,1,16,286,1,10,1137,1,21,5,A,7,5,A,7,23.9,A,7,14.4,A,7,55,A,7,982,A,7,30,A,7,3.6,A,7,24000,B,7,77777,A,7,3.0,E,8,0.000,F,8,0.00,F,8,0,1,D,9,00,C,8
06/27/1994,16:00,1014,1322,727,1,10,821,1,16,96,1,10,754,1,10,821,1,16,123,1,10,280,1,21,1,A,7,1,A,7,23.9,A,7,13.3,A,7,51,A,7,981,A,7,30,A,7,5.7,A,7,16000,B,7,77777,A,7,3.0,E,8,0.000,F,8,0.00,F,8,0,1,D,9,00,C,8
06/27/1994,17:00,837,1322,583,1,10,787,1,16,84,1,10,608,1,10,781,1,16,112,1,10,200,1,21,1,A,7,1,A,7,25.0,A,7,14.4,A,7,52,A,7,981,A,7,30,A,7,4.1,A,7,16000,B,7,77777,A,7,3.0,E,8,0.000,F,8,0.00,F,8,0,1,D,9,00,C,8
06/27/1994,18:00,628,1322,424,1,10,744,1,16,71,1,10,451,1,10,729,1,16,104,1,10,158,1,21,0,A,7,0,A,7,25.0,A,7,14.4,A,7,52,A,7,981,A,7,40,A,7,3.1,A,7,16000,B,7,77777,A,7,3.0,E,8,0.000,F,8,0.00,F,8,0,1,D,9,00,C,8
06/27/1994,19:00,400,1322,237,1,10,612,1,16,51,1,10,246,1,10,549,1,16,80,1,10,104,1,21,0,A,7,0,A,7,24.4,A,7,15.6,A,7,58,A,7,981,A,7,50,A,7,2.6,A,7,16000,B,7,77777,A,7,3.0,E,8,0.000,F,8,0.00,F,8,0,1,D,9,00,C,8
06/27/1994,20:00,171,1322,72,1,10,314,1,16,31,1,10,73,1,10,199,1,16,48,1,10,56,1,21,1,A,7,0,A,7,20.6,A,7,16.1,A,7,75,A,7,981,A,7,60,A,7,3.1,A,7,16000,B,7,77777,A,7,3.0,E,8,0.000,F,8,0.00,F,8,0,1,D,9,00,C,8
06/27/1994,21:00,9,430,1,1,10,25,1,16,1,1,10,0,1,10,0,1,16,0,1,10,0,1,21,0,A,7,0,A,7,17.2,A,7,13.9,A,7,81,A,7,982,A,7,70,A,7,3.1,A,7,16000,B,7,77777,A,7,3.0,E,8,0.000,F,8,0.00,F,8,0,1,D,9,00,C,8
06/27/1994,22:00,0,0,0,1,0,0,1,0,0,1,0,0,1,0,0,1,0,0,1,0,0,1,0,3,A,7,3,A,7,16.7,A,7,13.3,A,7,80,A,7,982,A,7,110,A,7,2.1,A,7,16000,B,7,77777,A,7,3.0,E,8,0.000,F,8,0.00,F,8,0,1,D,9,00,C,8
06/27/1994,23:00,0,0,0,1,0,0,1,0,0,1,0,0,1,0,0,1,0,0,1,0,0,1,0,0,A,7,0,A,7,15.6,A,7,13.3,A,7,86,A,7,981,A,7,0,A,7,0.0,A,7,16000,B,7,77777,A,7,3.0,E,8,0.000,F,8,0.00,F,8,0,1,D,9,00,C,8
06/27/1994,24:00,0,0,0,1,0,0,1,0,0,1,0,0,1,0,0,1,0,0,1,0,0,1,0,1,A,7,1,A,7,15.0,A,7,13.9,A,7,93,A,7,981,A,7,130,A,7,1.5,A,7,16000,B,7,77777,A,7,3.0,E,8,0.000,F,8,0.00,F,8,0,1,D,9,00,C,8
06/28/1994,01:00,0,0,0,1,0,0,1,0,0,1,0,0,1,0,0,1,0,0,1,0,0,1,0,1,A,7,1,A,7,16.1,A,7,13.9,A,7,87,A,7,981,A,7,180,A,7,2.6,A,7,16000,B,7,77777,A,7,2.9,E,8,0.000,F,8,0.00,F,8,0,1,D,9,00,C,8
06/28/1994,02:00,0,0,0,1,0,0,1,0,0,1,0,0,1,0,0,1,0,0,1,0,0,1,0,2,A,7,2,A,7,16.1,A,7,13.3,A,7,83,A,7,981,A,7,170,A,7,2.1,A,7,16000,B,7,77777,A,7,2.9,E,8,0.000,F,8,0.00,F,8,0,1,D,9,00,C,8
06/28/1994,03:00,0,0,0,1,0,0,1,0,0,1,0,0,1,0,0,1,0,0,1,0,0,1,0,3,A,7,3,A,7,14.4,A,7,12.8,A,7,90,A,7,980,A,7,120,A,7,2.6,A,7,16000,B,7,77777,A,7,2.9,E,8,0.000,F,8,0.00,F,8,0,1,D,9,00,C,8
06/28/1994,04:00,0,0,0,1,0,0,1,0,0,1,0,0,1,0,0,1,0,0,1,0,0,1,0,4,A,7,4,A,7,15.6,A,7,13.3,A,7,86,A,7,980,A,7,150,A,7,2.6,A,7,16000,B,7,77777,A,7,2.9,E,8,0.000,F,8,0.00,F,8,0,1,D,9,00,C,8
06/28/1994,05:00,0,0,0,1,0,0,1,0,0,1,0,0,1,0,0,1,0,0,1,0,0,1,0,3,A,7,3,A,7,15.6,A,7,13.9,A,7,90,A,7,980,A,7,180,A,7,4.1,A,7,16000,B,7,77777,A,7,2.9,E,8,0.000,F,8,0.00,F,8,0,1,D,9,00,C,8
06/28/1994,06:00,88,1245,22,1,10,11,1,16,21,1,10,24,1,10,6,1,16,23,1,10,52,1,21,1,A,7,1,A,7,16.7,A,7,14.4,A,7,86,A,7,980,A,7,190,A,7,4.1,A,7,16000,B,7,77777,A,7,2.9,E,8,0.000,F,8,0.00,F,8,0,1,D,9,00,C,8
06/28/1994,07:00,312,1322,81,1,10,23,1,16,75,1,10,88,1,10,20,1,16,84,1,10,197,1,21,8,A,7,8,A,7,18.9,A,7,15.0,A,7,78,A,7,979,A,7,180,A,7,3.1,A,7,16000,B,7,3048,A,7,2.9,E,8,0.000,F,8,0.00,F,8,0,1,D,9,00,C,8
06/28/1994,08:00,542,1322,282,1,10,323,1,16,150,1,10,303,1,10,321,1,16,171,1,10,312,1,21,2,A,7,2,A,7,20.6,A,7,14.4,A,7,68,A,7,979,A,7,180,A,7,6.2,A,7,19200,B,7,77777,A,7,2.9,E,8,0.000,F,8,0.00,F,8,0,1,D,9,00,C,8
06/28/1994,09:00,760,1322,486,1,10,532,1,16,180,1,10,520,1,10,543,1,16,207,1,10,408,1,21,1,A,7,0,A,7,23.3,A,7,15.6,A,7,62,A,7,978,A,7,200,A,7,5.7,A,7,19200,B,7,77777,A,7,3.0,E,8,0.000,F,8,0.00,F,8,0,1,D,9,00,C,8
06/28/1994,10:00,951,1322,633,1,10,537,1,16,246,1,10,678,1,10,558,1,16,276,1,10,717,1,21,2,A,7,2,A,7,24.4,A,7,16.1,A,7,60,A,7,978,A,7,200,A,7,5.2,A,7,19200,B,7,77777,A,7,3.0,E,8,0.000,F,8,0.00,F,8,0,1,D,9,00,C,8
06/28/1994,11:00,1101,1322,583,1,10,372,1,16,272,1,10,631,1,10,389,1,16,306,1,10,1094,1,21,8,A,7,5,A,7,25.6,A,7,16.7,A,7,58,A,7,978,A,7,190,A,7,7.2,A,7,19200,B,7,1981,A,7,3.0,E,8,0.000,F,8,0.00,F,8,0,1,D,9,00,C,8
06/28/1994,12:00,1200,1322,900,1,10,631,1,16,326,1,10,971,1,10,660,1,16,370,1,10,1847,1,21,6,A,7,6,A,7,26.1,A,7,17.2,A,7,58,A,7,977,A,7,200,A,7,5.7,A,7,16000,B,7,1006,A,7,3.0,E,8,0.000,F,8,0.00,F,8,0,1,D,9,00,C,8
06/28/1994,13:00,1242,1322,532,1,10,208,1,16,336,1,10,594,1,10,227,1,16,381,1,10,2036,1,21,8,A,7,8,A,7,26.1,A,7,16.7,A,7,56,A,7,977,A,7,180,A,7,6.2,A,7,12800,B,7,1189,A,7,3.1,E,8,0.000,F,8,0.00,F,8,0,1,D,9,00,C,8
06/28/1994,14:00,1223,1322,697,1,10,436,1,16,293,1,10,763,1,10,457,1,16,339,1,10,1835,1,21,7,A,7,7,A,7,26.7,A,7,17.2,A,7,56,A,7,976,A,7,180,A,7,7.2,A,7,11200,B,7,1158,A,7,3.1,E,8,0.000,F,8,0.00,F,8,0,1,D,9,00,C,8
06/28/1994,15:00,1146,1322,798,1,10,482,1,16,380,1,10,842,1,10,502,1,16,405,1,10,1777,1,21,5,A,7,5,A,7,26.7,A,7,17.2,A,7,56,A,7,975,A,7,180,A,7,5.7,A,7,16000,B,7,77777,A,7,3.1,E,8,0.000,F,8,0.00,F,8,0,1,D,9,17,C,8
06/28/1994,16:00,1014,1322,682,1,10,468,1,16,323,1,10,718,1,10,486,1,16,344,1,10,1076,1,21,5,A,7,5,A,7,27.8,A,7,19.4,A,7,60,A,7,974,A,7,200,A,7,5.2,A,7,16000,B,7,77777,A,7,3.1,E,8,0.000,F,8,0.00,F,8,0,1,D,9,00,C,8
06/28/1994,17:00,837,1322,340,1,10,111,1,16,270,1,10,373,1,10,117,1,16,299,1,10,755,1,21,8,A,7,8,A,7,27.8,A,7,17.2,A,7,53,A,7,973,A,7,200,A,7,7.2,A,7,11200,B,7,3353,A,7,3.1,E,8,0.000,F,8,0.00,F,8,0,1,D,9,00,C,8
06/28/1994,18:00,628,1322,112,1,10,0,1,16,112,1,10,132,1,10,0,1,16,132,1,10,499,1,21,10,A,7,10,A,7,22.2,A,7,18.9,A,7,82,A,7,973,A,7,250,A,7,6.2,A,7,11200,B,7,1829,A,7,3.2,E,8,0.000,F,8,0.00,F,8,76,1,D,9,00,C,8
06/28/1994,19:00,401,1322,117,1,10,79,1,16,93,1,10,129,1,10,73,1,16,107,1,10,208,1,21,8,A,7,8,A,7,21.1,A,7,17.8,A,7,81,A,7,973,A,7,220,A,7,5.2,A,7,16000,B,7,7620,A,7,3.2,E,8,0.000,F,8,0.00,F,8,58,1,D,9,80,C,8
06/28/1994,20:00,171,1322,45,1,10,8,1,16,44,1,10,50,1,10,1,1,16,50,1,10,146,1,21,7,A,7,7,A,7,20.6,A,7,17.8,A,7,84,A,7,974,A,7,220,A,7,4.6,A,7,16000,B,7,4572,A,7,3.2,E,8,0.000,F,8,0.00,F,8,0,1,D,9,00,C,8
06/28/1994,21:00,9,407,0,1,10,0,1,16,0,1,10,0,1,10,0,1,16,0,1,10,0,1,21,10,A,7,10,A,7,20.6,A,7,18.3,A,7,87,A,7,974,A,7,200,A,7,3.1,A,7,16000,B,7,2743,A,7,3.2,E,8,0.000,F,8,0.00,F,8,0,1,D,9,00,C,8
06/28/1994,22:00,0,0,0,1,0,0,1,0,0,1,0,0,1,0,0,1,0,0,1,0,0,1,0,10,A,7,10,A,7,20.0,A,7,18.3,A,7,90,A,7,973,A,7,200,A,7,2.6,A,7,16000,B,7,3658,A,7,3.3,E,8,0.000,F,8,0.00,F,8,5,1,D,9,00,C,8
06/28/1994,23:00,0,0,0,1,0,0,1,0,0,1,0,0,1,0,0,1,0,0,1,0,0,1,0,10,A,7,9,A,7,19.4,A,7,17.2,A,7,87,A,7,973,A,7,230,A,7,3.6,A,7,16000,B,7,2591,A,7,3.3,E,8,0.000,F,8,0.00,F,8,0,1,D,9,00,C,8
06/28/1994,24:00,0,0,0,1,0,0,1,0,0,1,0,0,1,0,0,1,0,0,1,0,0,1,0,2,A,7,2,A,7,17.8,A,7,16.7,A,7,93,A,7,973,A,7,180,A,7,3.1,A,7,16000,B,7,77777,A,7,3.3,E,8,0.000,F,8,0.00,F,8,0,1,D,9,00,C,8
06/29/1994,01:00,0,0,0,1,0,0,1,0,0,1,0,0,1,0,0,1,0,0,1,0,0,1,0,9,A,7,9,A,7,18.3,A,7,17.2,A,7,93,A,7,973,A,7,210,A,7,3.6,A,7,16000,B,7,2743,A,7,3.3,E,8,0.000,F,8,0.00,F,8,0,1,D,9,00,C,8
06/29/1994,02:00,0,0,0,1,0,0,1,0,0,1,0,0,1,0,0,1,0,0,1,0,0,1,0,4,A,7,4,A,7,17.2,A,7,16.1,A,7,93,A,7,972,A,7,200,A,7,2.1,A,7,16000,B,7,77777,A,7,3.3,E,8,0.000,F,8,0.00,F,8,0,1,D,9,00,C,8
06/29/1994,03:00,0,0,0,1,0,0,1,0,0,1,0,0,1,0,0,1,0,0,1,0,0,1,0,10,A,7,10,A,7,18.3,A,7,16.7,A,7,90,A,7,972,A,7,200,A,7,4.1,A,7,16000,B,7,2134,A,7,3.4,E,8,0.000,F,8,0.00,F,8,0,1,D,9,00,C,8
06/29/1994,04:00,0,0,0,1,0,0,1,0,0,1,0,0,1,0,0,1,0,0,1,0,0,1,0,10,A,7,10,A,7,18.3,A,7,16.7,A,7,90,A,7,971,A,7,200,A,7,5.2,A,7,16000,B,7,1829,A,7,3.4,E,8,0.000,F,8,0.00,F,8,0,1,D,9,00,C,8
06/29/1994,05:00,0,0,0,1,0,0,1,0,0,1,0,0,1,0,0,1,0,0,1,0,0,1,0,7,A,7,7,A,7,17.8,A,7,16.1,A,7,90,A,7,971,A,7,220,A,7,4.6,A,7,16000,B,7,3353,A,7,3.4,E,8,0.000,F,8,0.00,F,8,0,1,D,9,00,C,8
06/29/1994,06:00,87,1222,19,1,10,8,1,16,18,1,10,20,1,10,5,1,16,20,1,10,45,1,21,8,A,7,8,A,7,18.3,A,7,16.1,A,7,87,A,7,972,A,7,230,A,7,5.7,A,7,16000,B,7,1829,A,7,3.4,E,8,0.000,F,8,0.00,F,8,0,1,D,9,00,C,8
06/29/1994,07:00,310,1322,110,1,10,35,1,16,102,1,10,121,1,10,30,1,16,113,1,10,249,1,21,7,A,7,7,A,7,18.9,A,7,16.1,A,7,84,A,7,972,A,7,240,A,7,6.2,A,7,16000,B,7,1676,A,7,3.5,E,8,0.000,F,8,0.00,F,8,0,1,D,9,00,C,8
06/29/1994,08:00,541,1322,96,1,10,0,1,16,96,1,10,113,1,10,0,1,16,113,1,10,414,1,21,10,A,7,10,A,7,18.9,A,7,16.7,A,7,87,A,7,972,A,7,240,A,7,5.7,A,7,16000,B,7,2134,A,7,3.4,E,8,0.000,F,8,0.00,F,8,0,1,D,9,00,C,8
06/29/1994,09:00,759,1322,151,1,10,0,1,16,151,1,10,179,1,10,0,1,16,179,1,10,692,1,21,10,A,7,10,A,7,20.0,A,7,16.7,A,7,81,A,7,972,A,7,260,A,7,6.2,A,7,16000,B,7,457,A,7,3.4,E,8,0.000,F,8,0.00,F,8,0,1,D,9,00,C,8
06/29/1994,10:00,950,1322,200,1,10,0,1,16,200,1,10,239,1,10,0,1,16,239,1,10,958,1,21,10,A,7,10,A,7,18.9,A,7,17.2,A,7,90,A,7,972,A,7,220,A,7,5.7,A,7,6400,B,7,427,A,7,3.4,E,8,0.000,F,8,0.00,F,8,3,1,D,9,00,C,8
06/29/1994,11:00,1100,1322,739,1,10,551,1,16,280,1,10,799,1,10,576,1,16,319,1,10,1125,1,21,7,A,7,7,A,7,19.4,A,7,17.8,A,7,90,A,7,972,A,7,290,A,7,5.7,A,7,16000,B,7,1128,A,7,3.3,E,8,0.000,F,8,0.00,F,8,30,1,D,9,80,C,8
06/29/1994,12:00,1200,1322,892,1,10,750,1,16,211,1,10,959,1,10,769,1,16,259,1,10,1176,1,21,5,A,7,5,A,7,21.7,A,7,17.2,A,7,76,A,7,972,A,7,260,A,7,7.2,A,7,19200,B,7,77777,A,7,3.3,E,8,0.000,F,8,0.00,F,8,0,1,D,9,00,C,8
06/29/1994,13:00,1242,1322,933,1,10,715,1,16,261,1,10,992,1,10,727,1,16,307,1,10,1757,1,21,5,A,7,5,A,7,22.2,A,7,15.6,A,7,66,A,7,972,A,7,270,A,7,7.7,A,7,24000,B,7,77777,A,7,3.3,E,8,0.000,F,8,0.00,F,8,0,1,D,9,00,C,8
06/29/1994,14:00,1223,1322,566,1,10,198,1,16,383,1,10,630,1,10,212,1,16,433,1,10,2038,1,21,8,A,7,8,A,7,21.7,A,7,15.0,A,7,66,A,7,973,A,7,260,A,7,8.8,A,7,24000,B,7,914,A,7,3.2,E,8,0.000,F,8,0.00,F,8,0,1,D,9,00,C,8
06/29/1994,15:00,1145,1322,249,1,10,0,1,16,249,1,10,301,1,10,0,1,16,301,1,10,1207,1,21,10,A,7,10,A,7,20.6,A,7,14.4,A,7,68,A,7,973,A,7,280,A,7,8.2,A,7,24000,B,7,1676,A,7,3.2,E,8,0.000,F,8,0.00,F,8,0,1,D,9,00,C,8
06/29/1994,16:00,1014,1322,578,1,10,273,1,16,368,1,10,623,1,10,295,1,16,397,1,10,1222,1,21,9,A,7,9,A,7,21.7,A,7,15.0,A,7,66,A,7,973,A,7,290,A,7,8.2,A,7,24000,B,7,853,A,7,3.2,E,8,0.000,F,8,0.00,F,8,0,1,D,9,00,C,8
06/29/1994,17:00,837,1322,171,1,10,0,1,16,171,1,10,203,1,10,0,1,16,203,1,10,800,1,21,10,A,7,10,A,7,21.1,A,7,15.0,A,7,68,A,7,974,A,7,300,A,7,5.2,A,7,24000,B,7,853,A,7,3.1,E,8,0.000,F,8,0.00,F,8,0,1,D,9,00,C,8
06/29/1994,18:00,628,1322,118,1,10,0,1,16,118,1,10,139,1,10,0,1,16,139,1,10,521,1,21,10,A,7,10,A,7,20.6,A,7,13.9,A,7,65,A,7,974,A,7,300,A,7,5.2,A,7,24000,B,7,1311,A,7,3.1,E,8,0.000,F,8,0.00,F,8,0,1,D,9,00,C,8
06/29/1994,19:00,401,1322,63,1,10,0,1,16,63,1,10,74,1,10,0,1,16,74,1,10,261,1,21,10,A,7,10,A,7,20.0,A,7,14.4,A,7,70,A,7,975,A,7,270,A,7,5.7,A,7,24000,B,7,1463,A,7,3.1,E,8,0.000,F,8,0.00,F,8,0,1,D,9,00,C,8
06/29/1994,20:00,171,1322,28,1,10,0,1,16,28,1,10,32,1,10,0,1,16,32,1,10,104,1,21,10,A,7,10,A,7,19.4,A,7,14.4,A,7,73,A,7,975,A,7,300,A,7,4.6,A,7,24000,B,7,823,A,7,3.1,E,8,0.000,F,8,0.00,F,8,0,1,D,9,00,C,8
06/29/1994,21:00,9,407,1,1,10,0,1,16,1,1,10,0,1,10,0,1,16,0,1,10,0,1,21,9,A,7,9,A,7,18.3,A,7,14.4,A,7,78,A,7,975,A,7,290,A,7,4.6,A,7,24000,B,7,1981,A,7,3.0,E,8,0.000,F,8,0.00,F,8,0,1,D,9,00,C,8
06/29/1994,22:00,0,0,0,1,0,0,1,0,0,1,0,0,1,0,0,1,0,0,1,0,0,1,0,10,A,7,10,A,7,17.8,A,7,15.0,A,7,84,A,7,976,A,7,300,A,7,5.7,A,7,24000,B,7,945,A,7,3.0,E,8,0.000,F,8,0.00,F,8,0,1,D,9,00,C,8
06/29/1994,23:00,0,0,0,1,0,0,1,0,0,1,0,0,1,0,0,1,0,0,1,0,0,1,0,10,A,7,10,A,7,17.2,A,7,15.0,A,7,87,A,7,976,A,7,290,A,7,4.6,A,7,24000,B,7,640,A,7,3.0,E,8,0.000,F,8,0.00,F,8,0,1,D,9,00,C,8
06/29/1994,24:00,0,0,0,1,0,0,1,0,0,1,0,0,1,0,0,1,0,0,1,0,0,1,0,10,A,7,10,A,7,17.2,A,7,15.0,A,7,87,A,7,976,A,7,300,A,7,4.6,A,7,16000,B,7,640,A,7,2.9,E,8,0.000,F,8,0.00,F,8,0,1,D,9,00,C,8
06/30/1994,01:00,0,0,0,1,0,0,1,0,0,1,0,0,1,0,0,1,0,0,1,0,0,1,0,10,A,7,10,A,7,17.2,A,7,15.0,A,7,87,A,7,976,A,7,290,A,7,5.2,A,7,11200,B,7,488,A,7,2.9,E,8,0.000,F,8,0.00,F,8,0,1,D,9,00,C,8
06/30/1994,02:00,0,0,0,1,0,0,1,0,0,1,0,0,1,0,0,1,0,0,1,0,0,1,0,10,A,7,10,A,7,16.7,A,7,15.0,A,7,90,A,7,976,A,7,300,A,7,5.2,A,7,11200,B,7,732,A,7,2.9,E,8,0.000,F,8,0.00,F,8,0,1,D,9,00,C,8
06/30/1994,03:00,0,0,0,1,0,0,1,0,0,1,0,0,1,0,0,1,0,0,1,0,0,1,0,10,A,7,10,A,7,16.7,A,7,15.0,A,7,90,A,7,977,A,7,320,A,7,4.1,A,7,11200,B,7,396,A,7,2.8,E,8,0.000,F,8,0.00,F,8,0,1,D,9,00,C,8
06/30/1994,04:00,0,0,0,1,0,0,1,0,0,1,0,0,1,0,0,1,0,0,1,0,0,1,0,10,A,7,10,A,7,16.1,A,7,15.0,A,7,93,A,7,978,A,7,310,A,7,4.1,A,7,11200,B,7,396,A,7,2.8,E,8,0.000,F,8,0.00,F,8,0,1,D,9,00,C,8
06/30/1994,05:00,0,0,0,1,0,0,1,0,0,1,0,0,1,0,0,1,0,0,1,0,0,1,0,10,A,7,10,A,7,16.1,A,7,13.9,A,7,87,A,7,979,A,7,290,A,7,5.2,A,7,16000,B,7,366,A,7,2.8,E,8,0.000,F,8,0.00,F,8,0,1,D,9,00,C,8
06/30/1994,06:00,86,1222,12,1,10,0,1,16,12,1,10,14,1,10,0,1,16,14,1,10,45,1,21,10,A,7,10,A,7,15.6,A,7,13.9,A,7,90,A,7,980,A,7,320,A,7,5.7,A,7,16000,B,7,366,A,7,2.7,E,8,0.000,F,8,0.00,F,8,0,1,D,9,00,C,8
06/30/1994,07:00,308,1321,40,1,10,0,1,16,40,1,10,47,1,10,0,1,16,47,1,10,164,1,21,10,A,7,10,A,7,15.6,A,7,13.9,A,7,90,A,7,980,A,7,320,A,7,5.2,A,7,16000,B,7,335,A,7,2.7,E,8,0.000,F,8,0.00,F,8,0,1,D,9,00,C,8
06/30/1994,08:00,539,1321,77,1,10,0,1,16,77,1,10,92,1,10,0,1,16,92,1,10,343,1,21,10,A,7,10,A,7,16.1,A,7,13.3,A,7,83,A,7,981,A,7,320,A,7,5.7,A,7,16000,B,7,335,A,7,2.7,E,8,0.000,F,8,0.00,F,8,0,1,D,9,00,C,8
06/30/1994,09:00,757,1321,123,1,10,0,1,16,123,1,10,148,1,10,0,1,16,148,1,10,583,1,21,10,A,7,10,A,7,16.1,A,7,13.3,A,7,83,A,7,982,A,7,340,A,7,4.6,A,7,16000,B,7,335,A,7,2.7,E,8,0.000,F,8,0.00,F,8,0,1,D,9,00,C,8
06/30/1994,10:00,948,1321,455,1,10,143,1,16,352,1,10,496,1,10,151,1,16,387,1,10,1093,1,21,9,A,7,9,A,7,17.8,A,7,15.6,A,7,87,A,7,982,A,7,320,A,7,4.1,A,7,16000,B,7,457,A,7,2.7,E,8,0.000,F,8,0.00,F,8,0,1,D,9,00,C,8
06/30/1994,11:00,1099,1321,526,1,10,126,1,16,421,1,10,575,1,10,134,1,16,463,1,10,1625,1,21,8,A,7,8,A,7,20.0,A,7,15.0,A,7,73,A,7,982,A,7,290,A,7,3.6,A,7,16000,B,7,518,A,7,2.7,E,8,0.000,F,8,0.00,F,8,0,1,D,9,00,C,8
06/30/1994,12:00,1199,1321,749,1,10,271,1,16,503,1,10,817,1,10,288,1,16,555,1,10,2468,1,21,7,A,7,7,A,7,22.8,A,7,16.1,A,7,66,A,7,982,A,7,10,A,7,4.1,A,7,16000,B,7,701,A,7,2.8,E,8,0.000,F,8,0.00,F,8,0,1,D,9,00,C,8
06/30/1994,13:00,1241,1321,835,1,10,553,1,16,315,1,10,909,1,10,579,1,16,364,1,10,2166,1,21,6,A,7,6,A,7,23.9,A,7,16.1,A,7,62,A,7,983,A,7,300,A,7,4.6,A,7,16000,B,7,1006,A,7,2.8,E,8,0.000,F,8,0.00,F,8,0,1,D,9,00,C,8
06/30/1994,14:00,1223,1321,680,1,10,252,1,16,446,1,10,742,1,10,274,1,16,488,1,10,2537,1,21,6,A,7,6,A,7,25.6,A,7,16.1,A,7,56,A,7,983,A,7,310,A,7,4.1,A,7,16000,B,7,1158,A,7,2.8,E,8,0.000,F,8,0.00,F,8,0,1,D,9,00,C,8
06/30/1994,15:00,1145,1321,422,1,10,117,1,16,320,1,10,471,1,10,125,1,16,362,1,10,1360,1,21,6,A,7,6,A,7,25.6,A,7,15.6,A,7,54,A,7,983,A,7,310,A,7,4.6,A,7,16000,B,7,1219,A,7,2.8,E,8,0.000,F,8,0.00,F,8,0,1,D,9,00,C,8
06/30/1994,16:00,1014,1321,587,1,10,410,1,16,271,1,10,627,1,10,427,1,16,299,1,10,891,1,21,6,A,7,6,A,7,25.6,A,7,15.0,A,7,52,A,7,982,A,7,320,A,7,2.6,A,7,24000,B,7,1250,A,7,2.8,E,8,0.000,F,8,0.00,F,8,0,1,D,9,00,C,8
06/30/1994,17:00,837,1321,513,1,10,516,1,16,186,1,10,555,1,10,533,1,16,217,1,10,456,1,21,5,A,7,5,A,7,26.1,A,7,15.0,A,7,50,A,7,983,A,7,300,A,7,2.1,A,7,24000,B,7,77777,A,7,2.8,E,8,0.000,F,8,0.00,F,8,0,1,D,9,00,C,8
06/30/1994,18:00,628,1321,326,1,10,329,1,16,170,1,10,352,1,10,338,1,16,191,1,10,367,1,21,2,A,7,2,A,7,26.1,A,7,15.6,A,7,52,A,7,983,A,7,290,A,7,2.6,A,7,24000,B,7,77777,A,7,2.8,E,8,0.000,F,8,0.00,F,8,0,1,D,9,00,C,8
06/30/1994,19:00,400,1321,211,1,10,430,1,16,80,1,10,225,1,10,382,1,16,109,1,10,146,1,21,0,A,7,0,A,7,25.0,A,7,15.0,A,7,54,A,7,983,A,7,250,A,7,3.6,A,7,24000,B,7,77777,A,7,2.8,E,8,0.000,F,8,0.00,F,8,0,1,D,9,00,C,8
06/30/1994,20:00,171,1321,61,1,10,146,1,16,42,1,10,65,1,10,84,1,16,54,1,10,77,1,21,1,A,7,0,A,7,22.8,A,7,15.6,A,7,64,A,7,983,A,7,250,A,7,2.6,A,7,24000,B,7,77777,A,7,2.8,E,8,0.000,F,8,0.00,F,8,0,1,D,9,00,C,8
06/30/1994,21:00,9,407,1,1,10,1,1,16,1,1,10,0,1,10,0,1,16,0,1,10,0,1,21,1,A,7,0,A,7,19.4,A,7,16.7,A,7,84,A,7,983,A,7,270,A,7,3.1,A,7,24000,B,7,77777,A,7,2.8,E,8,0.000,F,8,0.00,F,8,0,1,D,9,00,C,8
06/30/1994,22:00,0,0,0,1,0,0,1,0,0,1,0,0,1,0,0,1,0,0,1,0,0,1,0,1,A,7,0,A,7,19.0,A,7,16.1,A,7,84,A,7,984,A,7,270,A,7,3.0,A,7,24000,B,7,77777,A,7,2.8,E,8,0.000,F,8,0.00,F,8,0,1,D,9,00,C,8
06/30/1994,23:00,0,0,0,1,0,0,1,0,0,1,0,0,1,0,0,1,0,0,1,0,0,1,0,3,A,7,1,A,7,18.6,A,7,15.6,A,7,86,A,7,984,A,7,240,A,7,3.0,A,7,24000,B,7,77777,A,7,2.8,E,8,0.000,F,8,0.00,F,8,0,1,D,9,00,C,8
06/30/1994,24:00,0,0,0,1,0,0,1,0,0,1,0,0,1,0,0,1,0,0,1,0,0,1,0,0,A,7,0,A,7,18.2,A,7,15.0,A,7,84,A,7,983,A,7,200,A,7,2.9,A,7,16000,B,7,77777,A,7,2.9,E,8,0.000,F,8,0.00,F,8,0,1,D,9,00,C,8
07/01/1991,01:00,0,0,0,1,0,0,1,0,0,1,0,0,1,0,0,1,0,0,1,0,0,1,0,10,A,7,10,A,7,17.9,A,7,14.5,A,7,90,A,7,984,A,7,110,A,7,2.8,A,7,24000,B,7,945,A,7,3.5,E,8,0.000,F,8,0.00,F,8,0,1,D,9,00,C,8
07/01/1991,02:00,0,0,0,1,0,0,1,0,0,1,0,0,1,0,0,1,0,0,1,0,0,1,0,10,A,7,10,A,7,17.5,A,7,13.9,A,7,75,A,7,983,A,7,90,A,7,2.7,A,7,24000,B,7,884,A,7,3.5,E,8,0.000,F,8,0.00,F,8,0,1,D,9,00,C,8
07/01/1991,03:00,0,0,0,1,0,0,1,0,0,1,0,0,1,0,0,1,0,0,1,0,0,1,0,10,A,7,10,A,7,17.1,A,7,13.4,A,7,75,A,7,983,A,7,70,A,7,2.7,A,7,24000,B,7,853,A,7,3.5,E,8,0.000,F,8,0.00,F,8,0,1,D,9,00,C,8
07/01/1991,04:00,0,0,0,1,0,0,1,0,0,1,0,0,1,0,0,1,0,0,1,0,0,1,0,10,A,7,10,A,7,16.7,A,7,12.8,A,7,78,A,7,983,A,7,60,A,7,2.6,A,7,24000,B,7,792,A,7,3.5,E,8,0.000,F,8,0.00,F,8,0,1,D,9,00,C,8
07/01/1991,05:00,0,0,0,1,0,0,1,0,0,1,0,0,1,0,0,1,0,0,1,0,0,1,0,10,A,7,10,A,7,16.1,A,7,12.8,A,7,81,A,7,983,A,7,90,A,7,2.6,A,7,24000,B,7,762,A,7,3.5,E,8,0.000,F,8,0.00,F,8,0,1,D,9,00,C,8
07/01/1991,06:00,84,1200,15,1,10,0,1,16,15,1,10,17,1,10,0,1,16,17,1,10,55,1,21,10,A,7,10,A,7,16.1,A,7,12.8,A,7,81,A,7,983,A,7,90,A,7,3.1,A,7,24000,B,7,549,A,7,3.4,E,8,0.000,F,8,0.00,F,8,0,1,D,9,00,C,8
07/01/1991,07:00,307,1321,56,1,10,0,1,16,56,1,10,65,1,10,0,1,16,65,1,10,216,1,21,10,A,7,10,A,7,17.2,A,7,13.3,A,7,78,A,7,983,A,7,90,A,7,2.6,A,7,24000,B,7,610,A,7,3.4,E,8,0.000,F,8,0.00,F,8,0,1,D,9,00,C,8
07/01/1991,08:00,538,1321,90,1,10,0,1,16,90,1,10,106,1,10,0,1,16,106,1,10,391,1,21,10,A,7,10,A,7,18.3,A,7,14.4,A,7,78,A,7,983,A,7,40,A,7,2.6,A,7,16000,B,7,610,A,7,3.4,E,8,0.000,F,8,0.00,F,8,0,1,D,9,00,C,8
07/01/1991,09:00,756,1321,143,1,10,0,1,16,143,1,10,170,1,10,0,1,16,170,1,10,661,1,21,10,A,7,10,A,7,18.3,A,7,15.0,A,7,81,A,7,983,A,7,70,A,7,3.6,A,7,16000,B,7,610,A,7,3.5,E,8,0.000,F,8,0.00,F,8,0,1,D,9,00,C,8
07/01/1991,10:00,948,1321,193,1,10,0,1,16,193,1,10,231,1,10,0,1,16,231,1,10,930,1,21,10,A,7,10,A,7,18.9,A,7,17.2,A,7,90,A,7,983,A,7,60,A,7,2.6,A,7,11200,B,7,823,A,7,3.5,E,8,0.000,F,8,0.00,F,8,3,1,D,9,00,C,8
07/01/1991,11:00,1098,1321,233,1,10,0,1,16,233,1,10,281,1,10,0,1,16,281,1,10,1135,1,21,10,A,7,10,A,7,20.0,A,7,17.8,A,7,87,A,7,983,A,7,130,A,7,3.1,A,7,16000,B,7,1128,A,7,3.5,E,8,0.000,F,8,0.00,F,8,0,1,D,9,00,C,8
07/01/1991,12:00,1198,1321,259,1,10,0,1,16,259,1,10,315,1,10,0,1,16,315,1,10,1257,1,21,10,A,7,10,A,7,21.7,A,7,18.3,A,7,81,A,7,982,A,7,140,A,7,5.2,A,7,16000,B,7,975,A,7,3.5,E,8,0.000,F,8,0.00,F,8,0,1,D,9,00,C,8
07/01/1991,13:00,1241,1321,270,1,10,0,1,16,270,1,10,329,1,10,0,1,16,329,1,10,1309,1,21,10,A,7,10,A,7,24.4,A,7,18.9,A,7,71,A,7,982,A,7,160,A,7,7.7,A,7,16000,B,7,1219,A,7,3.5,E,8,0.000,F,8,0.00,F,8,0,1,D,9,00,C,8
07/01/1991,14:00,1222,1321,847,1,10,589,1,16,302,1,10,889,1,10,593,1,16,339,1,10,1824,1,21,8,A,7,3,A,7,26.7,A,7,18.9,A,7,62,A,7,981,A,7,140,A,7,7.2,A,7,16000,B,7,77777,A,7,3.6,E,8,0.000,F,8,0.00,F,8,0,1,D,9,00,C,8
07/01/1991,15:00,1145,1321,803,1,10,574,1,16,305,1,10,866,1,10,600,1,16,345,1,10,1407,1,21,7,A,7,2,A,7,28.3,A,7,18.9,A,7,57,A,7,980,A,7,110,A,7,6.2,A,7,16000,B,7,77777,A,7,3.6,E,8,0.000,F,8,0.00,F,8,0,1,D,9,00,C,8
07/01/1991,16:00,1014,1321,687,1,10,426,1,16,359,1,10,742,1,10,460,1,16,388,1,10,1187,1,21,3,A,7,3,A,7,28.3,A,7,19.4,A,7,59,A,7,979,A,7,120,A,7,5.2,A,7,16000,B,7,77777,A,7,3.6,E,8,0.000,F,8,0.00,F,8,0,1,D,9,00,C,8
07/01/1991,17:00,837,1321,504,1,10,433,1,16,230,1,10,534,1,10,446,1,16,251,1,10,574,1,21,2,A,7,2,A,7,28.3,A,7,18.9,A,7,57,A,7,979,A,7,150,A,7,6.2,A,7,16000,B,7,77777,A,7,3.6,E,8,0.000,F,8,0.00,F,8,0,1,D,9,00,C,8
07/01/1991,18:00,628,1321,314,1,10,284,1,16,179,1,10,338,1,10,292,1,16,199,1,10,391,1,21,6,A,7,6,A,7,26.7,A,7,17.8,A,7,58,A,7,979,A,7,140,A,7,7.2,A,7,16000,B,7,7620,A,7,3.6,E,8,0.000,F,8,0.00,F,8,0,1,D,9,00,C,8
07/01/1991,19:00,400,1321,145,1,10,61,1,16,126,1,10,158,1,10,56,1,16,141,1,10,327,1,21,9,A,7,7,A,7,25.0,A,7,17.2,A,7,62,A,7,978,A,7,130,A,7,7.2,A,7,16000,B,7,7620,A,7,3.6,E,8,0.000,F,8,0.00,F,8,0,1,D,9,00,C,8
07/01/1991,20:00,171,1321,42,1,10,0,1,16,42,1,10,47,1,10,0,1,16,47,1,10,141,1,21,10,A,7,10,A,7,23.9,A,7,15.6,A,7,60,A,7,978,A,7,130,A,7,5.2,A,7,16000,B,7,7620,A,7,3.7,E,8,0.000,F,8,0.00,F,8,0,1,D,9,00,C,8
07/01/1991,21:00,9,407,0,1,10,0,1,16,0,1,10,0,1,10,0,1,16,0,1,10,0,1,21,10,A,7,10,A,7,20.6,A,7,16.7,A,7,78,A,7,980,A,7,190,A,7,3.6,A,7,6400,B,7,823,A,7,3.7,E,8,0.000,F,8,0.00,F,8,23,1,D,9,17,C,8
07/01/1991,22:00,0,0,0,1,0,0,1,0,0,1,0,0,1,0,0,1,0,0,1,0,0,1,0,10,A,7,10,A,7,18.9,A,7,17.2,A,7,90,A,7,979,A,7,140,A,7,5.7,A,7,9600,B,7,823,A,7,3.7,E,8,0.000,F,8,0.00,F,8,0,1,D,9,81,C,8
07/01/1991,23:00,0,0,0,1,0,0,1,0,0,1,0,0,1,0,0,1,0,0,1,0,0,1,0,6,A,7,6,A,7,17.8,A,7,16.7,A,7,93,A,7,979,A,7,130,A,7,2.1,A,7,12800,B,7,3658,A,7,3.7,E,8,0.000,F,8,0.00,F,8,3,1,D,9,80,C,8
07/01/1991,24:00,0,0,0,1,0,0,1,0,0,1,0,0,1,0,0,1,0,0,1,0,0,1,0,6,A,7,6,A,7,17.2,A,7,17.2,A,7,100,A,7,979,A,7,140,A,7,1.5,A,7,24000,B,7,1676,A,7,3.7,E,8,0.000,F,8,0.00,F,8,0,1,D,9,00,C,8
07/02/1991,01:00,0,0,0,1,0,0,1,0,0,1,0,0,1,0,0,1,0,0,1,0,0,1,0,4,A,7,4,A,7,17.8,A,7,17.2,A,7,96,A,7,979,A,7,60,A,7,2.1,A,7,24000,B,7,77777,A,7,3.8,E,8,0.000,F,8,0.00,F,8,0,1,D,9,00,C,8
07/02/1991,02:00,0,0,0,1,0,0,1,0,0,1,0,0,1,0,0,1,0,0,1,0,0,1,0,10,A,7,10,A,7,17.2,A,7,17.2,A,7,100,A,7,979,A,7,60,A,7,2.1,A,7,8000,B,7,213,A,7,3.8,E,8,0.000,F,8,0.00,F,8,0,1,D,9,00,C,8
07/02/1991,03:00,0,0,0,1,0,0,1,0,0,1,0,0,1,0,0,1,0,0,1,0,0,1,0,10,A,7,10,A,7,17.8,A,7,17.8,A,7,100,A,7,979,A,7,90,A,7,2.6,A,7,6400,B,7,91,A,7,3.8,E,8,0.000,F,8,0.00,F,8,0,1,D,9,45,C,8
07/02/1991,04:00,0,0,0,1,0,0,1,0,0,1,0,0,1,0,0,1,0,0,1,0,0,1,0,10,A,7,10,A,7,17.8,A,7,17.8,A,7,100,A,7,979,A,7,120,A,7,1.5,A,7,6400,B,7,152,A,7,3.8,E,8,0.000,F,8,0.00,F,8,0,1,D,9,45,C,8
07/02/1991,05:00,0,0,0,1,0,0,1,0,0,1,0,0,1,0,0,1,0,0,1,0,0,1,0,10,A,7,10,A,7,18.3,A,7,17.8,A,7,97,A,7,979,A,7,170,A,7,1.5,A,7,4800,B,7,183,A,7,3.8,E,8,0.000,F,8,0.00,F,8,0,1,D,9,45,C,8
07/02/1991,06:00,83,1200,10,1,10,0,1,16,10,1,10,12,1,10,0,1,16,12,1,10,39,1,21,10,A,7,10,A,7,18.9,A,7,18.9,A,7,100,A,7,979,A,7,170,A,7,1.5,A,7,4000,B,7,152,A,7,3.8,E,8,0.000,F,8,0.00,F,8,0,1,D,9,45,C,8
07/02/1991,07:00,306,1321,41,1,10,0,1,16,41,1,10,48,1,10,0,1,16,48,1,10,167,1,21,10,A,7,10,A,7,20.0,A,7,19.4,A,7,96,A,7,980,A,7,250,A,7,2.1,A,7,3200,B,7,122,A,7,3.9,E,8,0.000,F,8,0.00,F,8,0,1,D,9,45,C,8
07/02/1991,08:00,536,1321,69,1,10,0,1,16,69,1,10,83,1,10,0,1,16,83,1,10,312,1,21,10,A,7,10,A,7,20.6,A,7,20.6,A,7,100,A,7,978,A,7,280,A,7,2.6,A,7,3200,B,7,122,A,7,3.8,E,8,0.000,F,8,0.00,F,8,0,1,D,9,45,C,8
07/02/1991,09:00,755,1321,144,1,10,0,1,16,144,1,10,171,1,10,0,1,16,171,1,10,664,1,21,10,A,7,10,A,7,22.8,A,7,21.1,A,7,90,A,7,980,A,7,310,A,7,2.6,A,7,8000,B,7,762,A,7,3.8,E,8,0.000,F,8,0.00,F,8,0,1,D,9,45,C,8
07/02/1991,10:00,946,1321,194,1,10,0,1,16,194,1,10,232,1,10,0,1,16,232,1,10,933,1,21,10,A,7,10,A,7,23.3,A,7,20.6,A,7,85,A,7,980,A,7,270,A,7,2.6,A,7,9600,B,7,488,A,7,3.8,E,8,0.000,F,8,0.00,F,8,0,1,D,9,45,C,8
07/02/1991,11:00,1097,1321,234,1,10,0,1,16,234,1,10,282,1,10,0,1,16,282,1,10,1139,1,21,10,A,7,10,A,7,22.8,A,7,20.6,A,7,87,A,7,980,A,7,280,A,7,3.6,A,7,8000,B,7,488,A,7,3.7,E,8,0.000,F,8,0.00,F,8,0,1,D,9,45,C,8
07/02/1991,12:00,1197,1321,260,1,10,0,1,16,260,1,10,316,1,10,0,1,16,316,1,10,1261,1,21,10,A,7,10,A,7,24.4,A,7,21.7,A,7,85,A,7,981,A,7,330,A,7,4.1,A,7,9600,B,7,488,A,7,3.7,E,8,0.000,F,8,0.00,F,8,0,1,D,9,45,C,8
07/02/1991,13:00,1240,1321,339,1,10,62,1,16,280,1,10,376,1,10,63,1,16,316,1,10,1580,1,21,9,A,7,9,A,7,26.7,A,7,21.1,A,7,71,A,7,981,A,7,270,A,7,4.1,A,7,11200,B,7,762,A,7,3.7,E,8,0.000,F,8,0.00,F,8,0,1,D,9,45,C,8
07/02/1991,14:00,1222,1321,783,1,10,307,1,16,499,1,10,848,1,10,333,1,16,539,1,10,2864,1,21,7,A,7,7,A,7,28.3,A,7,20.6,A,7,63,A,7,980,A,7,240,A,7,5.2,A,7,16000,B,7,1006,A,7,3.7,E,8,0.000,F,8,0.00,F,8,0,1,D,9,00,C,8
07/02/1991,15:00,1145,1321,693,1,10,358,1,16,382,1,10,758,1,10,389,1,16,420,1,10,1655,1,21,5,A,7,5,A,7,28.9,A,7,18.3,A,7,53,A,7,979,A,7,290,A,7,4.1,A,7,16000,B,7,77777,A,7,3.6,E,8,0.000,F,8,0.00,F,8,0,1,D,9,00,C,8
07/02/1991,16:00,1013,1321,642,1,10,489,1,16,267,1,10,689,1,10,509,1,16,297,1,10,876,1,21,6,A,7,2,A,7,28.3,A,7,18.9,A,7,57,A,7,979,A,7,300,A,7,3.6,A,7,16000,B,7,77777,A,7,3.6,E,8,0.000,F,8,0.00,F,8,0,1,D,9,00,C,8
07/02/1991,17:00,837,1321,521,1,10,433,1,16,247,1,10,548,1,10,445,1,16,265,1,10,621,1,21,6,A,7,3,A,7,29.4,A,7,19.4,A,7,55,A,7,979,A,7,290,A,7,4.1,A,7,16000,B,7,77777,A,7,3.6,E,8,0.000,F,8,0.00,F,8,0,1,D,9,00,C,8
07/02/1991,18:00,628,1321,348,1,10,364,1,16,175,1,10,375,1,10,374,1,16,197,1,10,380,1,21,6,A,7,2,A,7,28.3,A,7,18.3,A,7,55,A,7,979,A,7,300,A,7,3.6,A,7,16000,B,7,77777,A,7,3.5,E,8,0.000,F,8,0.00,F,8,0,1,D,9,00,C,8
07/02/1991,19:00,400,1321,177,1,10,182,1,16,121,1,10,191,1,10,166,1,16,141,1,10,271,1,21,6,A,7,3,A,7,27.8,A,7,18.3,A,7,56,A,7,979,A,7,250,A,7,2.6,A,7,16000,B,7,77777,A,7,3.5,E,8,0.000,F,8,0.00,F,8,0,1,D,9,00,C,8
07/02/1991,20:00,170,1321,56,1,10,37,1,16,52,1,10,62,1,10,26,1,16,59,1,10,121,1,21,7,A,7,2,A,7,25.6,A,7,19.4,A,7,69,A,7,979,A,7,270,A,7,2.1,A,7,16000,B,7,77777,A,7,3.5,E,8,0.000,F,8,0.00,F,8,0,1,D,9,00,C,8
07/02/1991,21:00,9,407,1,1,10,0,1,16,1,1,10,0,1,10,0,1,16,0,1,10,0,1,21,10,A,7,3,A,7,22.2,A,7,18.3,A,7,79,A,7,979,A,7,0,A,7,0.0,A,7,19200,B,7,77777,A,7,3.5,E,8,0.000,F,8,0.00,F,8,0,1,D,9,00,C,8
07/02/1991,22:00,0,0,0,1,0,0,1,0,0,1,0,0,1,0,0,1,0,0,1,0,0,1,0,7,A,7,2,A,7,20.6,A,7,18.3,A,7,87,A,7,979,A,7,220,A,7,1.5,A,7,19200,B,7,77777,A,7,3.4,E,8,0.000,F,8,0.00,F,8,0,1,D,9,00,C,8
07/02/1991,23:00,0,0,0,1,0,0,1,0,0,1,0,0,1,0,0,1,0,0,1,0,0,1,0,6,A,7,6,A,7,22.2,A,7,18.9,A,7,82,A,7,979,A,7,220,A,7,3.6,A,7,16000,B,7,3658,A,7,3.4,E,8,0.000,F,8,0.00,F,8,0,1,D,9,00,C,8
07/02/1991,24:00,0,0,0,1,0,0,1,0,0,1,0,0,1,0,0,1,0,0,1,0,0,1,0,10,A,7,10,A,7,22.2,A,7,18.9,A,7,82,A,7,979,A,7,200,A,7,3.1,A,7,16000,B,7,2896,A,7,3.4,E,8,0.000,F,8,0.00,F,8,0,1,D,9,00,C,8
07/03/1991,01:00,0,0,0,1,0,0,1,0,0,1,0,0,1,0,0,1,0,0,1,0,0,1,0,6,A,7,6,A,7,20.0,A,7,18.9,A,7,93,A,7,979,A,7,190,A,7,2.1,A,7,24000,B,7,7620,A,7,3.3,E,8,0.000,F,8,0.00,F,8,0,1,D,9,00,C,8
07/03/1991,02:00,0,0,0,1,0,0,1,0,0,1,0,0,1,0,0,1,0,0,1,0,0,1,0,5,A,7,5,A,7,21.1,A,7,19.4,A,7,90,A,7,979,A,7,320,A,7,3.1,A,7,19200,B,7,77777,A,7,3.3,E,8,0.000,F,8,0.00,F,8,0,1,D,9,00,C,8
07/03/1991,03:00,0,0,0,1,0,0,1,0,0,1,0,0,1,0,0,1,0,0,1,0,0,1,0,4,A,7,4,A,7,19.4,A,7,18.9,A,7,97,A,7,979,A,7,210,A,7,2.6,A,7,16000,B,7,77777,A,7,3.3,E,8,0.000,F,8,0.00,F,8,0,1,D,9,00,C,8
07/03/1991,04:00,0,0,0,1,0,0,1,0,0,1,0,0,1,0,0,1,0,0,1,0,0,1,0,1,A,7,1,A,7,18.9,A,7,18.3,A,7,96,A,7,979,A,7,200,A,7,2.1,A,7,16000,B,7,77777,A,7,3.2,E,8,0.000,F,8,0.00,F,8,0,1,D,9,00,C,8
07/03/1991,05:00,0,0,0,1,0,0,1,0,0,1,0,0,1,0,0,1,0,0,1,0,0,1,0,5,A,7,5,A,7,18.9,A,7,18.9,A,7,100,A,7,979,A,7,160,A,7,2.1,A,7,12800,B,7,77777,A,7,3.2,E,8,0.000,F,8,0.00,F,8,0,1,D,9,00,C,8
07/03/1991,06:00,81,1178,21,1,10,2,1,16,21,1,10,24,1,10,0,1,16,24,1,10,72,1,21,9,A,7,9,A,7,20.6,A,7,19.4,A,7,93,A,7,979,A,7,180,A,7,3.1,A,7,12800,B,7,3353,A,7,3.2,E,8,0.000,F,8,0.00,F,8,0,1,D,9,00,C,8
07/03/1991,07:00,304,1321,59,1,10,0,1,16,59,1,10,68,1,10,0,1,16,68,1,10,224,1,21,10,A,7,10,A,7,21.7,A,7,19.4,A,7,87,A,7,979,A,7,210,A,7,3.6,A,7,12800,B,7,3353,A,7,3.2,E,8,0.000,F,8,0.00,F,8,0,1,D,9,00,C,8
07/03/1991,08:00,535,1321,176,1,10,148,1,16,116,1,10,196,1,10,147,1,16,136,1,10,272,1,21,8,A,7,8,A,7,21.7,A,7,20.6,A,7,93,A,7,979,A,7,280,A,7,2.1,A,7,16000,B,7,2896,A,7,3.2,E,8,0.000,F,8,0.00,F,8,0,1,D,9,80,C,8
07/03/1991,09:00,753,1321,435,1,10,512,1,16,143,1,10,456,1,10,511,1,16,164,1,10,324,1,21,5,A,7,5,A,7,25.6,A,7,19.4,A,7,69,A,7,979,A,7,220,A,7,2.6,A,7,16000,B,7,77777,A,7,3.2,E,8,0.000,F,8,0.00,F,8,0,1,D,9,00,C,8
07/03/1991,10:00,945,1321,489,1,10,418,1,16,189,1,10,536,1,10,436,1,16,224,1,10,536,1,21,4,A,7,4,A,7,27.8,A,7,18.3,A,7,56,A,7,979,A,7,240,A,7,5.2,A,7,16000,B,7,77777,A,7,3.2,E,8,0.000,F,8,0.00,F,8,0,1,D,9,00,C,8
07/03/1991,11:00,1096,1321,773,1,10,692,1,16,199,1,10,826,1,10,707,1,16,238,1,10,787,1,21,2,A,7,2,A,7,28.3,A,7,19.4,A,7,59,A,7,979,A,7,220,A,7,6.2,A,7,16000,B,7,77777,A,7,3.2,E,8,0.000,F,8,0.00,F,8,0,1,D,9,00,C,8
07/03/1991,12:00,1196,1321,831,1,10,623,1,16,266,1,10,877,1,10,631,1,16,305,1,10,1442,1,21,5,A,7,4,A,7,30.0,A,7,20.6,A,7,57,A,7,979,A,7,210,A,7,5.2,A,7,16000,B,7,77777,A,7,3.2,E,8,0.000,F,8,0.00,F,8,0,1,D,9,00,C,8
07/03/1991,13:00,1239,1321,727,1,10,334,1,16,413,1,10,800,1,10,363,1,16,458,1,10,2511,1,21,7,A,7,7,A,7,29.4,A,7,19.4,A,7,55,A,7,978,A,7,170,A,7,5.2,A,7,16000,B,7,1372,A,7,3.2,E,8,0.000,F,8,0.00,F,8,0,1,D,9,00,C,8
07/03/1991,14:00,1221,1321,579,1,10,258,1,16,340,1,10,645,1,10,281,1,16,384,1,10,1881,1,21,8,A,7,8,A,7,30.0,A,7,21.1,A,7,59,A,7,978,A,7,190,A,7,6.7,A,7,16000,B,7,1524,A,7,3.2,E,8,0.000,F,8,0.00,F,8,0,1,D,9,00,C,8
07/03/1991,15:00,1144,1321,790,1,10,593,1,16,276,1,10,828,1,10,598,1,16,309,1,10,1226,1,21,7,A,7,7,A,7,28.3,A,7,16.7,A,7,49,A,7,977,A,7,180,A,7,6.2,A,7,16000,B,7,1676,A,7,3.3,E,8,0.000,F,8,0.00,F,8,0,1,D,9,00,C,8
07/03/1991,16:00,1013,1321,596,1,10,463,1,16,241,1,10,646,1,10,483,1,16,275,1,10,785,1,21,5,A,7,5,A,7,30.6,A,7,18.9,A,7,50,A,7,977,A,7,260,A,7,7.7,A,7,16000,B,7,77777,A,7,3.3,E,8,0.000,F,8,0.00,F,8,0,1,D,9,00,C,8
07/03/1991,17:00,837,1321,413,1,10,366,1,16,181,1,10,448,1,10,378,1,16,208,1,10,442,1,21,7,A,7,6,A,7,29.4,A,7,17.2,A,7,48,A,7,977,A,7,270,A,7,8.2,A,7,19200,B,7,1829,A,7,3.3,E,8,0.000,F,8,0.00,F,8,0,1,D,9,00,C,8
07/03/1991,18:00,628,1321,331,1,10,395,1,16,144,1,10,354,1,10,393,1,16,167,1,10,294,1,21,4,A,7,3,A,7,28.9,A,7,16.1,A,7,46,A,7,978,A,7,270,A,7,6.2,A,7,24000,B,7,77777,A,7,3.3,E,8,0.000,F,8,0.00,F,8,0,1,D,9,00,C,8
07/03/1991,19:00,400,1321,194,1,10,378,1,16,80,1,10,208,1,10,336,1,16,106,1,10,146,1,21,2,A,7,1,A,7,28.3,A,7,16.1,A,7,48,A,7,978,A,7,280,A,7,3.6,A,7,24000,B,7,77777,A,7,3.3,E,8,0.000,F,8,0.00,F,8,0,1,D,9,00,C,8
07/03/1991,20:00,170,1321,51,1,10,58,1,16,43,1,10,55,1,10,37,1,16,50,1,10,90,1,21,6,A,7,3,A,7,23.3,A,7,16.1,A,7,64,A,7,978,A,7,0,A,7,0.0,A,7,19200,B,7,77777,A,7,3.3,E,8,0.000,F,8,0.00,F,8,0,1,D,9,00,C,8
07/03/1991,21:00,9,407,1,1,10,0,1,16,1,1,10,0,1,10,0,1,16,0,1,10,0,1,21,9,A,7,5,A,7,19.4,A,7,17.8,A,7,90,A,7,978,A,7,40,A,7,1.5,A,7,19200,B,7,7620,A,7,3.3,E,8,0.000,F,8,0.00,F,8,0,1,D,9,00,C,8
07/03/1991,22:00,0,0,0,1,0,0,1,0,0,1,0,0,1,0,0,1,0,0,1,0,0,1,0,3,A,7,3,A,7,20.6,A,7,17.8,A,7,84,A,7,978,A,7,40,A,7,2.6,A,7,19200,B,7,77777,A,7,3.3,E,8,0.000,F,8,0.00,F,8,0,1,D,9,00,C,8
07/03/1991,23:00,0,0,0,1,0,0,1,0,0,1,0,0,1,0,0,1,0,0,1,0,0,1,0,7,A,7,7,A,7,19.4,A,7,18.9,A,7,97,A,7,979,A,7,260,A,7,3.6,A,7,9600,B,7,671,A,7,3.4,E,8,0.000,F,8,0.00,F,8,0,1,D,9,00,C,8
07/03/1991,24:00,0,0,0,1,0,0,1,0,0,1,0,0,1,0,0,1,0,0,1,0,0,1,0,10,A,7,10,A,7,20.0,A,7,19.4,A,7,96,A,7,980,A,7,230,A,7,9.3,A,7,19200,B,7,3353,A,7,3.4,E,8,0.000,F,8,0.00,F,8,0,1,D,9,17,C,8
07/04/1991,01:00,0,0,0,1,0,0,1,0,0,1,0,0,1,0,0,1,0,0,1,0,0,1,0,10,A,7,10,A,7,20.0,A,7,17.8,A,7,87,A,7,979,A,7,190,A,7,5.2,A,7,12800,B,7,2286,A,7,3.4,E,8,0.000,F,8,0.00,F,8,18,1,D,9,00,C,8
07/04/1991,02:00,0,0,0,1,0,0,1,0,0,1,0,0,1,0,0,1,0,0,1,0,0,1,0,10,A,7,10,A,7,18.9,A,7,18.9,A,7,100,A,7,978,A,7,70,A,7,2.1,A,7,19200,B,7,3353,A,7,3.4,E,8,0.000,F,8,0.00,F,8,5,1,D,9,80,C,8
07/04/1991,03:00,0,0,0,1,0,0,1,0,0,1,0,0,1,0,0,1,0,0,1,0,0,1,0,10,A,7,10,A,7,18.9,A,7,18.9,A,7,100,A,7,978,A,7,110,A,7,1.5,A,7,19200,B,7,3353,A,7,3.4,E,8,0.000,F,8,0.00,F,8,0,1,D,9,00,C,8
07/04/1991,04:00,0,0,0,1,0,0,1,0,0,1,0,0,1,0,0,1,0,0,1,0,0,1,0,10,A,7,5,A,7,18.3,A,7,18.3,A,7,100,A,7,978,A,7,130,A,7,2.1,A,7,19200,B,7,77777,A,7,3.4,E,8,0.000,F,8,0.00,F,8,0,1,D,9,00,C,8
07/04/1991,05:00,0,0,0,1,0,0,1,0,0,1,0,0,1,0,0,1,0,0,1,0,0,1,0,9,A,7,8,A,7,18.3,A,7,17.8,A,7,97,A,7,978,A,7,160,A,7,2.6,A,7,19200,B,7,4267,A,7,3.4,E,8,0.000,F,8,0.00,F,8,0,1,D,9,00,C,8
07/04/1991,06:00,80,1178,17,1,10,0,1,16,17,1,10,20,1,10,0,1,16,20,1,10,61,1,21,10,A,7,10,A,7,17.8,A,7,17.8,A,7,100,A,7,978,A,7,150,A,7,1.5,A,7,19200,B,7,4572,A,7,3.4,E,8,0.000,F,8,0.00,F,8,0,1,D,9,00,C,8
07/04/1991,07:00,302,1321,65,1,10,0,1,16,65,1,10,74,1,10,0,1,16,74,1,10,241,1,21,10,A,7,10,A,7,18.9,A,7,18.9,A,7,100,A,7,979,A,7,0,A,7,0.0,A,7,16000,B,7,6096,A,7,3.5,E,8,0.000,F,8,0.00,F,8,0,1,D,9,00,C,8
07/04/1991,08:00,533,1321,129,1,10,48,1,16,109,1,10,141,1,10,46,1,16,123,1,10,329,1,21,9,A,7,9,A,7,21.7,A,7,19.4,A,7,87,A,7,979,A,7,200,A,7,3.6,A,7,16000,B,7,6096,A,7,3.4,E,8,0.000,F,8,0.00,F,8,0,1,D,9,00,C,8
07/04/1991,09:00,752,1321,452,1,10,310,1,16,276,1,10,480,1,10,327,1,16,294,1,10,687,1,21,8,A,7,3,A,7,22.8,A,7,20.0,A,7,84,A,7,979,A,7,210,A,7,4.1,A,7,16000,B,7,77777,A,7,3.4,E,8,0.000,F,8,0.00,F,8,0,1,D,9,00,C,8
07/04/1991,10:00,944,1321,609,1,10,420,1,16,309,1,10,660,1,10,453,1,16,336,1,10,910,1,21,6,A,7,6,A,7,25.0,A,7,20.6,A,7,77,A,7,979,A,7,200,A,7,4.6,A,7,16000,B,7,640,A,7,3.4,E,8,0.000,F,8,0.00,F,8,0,1,D,9,00,C,8
07/04/1991,11:00,1095,1321,622,1,10,449,1,16,250,1,10,680,1,10,470,1,16,290,1,10,986,1,21,6,A,7,6,A,7,25.6,A,7,20.0,A,7,71,A,7,979,A,7,230,A,7,5.7,A,7,16000,B,7,823,A,7,3.4,E,8,0.000,F,8,0.00,F,8,0,1,D,9,00,C,8
07/04/1991,12:00,1196,1321,551,1,10,102,1,16,458,1,10,607,1,10,106,1,16,512,1,10,2195,1,21,9,A,7,9,A,7,23.3,A,7,20.6,A,7,85,A,7,979,A,7,270,A,7,4.6,A,7,16000,B,7,1006,A,7,3.4,E,8,0.000,F,8,0.00,F,8,3,1,D,9,00,C,8
07/04/1991,13:00,1239,1321,888,1,10,614,1,16,312,1,10,931,1,10,618,1,16,351,1,10,2044,1,21,6,A,7,6,A,7,27.2,A,7,19.4,A,7,62,A,7,978,A,7,240,A,7,5.2,A,7,16000,B,7,1067,A,7,3.4,E,8,0.000,F,8,0.00,F,8,0,1,D,9,17,C,8
07/04/1991,14:00,1221,1321,753,1,10,406,1,16,377,1,10,802,1,10,424,1,16,410,1,10,2359,1,21,7,A,7,7,A,7,25.0,A,7,20.0,A,7,74,A,7,978,A,7,230,A,7,6.2,A,7,16000,B,7,3353,A,7,3.4,E,8,0.000,F,8,0.00,F,8,3,1,D,9,00,C,8
07/04/1991,15:00,1144,1321,751,1,10,574,1,16,253,1,10,791,1,10,581,1,16,287,1,10,1132,1,21,5,A,7,5,A,7,27.8,A,7,18.3,A,7,56,A,7,978,A,7,230,A,7,7.2,A,7,16000,B,7,77777,A,7,3.4,E,8,0.000,F,8,0.00,F,8,0,1,D,9,00,C,8
07/04/1991,16:00,1013,1321,543,1,10,326,1,16,293,1,10,596,1,10,353,1,16,325,1,10,939,1,21,7,A,7,7,A,7,27.8,A,7,18.3,A,7,56,A,7,977,A,7,240,A,7,7.2,A,7,16000,B,7,1372,A,7,3.4,E,8,0.000,F,8,0.00,F,8,0,1,D,9,00,C,8
07/04/1991,17:00,837,1321,383,1,10,228,1,16,238,1,10,416,1,10,244,1,16,261,1,10,606,1,21,8,A,7,8,A,7,27.2,A,7,17.8,A,7,56,A,7,978,A,7,250,A,7,6.7,A,7,16000,B,7,3048,A,7,3.4,E,8,0.000,F,8,0.00,F,8,0,1,D,9,00,C,8
07/04/1991,18:00,627,1321,368,1,10,394,1,16,181,1,10,395,1,10,405,1,16,203,1,10,396,1,21,2,A,7,2,A,7,26.7,A,7,16.7,A,7,54,A,7,977,A,7,240,A,7,6.7,A,7,19200,B,7,77777,A,7,3.4,E,8,0.000,F,8,0.00,F,8,0,1,D,9,00,C,8
07/04/1991,19:00,399,1321,196,1,10,292,1,16,107,1,10,208,1,10,264,1,16,128,1,10,210,1,21,5,A,7,1,A,7,26.1,A,7,16.7,A,7,56,A,7,977,A,7,260,A,7,5.2,A,7,24000,B,7,77777,A,7,3.4,E,8,0.000,F,8,0.00,F,8,0,1,D,9,00,C,8
07/04/1991,20:00,169,1321,56,1,10,81,1,16,46,1,10,61,1,10,51,1,16,55,1,10,97,1,21,4,A,7,1,A,7,24.4,A,7,16.1,A,7,60,A,7,978,A,7,250,A,7,3.6,A,7,24000,B,7,77777,A,7,3.3,E,8,0.000,F,8,0.00,F,8,0,1,D,9,00,C,8
07/04/1991,21:00,9,407,1,1,10,0,1,16,1,1,10,0,1,10,0,1,16,0,1,10,0,1,21,4,A,7,3,A,7,20.6,A,7,17.2,A,7,81,A,7,978,A,7,0,A,7,0.0,A,7,24000,B,7,77777,A,7,3.3,E,8,0.000,F,8,0.00,F,8,0,1,D,9,00,C,8
07/04/1991,22:00,0,0,0,1,0,0,1,0,0,1,0,0,1,0,0,1,0,0,1,0,0,1,0,7,A,7,6,A,7,18.9,A,7,17.2,A,7,90,A,7,978,A,7,0,A,7,0.0,A,7,24000,B,7,3658,A,7,3.3,E,8,0.000,F,8,0.00,F,8,0,1,D,9,00,C,8
07/04/1991,23:00,0,0,0,1,0,0,1,0,0,1,0,0,1,0,0,1,0,0,1,0,0,1,0,8,A,7,8,A,7,20.0,A,7,18.3,A,7,90,A,7,978,A,7,170,A,7,2.6,A,7,16000,B,7,1524,A,7,3.3,E,8,0.000,F,8,0.00,F,8,0,1,D,9,00,C,8
07/04/1991,24:00,0,0,0,1,0,0,1,0,0,1,0,0,1,0,0,1,0,0,1,0,0,1,0,9,A,7,9,A,7,20.6,A,7,16.7,A,7,78,A,7,978,A,7,190,A,7,3.6,A,7,19200,B,7,1676,A,7,3.3,E,8,0.000,F,8,0.00,F,8,0,1,D,9,00,C,8
07/05/1991,01:00,0,0,0,1,0,0,1,0,0,1,0,0,1,0,0,1,0,0,1,0,0,1,0,2,A,7,2,A,7,18.9,A,7,16.7,A,7,87,A,7,978,A,7,190,A,7,3.1,A,7,24000,B,7,77777,A,7,3.3,E,8,0.000,F,8,0.00,F,8,0,1,D,9,00,C,8
07/05/1991,02:00,0,0,0,1,0,0,1,0,0,1,0,0,1,0,0,1,0,0,1,0,0,1,0,0,A,7,0,A,7,18.9,A,7,17.2,A,7,90,A,7,978,A,7,190,A,7,4.1,A,7,24000,B,7,77777,A,7,3.3,E,8,0.000,F,8,0.00,F,8,0,1,D,9,00,C,8
07/05/1991,03:00,0,0,0,1,0,0,1,0,0,1,0,0,1,0,0,1,0,0,1,0,0,1,0,5,A,7,5,A,7,18.9,A,7,17.8,A,7,93,A,7,978,A,7,210,A,7,4.1,A,7,24000,B,7,77777,A,7,3.3,E,8,0.000,F,8,0.00,F,8,0,1,D,9,00,C,8
07/05/1991,04:00,0,0,0,1,0,0,1,0,0,1,0,0,1,0,0,1,0,0,1,0,0,1,0,3,A,7,3,A,7,18.9,A,7,17.8,A,7,93,A,7,977,A,7,200,A,7,3.6,A,7,16000,B,7,77777,A,7,3.3,E,8,0.000,F,8,0.00,F,8,0,1,D,9,00,C,8
07/05/1991,05:00,0,0,0,1,0,0,1,0,0,1,0,0,1,0,0,1,0,0,1,0,0,1,0,6,A,7,6,A,7,18.9,A,7,18.3,A,7,96,A,7,978,A,7,210,A,7,4.1,A,7,12800,B,7,3658,A,7,3.3,E,8,0.000,F,8,0.00,F,8,0,1,D,9,00,C,8
07/05/1991,06:00,78,1156,25,1,10,140,1,16,15,1,10,26,1,10,69,1,16,21,1,10,28,1,21,1,A,7,1,A,7,18.9,A,7,18.3,A,7,96,A,7,978,A,7,210,A,7,4.6,A,7,11200,B,7,77777,A,7,3.3,E,8,0.000,F,8,0.00,F,8,0,1,D,9,00,C,8
07/05/1991,07:00,300,1321,156,1,11,486,1,16,46,1,11,163,1,11,394,1,16,74,1,11,87,1,22,2,B,8,0,A,7,20.6,A,7,18.3,A,7,87,A,7,978,A,7,220,A,7,5.2,A,7,12800,B,7,77777,A,7,3.3,E,8,0.000,F,8,0.00,F,8,0,1,D,9,00,C,8
07/05/1991,08:00,531,1321,334,1,10,599,1,16,94,1,10,349,1,10,569,1,16,120,1,10,186,1,21,3,A,7,3,A,7,21.7,A,7,19.4,A,7,87,A,7,979,A,7,240,A,7,6.2,A,7,11200,B,7,77777,A,7,3.2,E,8,0.000,F,8,0.00,F,8,0,1,D,9,00,C,8
07/05/1991,09:00,750,1321,520,1,10,732,1,16,104,1,10,543,1,10,725,1,16,131,1,10,229,1,21,2,A,7,2,A,7,23.3,A,7,19.4,A,7,79,A,7,979,A,7,250,A,7,6.7,A,7,11200,B,7,77777,A,7,3.2,E,8,0.000,F,8,0.00,F,8,0,1,D,9,00,C,8
07/05/1991,10:00,942,1321,556,1,10,330,1,16,320,1,10,600,1,10,355,1,16,346,1,10,946,1,21,8,A,7,6,A,7,25.0,A,7,18.9,A,7,69,A,7,979,A,7,260,A,7,7.7,A,7,11200,B,7,853,A,7,3.2,E,8,0.000,F,8,0.00,F,8,0,1,D,9,00,C,8
07/05/1991,11:00,1094,1321,517,1,10,297,1,16,271,1,10,577,1,10,323,1,16,309,1,10,1000,1,21,7,A,7,7,A,7,25.0,A,7,18.3,A,7,66,A,7,979,A,7,240,A,7,7.2,A,7,16000,B,7,975,A,7,3.2,E,8,0.000,F,8,0.00,F,8,0,1,D,9,00,C,8
07/05/1991,12:00,1195,1321,576,1,10,329,1,16,278,1,10,631,1,10,345,1,16,318,1,10,1530,1,21,8,A,7,8,A,7,26.1,A,7,18.3,A,7,62,A,7,979,A,7,250,A,7,6.7,A,7,16000,B,7,1067,A,7,3.1,E,8,0.000,F,8,0.00,F,8,0,1,D,9,00,C,8
07/05/1991,13:00,1238,1321,848,1,10,695,1,16,197,1,10,920,1,10,716,1,16,248,1,10,1319,1,21,4,A,7,4,A,7,27.8,A,7,18.3,A,7,56,A,7,979,A,7,250,A,7,6.7,A,7,16000,B,7,77777,A,7,3.1,E,8,0.000,F,8,0.00,F,8,0,1,D,9,00,C,8
07/05/1991,14:00,1220,1321,792,1,10,609,1,16,229,1,10,848,1,10,623,1,16,271,1,10,1395,1,21,5,A,7,4,A,7,28.3,A,7,18.3,A,7,55,A,7,979,A,7,250,A,7,7.7,A,7,16000,B,7,77777,A,7,3.1,E,8,0.000,F,8,0.00,F,8,0,1,D,9,00,C,8
07/05/1991,15:00,1143,1321,814,1,10,806,1,16,116,1,10,840,1,10,808,1,16,140,1,10,432,1,21,2,A,7,2,A,7,28.9,A,7,18.3,A,7,53,A,7,979,A,7,250,A,7,7.2,A,7,16000,B,7,77777,A,7,3.1,E,8,0.000,F,8,0.00,F,8,0,1,D,9,00,C,8
07/05/1991,16:00,1012,1321,589,1,10,493,1,16,211,1,10,647,1,10,515,1,16,251,1,10,681,1,21,5,A,7,5,A,7,28.3,A,7,18.3,A,7,55,A,7,979,A,7,270,A,7,7.7,A,7,16000,B,7,77777,A,7,3.0,E,8,0.000,F,8,0.00,F,8,0,1,D,9,00,C,8
07/05/1991,17:00,836,1321,496,1,10,483,1,16,189,1,10,534,1,10,498,1,16,218,1,10,463,1,21,4,A,7,4,A,7,27.8,A,7,18.3,A,7,56,A,7,979,A,7,260,A,7,6.7,A,7,24000,B,7,77777,A,7,3.0,E,8,0.000,F,8,0.00,F,8,0,1,D,9,00,C,8
07/05/1991,18:00,627,1321,311,1,10,405,1,16,119,1,10,338,1,10,404,1,16,147,1,10,239,1,21,3,A,7,3,A,7,26.7,A,7,17.8,A,7,58,A,7,979,A,7,260,A,7,6.7,A,7,24000,B,7,77777,A,7,3.0,E,8,0.000,F,8,0.00,F,8,0,1,D,9,00,C,8
07/05/1991,19:00,398,1321,220,1,10,564,1,16,50,1,10,229,1,10,506,1,16,77,1,10,103,1,21,1,A,7,1,A,7,26.1,A,7,17.2,A,7,58,A,7,979,A,7,270,A,7,5.7,A,7,24000,B,7,77777,A,7,3.0,E,8,0.000,F,8,0.00,F,8,0,1,D,9,00,C,8
07/05/1991,20:00,168,1321,72,1,10,332,1,16,30,1,10,74,1,10,209,1,16,48,1,10,54,1,21,0,A,7,0,A,7,23.9,A,7,16.7,A,7,64,A,7,980,A,7,280,A,7,4.1,A,7,24000,B,7,77777,A,7,2.9,E,8,0.000,F,8,0.00,F,8,0,1,D,9,00,C,8
07/05/1991,21:00,8,385,1,1,10,21,1,16,1,1,10,0,1,10,0,1,16,0,1,10,0,1,21,0,A,7,0,A,7,21.1,A,7,16.1,A,7,73,A,7,980,A,7,260,A,7,3.1,A,7,24000,B,7,77777,A,7,2.9,E,8,0.000,F,8,0.00,F,8,0,1,D,9,00,C,8
07/05/1991,22:00,0,0,0,1,0,0,1,0,0,1,0,0,1,0,0,1,0,0,1,0,0,1,0,0,A,7,0,A,7,18.9,A,7,16.7,A,7,87,A,7,980,A,7,0,A,7,0.0,A,7,24000,B,7,77777,A,7,2.9,E,8,0.000,F,8,0.00,F,8,0,1,D,9,00,C,8
07/05/1991,23:00,0,0,0,1,0,0,1,0,0,1,0,0,1,0,0,1,0,0,1,0,0,1,0,0,A,7,0,A,7,16.7,A,7,16.1,A,7,96,A,7,981,A,7,0,A,7,0.0,A,7,24000,B,7,77777,A,7,2.9,E,8,0.000,F,8,0.00,F,8,0,1,D,9,00,C,8
07/05/1991,24:00,0,0,0,1,0,0,1,0,0,1,0,0,1,0,0,1,0,0,1,0,0,1,0,0,A,7,0,A,7,16.7,A,7,16.1,A,7,96,A,7,980,A,7,0,A,7,0.0,A,7,16000,B,7,77777,A,7,2.8,E,8,0.000,F,8,0.00,F,8,0,1,D,9,00,C,8
07/06/1991,01:00,0,0,0,1,0,0,1,0,0,1,0,0,1,0,0,1,0,0,1,0,0,1,0,0,A,7,0,A,7,16.7,A,7,16.1,A,7,96,A,7,980,A,7,0,A,7,0.0,A,7,11200,B,7,77777,A,7,2.8,E,8,0.000,F,8,0.00,F,8,0,1,D,9,00,C,8
07/06/1991,02:00,0,0,0,1,0,0,1,0,0,1,0,0,1,0,0,1,0,0,1,0,0,1,0,0,A,7,0,A,7,15.6,A,7,15.6,A,7,100,A,7,980,A,7,0,A,7,0.0,A,7,11200,B,7,77777,A,7,2.8,E,8,0.000,F,8,0.00,F,8,0,1,D,9,00,C,8
07/06/1991,03:00,0,0,0,1,0,0,1,0,0,1,0,0,1,0,0,1,0,0,1,0,0,1,0,0,A,7,0,A,7,15.0,A,7,15.0,A,7,100,A,7,980,A,7,0,A,7,0.0,A,7,11200,B,7,77777,A,7,2.8,E,8,0.000,F,8,0.00,F,8,0,1,D,9,00,C,8
07/06/1991,04:00,0,0,0,1,0,0,1,0,0,1,0,0,1,0,0,1,0,0,1,0,0,1,0,0,A,7,0,A,7,14.4,A,7,14.4,A,7,100,A,7,979,A,7,140,A,7,2.1,A,7,11200,B,7,77777,A,7,2.7,E,8,0.000,F,8,0.00,F,8,0,1,D,9,00,C,8
07/06/1991,05:00,0,0,0,1,0,0,1,0,0,1,0,0,1,0,0,1,0,0,1,0,0,1,0,8,A,7,3,A,7,15.6,A,7,15.6,A,7,100,A,7,979,A,7,0,A,7,0.0,A,7,16000,B,7,77777,A,7,2.7,E,8,0.000,F,8,0.00,F,8,0,1,D,9,00,C,8
07/06/1991,06:00,76,1134,25,1,10,60,1,16,21,1,10,27,1,10,22,1,16,25,1,10,37,1,21,7,A,7,0,A,7,17.2,A,7,16.1,A,7,93,A,7,980,A,7,0,A,7,0.0,A,7,24000,B,7,77777,A,7,2.7,E,8,0.000,F,8,0.00,F,8,0,1,D,9,00,C,8
07/06/1991,07:00,298,1321,149,1,10,345,1,16,71,1,10,155,1,10,273,1,16,94,1,10,129,1,21,8,A,7,0,A,7,21.1,A,7,18.3,A,7,84,A,7,980,A,7,190,A,7,2.6,A,7,16000,B,7,77777,A,7,2.7,E,8,0.000,F,8,0.00,F,8,0,1,D,9,00,C,8
07/06/1991,08:00,529,1321,193,1,10,147,1,16,134,1,10,213,1,10,145,1,16,155,1,10,314,1,21,10,A,7,5,A,7,22.8,A,7,19.4,A,7,81,A,7,980,A,7,210,A,7,2.6,A,7,16000,B,7,77777,A,7,2.7,E,8,0.000,F,8,0.00,F,8,0,1,D,9,00,C,8
07/06/1991,09:00,748,1321,470,1,10,480,1,16,198,1,10,497,1,10,489,1,16,220,1,10,449,1,21,9,A,7,4,A,7,26.1,A,7,20.6,A,7,72,A,7,979,A,7,200,A,7,4.1,A,7,16000,B,7,77777,A,7,2.8,E,8,0.000,F,8,0.00,F,8,0,1,D,9,00,C,8
07/06/1991,10:00,941,1321,632,1,10,548,1,16,241,1,10,677,1,10,569,1,16,271,1,10,691,1,21,7,A,7,2,A,7,28.9,A,7,21.1,A,7,63,A,7,980,A,7,220,A,7,4.6,A,7,16000,B,7,77777,A,7,2.8,E,8,0.000,F,8,0.00,F,8,0,1,D,9,00,C,8
07/06/1991,11:00,1093,1321,709,1,10,554,1,16,250,1,10,743,1,10,559,1,16,280,1,10,958,1,21,8,A,7,4,A,7,30.0,A,7,21.7,A,7,61,A,7,980,A,7,200,A,7,5.7,A,7,16000,B,7,6706,A,7,2.8,E,8,0.000,F,8,0.00,F,8,0,1,D,9,00,C,8
07/06/1991,12:00,1194,1321,840,1,10,716,1,16,192,1,10,907,1,10,737,1,16,240,1,10,1050,1,21,7,A,7,2,A,7,31.7,A,7,21.1,A,7,54,A,7,979,A,7,220,A,7,6.7,A,7,16000,B,7,77777,A,7,2.9,E,8,0.000,F,8,0.00,F,8,0,1,D,9,00,C,8
07/06/1991,13:00,1237,1321,875,1,10,672,1,16,246,1,10,934,1,10,685,1,16,291,1,10,1623,1,21,5,A,7,4,A,7,32.8,A,7,21.1,A,7,50,A,7,979,A,7,210,A,7,5.2,A,7,16000,B,7,77777,A,7,2.9,E,8,0.000,F,8,0.00,F,8,0,1,D,9,00,C,8
07/06/1991,14:00,1220,1321,821,1,10,456,1,16,400,1,10,870,1,10,476,1,16,430,1,10,2495,1,21,7,A,7,7,A,7,32.8,A,7,21.1,A,7,50,A,7,978,A,7,180,A,7,7.2,A,7,16000,B,7,3048,A,7,3.0,E,8,0.000,F,8,0.00,F,8,0,1,D,9,00,C,8
07/06/1991,15:00,1143,1321,360,1,10,45,1,16,320,1,10,397,1,10,46,1,16,357,1,10,1466,1,21,9,A,7,9,A,7,31.1,A,7,20.0,A,7,52,A,7,978,A,7,210,A,7,4.1,A,7,16000,B,7,3658,A,7,3.0,E,8,0.000,F,8,0.00,F,8,0,1,D,9,00,C,8
07/06/1991,16:00,1012,1321,508,1,10,389,1,16,210,1,10,558,1,10,407,1,16,246,1,10,677,1,21,5,A,7,5,A,7,33.3,A,7,21.1,A,7,49,A,7,978,A,7,200,A,7,4.6,A,7,16000,B,7,77777,A,7,3.1,E,8,0.000,F,8,0.00,F,8,0,1,D,9,00,C,8
07/06/1991,17:00,836,1321,364,1,10,304,1,16,172,1,10,397,1,10,314,1,16,198,1,10,418,1,21,5,A,7,3,A,7,33.3,A,7,21.1,A,7,49,A,7,978,A,7,200,A,7,6.7,A,7,16000,B,7,77777,A,7,3.1,E,8,0.000,F,8,0.00,F,8,0,1,D,9,00,C,8
07/06/1991,18:00,626,1321,187,1,10,108,1,16,136,1,10,209,1,10,111,1,16,157,1,10,332,1,21,7,A,7,7,A,7,31.1,A,7,21.7,A,7,57,A,7,978,A,7,220,A,7,5.2,A,7,12800,B,7,3658,A,7,3.1,E,8,0.000,F,8,0.00,F,8,0,1,D,9,00,C,8
07/06/1991,19:00,398,1321,144,1,10,110,1,16,111,1,10,157,1,10,100,1,16,127,1,10,248,1,21,8,A,7,8,A,7,31.7,A,7,22.8,A,7,59,A,7,977,A,7,220,A,7,5.7,A,7,12800,B,7,3658,A,7,3.2,E,8,0.000,F,8,0.00,F,8,0,1,D,9,00,C,8
07/06/1991,20:00,167,1321,52,1,10,92,1,16,40,1,10,55,1,10,52,1,16,48,1,10,73,1,21,6,A,7,2,A,7,29.4,A,7,22.8,A,7,68,A,7,977,A,7,190,A,7,4.6,A,7,12800,B,7,77777,A,7,3.2,E,8,0.000,F,8,0.00,F,8,0,1,D,9,00,C,8
07/06/1991,21:00,8,385,1,1,10,0,1,16,1,1,10,0,1,10,0,1,16,0,1,10,0,1,21,9,A,7,5,A,7,28.3,A,7,22.2,A,7,70,A,7,977,A,7,190,A,7,4.1,A,7,16000,B,7,7620,A,7,3.3,E,8,0.000,F,8,0.00,F,8,0,1,D,9,00,C,8
07/06/1991,22:00,0,0,0,1,0,0,1,0,0,1,0,0,1,0,0,1,0,0,1,0,0,1,0,10,A,7,10,A,7,27.8,A,7,22.2,A,7,72,A,7,977,A,7,200,A,7,4.1,A,7,16000,B,7,7620,A,7,3.3,E,8,0.000,F,8,0.00,F,8,0,1,D,9,00,C,8
07/06/1991,23:00,0,0,0,1,0,0,1,0,0,1,0,0,1,0,0,1,0,0,1,0,0,1,0,10,A,7,10,A,7,28.3,A,7,22.8,A,7,72,A,7,977,A,7,230,A,7,6.2,A,7,12800,B,7,1676,A,7,3.4,E,8,0.000,F,8,0.00,F,8,0,1,D,9,17,C,8
07/06/1991,24:00,0,0,0,1,0,0,1,0,0,1,0,0,1,0,0,1,0,0,1,0,0,1,0,10,A,7,10,A,7,25.6,A,7,23.3,A,7,87,A,7,978,A,7,310,A,7,2.6,A,7,11200,B,7,7620,A,7,3.4,E,8,0.000,F,8,0.00,F,8,0,1,D,9,17,C,8
07/07/1991,01:00,0,0,0,1,0,0,1,0,0,1,0,0,1,0,0,1,0,0,1,0,0,1,0,6,A,7,6,A,7,23.3,A,7,22.2,A,7,94,A,7,978,A,7,70,A,7,2.1,A,7,11200,B,7,7620,A,7,3.4,E,8,0.000,F,8,0.00,F,8,0,1,D,9,17,C,8
07/07/1991,02:00,0,0,0,1,0,0,1,0,0,1,0,0,1,0,0,1,0,0,1,0,0,1,0,3,A,7,3,A,7,25.0,A,7,22.8,A,7,88,A,7,977,A,7,220,A,7,5.2,A,7,11200,B,7,77777,A,7,3.5,E,8,0.000,F,8,0.00,F,8,0,1,D,9,00,C,8
07/07/1991,03:00,0,0,0,1,0,0,1,0,0,1,0,0,1,0,0,1,0,0,1,0,0,1,0,4,A,7,4,A,7,25.0,A,7,22.2,A,7,84,A,7,978,A,7,250,A,7,4.6,A,7,11200,B,7,77777,A,7,3.5,E,8,0.000,F,8,0.00,F,8,0,1,D,9,00,C,8
07/07/1991,04:00,0,0,0,1,0,0,1,0,0,1,0,0,1,0,0,1,0,0,1,0,0,1,0,3,A,7,3,A,7,23.9,A,7,21.7,A,7,88,A,7,978,A,7,260,A,7,3.1,A,7,11200,B,7,77777,A,7,3.6,E,8,0.000,F,8,0.00,F,8,0,1,D,9,00,C,8
07/07/1991,05:00,0,0,0,1,0,0,1,0,0,1,0,0,1,0,0,1,0,0,1,0,0,1,0,4,A,7,4,A,7,22.8,A,7,21.7,A,7,94,A,7,979,A,7,270,A,7,4.1,A,7,16000,B,7,77777,A,7,3.6,E,8,0.000,F,8,0.00,F,8,0,1,D,9,00,C,8
07/07/1991,06:00,74,1134,18,1,10,7,1,16,17,1,10,19,1,10,4,1,16,19,1,10,43,1,21,4,A,7,3,A,7,22.2,A,7,21.7,A,7,97,A,7,979,A,7,270,A,7,3.6,A,7,16000,B,7,77777,A,7,3.7,E,8,0.000,F,8,0.00,F,8,0,1,D,9,00,C,8
07/07/1991,07:00,296,1321,119,1,10,162,1,16,82,1,10,125,1,10,128,1,16,96,1,10,158,1,21,4,A,7,4,A,7,23.9,A,7,21.7,A,7,88,A,7,980,A,7,290,A,7,3.1,A,7,16000,B,7,77777,A,7,3.7,E,8,0.000,F,8,0.00,F,8,0,1,D,9,00,C,8
07/07/1991,08:00,527,1321,252,1,10,244,1,16,154,1,10,268,1,10,241,1,16,172,1,10,322,1,21,5,A,7,3,A,7,25.6,A,7,20.6,A,7,74,A,7,980,A,7,310,A,7,3.1,A,7,16000,B,7,77777,A,7,3.7,E,8,0.000,F,8,0.00,F,8,0,1,D,9,00,C,8
07/07/1991,09:00,747,1321,367,1,10,332,1,16,180,1,10,403,1,10,351,1,16,204,1,10,412,1,21,7,A,7,4,A,7,27.2,A,7,18.9,A,7,61,A,7,981,A,7,310,A,7,4.6,A,7,19200,B,7,77777,A,7,3.6,E,8,0.000,F,8,0.00,F,8,0,1,D,9,00,C,8
07/07/1991,10:00,939,1321,565,1,10,438,1,16,253,1,10,602,1,10,454,1,16,278,1,10,726,1,21,8,A,7,4,A,7,28.3,A,7,18.3,A,7,55,A,7,981,A,7,230,A,7,4.6,A,7,16000,B,7,77777,A,7,3.6,E,8,0.000,F,8,0.00,F,8,0,1,D,9,00,C,8
07/07/1991,11:00,1091,1321,750,1,10,583,1,16,267,1,10,812,1,10,610,1,16,308,1,10,1046,1,21,7,A,7,2,A,7,29.4,A,7,17.2,A,7,48,A,7,981,A,7,320,A,7,2.6,A,7,19200,B,7,77777,A,7,3.6,E,8,0.000,F,8,0.00,F,8,0,1,D,9,00,C,8
07/07/1991,12:00,1193,1321,807,1,10,612,1,16,253,1,10,854,1,10,622,1,16,292,1,10,1354,1,21,6,A,7,3,A,7,30.6,A,7,18.3,A,7,48,A,7,980,A,7,170,A,7,2.1,A,7,19200,B,7,77777,A,7,3.6,E,8,0.000,F,8,0.00,F,8,0,1,D,9,00,C,8
07/07/1991,13:00,1236,1321,897,1,10,621,1,16,316,1,10,940,1,10,624,1,16,355,1,10,2042,1,21,4,A,7,2,A,7,31.1,A,7,19.4,A,7,50,A,7,980,A,7,200,A,7,4.1,A,7,19200,B,7,77777,A,7,3.5,E,8,0.000,F,8,0.00,F,8,0,1,D,9,00,C,8
07/07/1991,14:00,1219,1321,386,1,10,188,1,16,213,1,10,446,1,10,206,1,16,256,1,10,1133,1,21,8,A,7,8,A,7,32.8,A,7,21.1,A,7,50,A,7,979,A,7,200,A,7,4.1,A,7,19200,B,7,3353,A,7,3.5,E,8,0.000,F,8,0.00,F,8,0,1,D,9,00,C,8
07/07/1991,15:00,1142,1321,702,1,10,416,1,16,342,1,10,748,1,10,434,1,16,372,1,10,1574,1,21,7,A,7,6,A,7,31.7,A,7,21.7,A,7,56,A,7,979,A,7,240,A,7,5.7,A,7,19200,B,7,3353,A,7,3.5,E,8,0.000,F,8,0.00,F,8,0,1,D,9,00,C,8
07/07/1991,16:00,1011,1321,707,1,10,567,1,16,273,1,10,757,1,10,590,1,16,304,1,10,894,1,21,8,A,7,1,A,7,32.8,A,7,20.0,A,7,47,A,7,978,A,7,210,A,7,4.6,A,7,16000,B,7,77777,A,7,3.4,E,8,0.000,F,8,0.00,F,8,0,1,D,9,00,C,8
07/07/1991,17:00,835,1321,521,1,10,504,1,16,202,1,10,558,1,10,519,1,16,230,1,10,497,1,21,7,A,7,2,A,7,32.2,A,7,20.0,A,7,49,A,7,978,A,7,240,A,7,7.7,A,7,16000,B,7,77777,A,7,3.4,E,8,0.000,F,8,0.00,F,8,0,1,D,9,00,C,8
07/07/1991,18:00,625,1321,138,1,10,0,1,16,138,1,10,160,1,10,0,1,16,160,1,10,589,1,21,10,A,7,10,A,7,30.0,A,7,20.0,A,7,55,A,7,978,A,7,260,A,7,6.2,A,7,16000,B,7,7620,A,7,3.4,E,8,0.000,F,8,0.00,F,8,0,1,D,9,00,C,8
07/07/1991,19:00,397,1321,45,1,10,0,1,16,45,1,10,54,1,10,0,1,16,54,1,10,195,1,21,10,A,7,10,A,7,18.9,A,7,18.9,A,7,100,A,7,979,A,7,260,A,7,12.9,A,7,800,B,7,122,A,7,3.3,E,8,0.000,F,8,0.00,F,8,180,1,D,9,00,C,8
07/07/1991,20:00,166,1321,39,1,10,0,1,16,39,1,10,44,1,10,0,1,16,44,1,10,133,1,21,10,A,7,10,A,7,18.9,A,7,18.3,A,7,96,A,7,978,A,7,200,A,7,4.6,A,7,12800,B,7,3353,A,7,3.3,E,8,0.000,F,8,0.00,F,8,0,1,D,9,95,C,8
07/07/1991,21:00,8,385,1,1,10,0,1,16,1,1,10,0,1,10,0,1,16,0,1,10,0,1,21,10,A,7,9,A,7,19.4,A,7,18.9,A,7,97,A,7,978,A,7,240,A,7,3.1,A,7,19200,B,7,1494,A,7,3.3,E,8,0.000,F,8,0.00,F,8,0,1,D,9,95,C,8
07/07/1991,22:00,0,0,0,1,0,0,1,0,0,1,0,0,1,0,0,1,0,0,1,0,0,1,0,5,A,7,3,A,7,20.0,A,7,19.4,A,7,96,A,7,978,A,7,250,A,7,4.1,A,7,24000,B,7,77777,A,7,3.2,E,8,0.000,F,8,0.00,F,8,0,1,D,9,00,C,8
07/07/1991,23:00,0,0,0,1,0,0,1,0,0,1,0,0,1,0,0,1,0,0,1,0,0,1,0,2,A,7,2,A,7,20.0,A,7,19.4,A,7,96,A,7,978,A,7,240,A,7,4.1,A,7,16000,B,7,77777,A,7,3.2,E,8,0.000,F,8,0.00,F,8,0,1,D,9,00,C,8
07/07/1991,24:00,0,0,0,1,0,0,1,0,0,1,0,0,1,0,0,1,0,0,1,0,0,1,0,0,A,7,0,A,7,20.0,A,7,20.0,A,7,100,A,7,979,A,7,260,A,7,4.1,A,7,11200,B,7,77777,A,7,3.2,E,8,0.000,F,8,0.00,F,8,0,1,D,9,00,C,8
07/08/1991,01:00,0,0,0,1,0,0,1,0,0,1,0,0,1,0,0,1,0,0,1,0,0,1,0,3,A,7,3,A,7,20.0,A,7,20.0,A,7,100,A,7,979,A,7,290,A,7,5.2,A,7,11200,B,7,77777,A,7,3.1,E,8,0.000,F,8,0.00,F,8,0,1,D,9,00,C,8
07/08/1991,02:00,0,0,0,1,0,0,1,0,0,1,0,0,1,0,0,1,0,0,1,0,0,1,0,4,A,7,4,A,7,20.0,A,7,19.4,A,7,96,A,7,979,A,7,260,A,7,3.6,A,7,11200,B,7,77777,A,7,3.1,E,8,0.000,F,8,0.00,F,8,0,1,D,9,00,C,8
07/08/1991,03:00,0,0,0,1,0,0,1,0,0,1,0,0,1,0,0,1,0,0,1,0,0,1,0,4,A,7,4,A,7,18.9,A,7,18.9,A,7,100,A,7,979,A,7,300,A,7,2.6,A,7,11200,B,7,77777,A,7,3.1,E,8,0.000,F,8,0.00,F,8,0,1,D,9,00,C,8
07/08/1991,04:00,0,0,0,1,0,0,1,0,0,1,0,0,1,0,0,1,0,0,1,0,0,1,0,2,A,7,2,A,7,18.3,A,7,18.3,A,7,100,A,7,980,A,7,290,A,7,2.6,A,7,8000,B,7,77777,A,7,3.1,E,8,0.000,F,8,0.00,F,8,0,1,D,9,00,C,8
07/08/1991,05:00,0,0,0,1,0,0,1,0,0,1,0,0,1,0,0,1,0,0,1,0,0,1,0,3,A,7,3,A,7,16.7,A,7,16.7,A,7,100,A,7,980,A,7,290,A,7,2.6,A,7,8000,B,7,77777,A,7,3.0,E,8,0.000,F,8,0.00,F,8,0,1,D,9,45,C,8
07/08/1991,06:00,72,1112,18,1,10,26,1,16,16,1,10,20,1,10,12,1,16,19,1,10,33,1,21,2,A,7,2,A,7,17.8,A,7,17.8,A,7,100,A,7,980,A,7,260,A,7,2.6,A,7,8000,B,7,77777,A,7,3.0,E,8,0.000,F,8,0.00,F,8,0,1,D,9,45,C,8
07/08/1991,07:00,293,1321,126,1,10,222,1,16,76,1,10,133,1,10,176,1,16,94,1,10,144,1,21,3,A,7,3,A,7,19.4,A,7,18.9,A,7,97,A,7,981,A,7,310,A,7,3.1,A,7,11200,B,7,77777,A,7,3.0,E,8,0.000,F,8,0.00,F,8,0,1,D,9,45,C,8
07/08/1991,08:00,525,1321,293,1,10,480,1,16,102,1,10,316,1,10,461,1,16,133,1,10,194,1,21,2,A,7,1,A,7,21.7,A,7,18.9,A,7,84,A,7,982,A,7,320,A,7,4.1,A,7,12800,B,7,77777,A,7,2.9,E,8,0.000,F,8,0.00,F,8,0,1,D,9,00,C,8
07/08/1991,09:00,745,1321,478,1,10,486,1,16,204,1,10,504,1,10,494,1,16,225,1,10,463,1,21,3,A,7,3,A,7,22.2,A,7,18.3,A,7,79,A,7,982,A,7,340,A,7,4.1,A,7,16000,B,7,77777,A,7,2.9,E,8,0.000,F,8,0.00,F,8,0,1,D,9,00,C,8
07/08/1991,10:00,938,1321,538,1,10,436,1,16,228,1,10,579,1,10,453,1,16,257,1,10,648,1,21,5,A,7,5,A,7,22.8,A,7,18.9,A,7,79,A,7,983,A,7,320,A,7,4.1,A,7,16000,B,7,77777,A,7,2.9,E,8,0.000,F,8,0.00,F,8,0,1,D,9,00,C,8
07/08/1991,11:00,1090,1321,575,1,10,396,1,16,248,1,10,628,1,10,414,1,16,286,1,10,965,1,21,5,A,7,5,A,7,24.4,A,7,17.8,A,7,67,A,7,983,A,7,330,A,7,5.2,A,7,19200,B,7,77777,A,7,2.9,E,8,0.000,F,8,0.00,F,8,0,1,D,9,00,C,8
07/08/1991,12:00,1191,1321,642,1,10,424,1,16,259,1,10,708,1,10,445,1,16,306,1,10,1404,1,21,6,A,7,6,A,7,24.4,A,7,17.2,A,7,64,A,7,983,A,7,330,A,7,5.2,A,7,19200,B,7,1036,A,7,2.8,E,8,0.000,F,8,0.00,F,8,0,1,D,9,00,C,8
07/08/1991,13:00,1235,1321,821,1,10,621,1,16,240,1,10,877,1,10,634,1,16,283,1,10,1570,1,21,5,A,7,5,A,7,25.0,A,7,17.8,A,7,64,A,7,984,A,7,350,A,7,5.2,A,7,19200,B,7,77777,A,7,2.8,E,8,0.000,F,8,0.00,F,8,0,1,D,9,00,C,8
07/08/1991,14:00,1218,1321,726,1,10,352,1,16,401,1,10,799,1,10,383,1,16,445,1,10,2219,1,21,5,A,7,5,A,7,24.4,A,7,16.7,A,7,62,A,7,984,A,7,340,A,7,5.2,A,7,19200,B,7,77777,A,7,2.8,E,8,0.000,F,8,0.00,F,8,0,1,D,9,00,C,8
07/08/1991,15:00,1142,1321,655,1,10,384,1,16,322,1,10,701,1,10,401,1,16,354,1,10,1474,1,21,5,A,7,5,A,7,25.6,A,7,17.2,A,7,60,A,7,984,A,7,330,A,7,4.6,A,7,19200,B,7,77777,A,7,2.7,E,8,0.000,F,8,0.00,F,8,0,1,D,9,00,C,8
07/08/1991,16:00,1011,1321,656,1,10,554,1,16,232,1,10,714,1,10,578,1,16,270,1,10,750,1,21,5,A,7,5,A,7,26.1,A,7,16.7,A,7,56,A,7,983,A,7,320,A,7,5.7,A,7,19200,B,7,77777,A,7,2.7,E,8,0.000,F,8,0.00,F,8,0,1,D,9,00,C,8
07/08/1991,17:00,834,1321,551,1,10,620,1,16,159,1,10,579,1,10,624,1,16,184,1,10,391,1,21,4,A,7,4,A,7,25.6,A,7,16.1,A,7,56,A,7,983,A,7,340,A,7,4.1,A,7,19200,B,7,77777,A,7,2.7,E,8,0.000,F,8,0.00,F,8,0,1,D,9,00,C,8
07/08/1991,18:00,625,1321,385,1,10,511,1,16,143,1,10,410,1,10,508,1,16,170,1,10,291,1,21,6,A,7,2,A,7,24.4,A,7,16.1,A,7,60,A,7,983,A,7,320,A,7,5.2,A,7,19200,B,7,77777,A,7,2.7,E,8,0.000,F,8,0.00,F,8,0,1,D,9,00,C,8
07/08/1991,19:00,396,1321,134,1,10,121,1,16,97,1,10,147,1,10,111,1,16,114,1,10,217,1,21,4,A,7,3,A,7,23.9,A,7,15.6,A,7,60,A,7,983,A,7,340,A,7,3.1,A,7,19200,B,7,77777,A,7,2.6,E,8,0.000,F,8,0.00,F,8,0,1,D,9,00,C,8
07/08/1991,20:00,165,1321,58,1,10,144,1,16,39,1,10,61,1,10,81,1,16,51,1,10,71,1,21,2,A,7,1,A,7,21.7,A,7,15.6,A,7,68,A,7,984,A,7,360,A,7,3.1,A,7,19200,B,7,77777,A,7,2.6,E,8,0.000,F,8,0.00,F,8,0,1,D,9,00,C,8
07/08/1991,21:00,7,363,0,1,10,2,1,16,0,1,10,0,1,10,0,1,16,0,1,10,0,1,21,0,A,7,0,A,7,19.4,A,7,15.6,A,7,79,A,7,984,A,7,350,A,7,2.6,A,7,19200,B,7,77777,A,7,2.6,E,8,0.000,F,8,0.00,F,8,0,1,D,9,00,C,8
07/08/1991,22:00,0,0,0,1,0,0,1,0,0,1,0,0,1,0,0,1,0,0,1,0,0,1,0,0,A,7,0,A,7,18.3,A,7,14.4,A,7,78,A,7,985,A,7,350,A,7,3.1,A,7,19200,B,7,77777,A,7,2.6,E,8,0.000,F,8,0.00,F,8,0,1,D,9,00,C,8
07/08/1991,23:00,0,0,0,1,0,0,1,0,0,1,0,0,1,0,0,1,0,0,1,0,0,1,0,0,A,7,0,A,7,16.7,A,7,12.8,A,7,78,A,7,986,A,7,350,A,7,2.6,A,7,24000,B,7,77777,A,7,2.5,E,8,0.000,F,8,0.00,F,8,0,1,D,9,00,C,8
07/08/1991,24:00,0,0,0,1,0,0,1,0,0,1,0,0,1,0,0,1,0,0,1,0,0,1,0,0,A,7,0,A,7,15.6,A,7,11.1,A,7,75,A,7,987,A,7,360,A,7,2.6,A,7,24000,B,7,77777,A,7,2.5,E,8,0.000,F,8,0.00,F,8,0,1,D,9,00,C,8
07/09/1991,01:00,0,0,0,1,0,0,1,0,0,1,0,0,1,0,0,1,0,0,1,0,0,1,0,0,A,7,0,A,7,13.9,A,7,11.1,A,7,83,A,7,987,A,7,360,A,7,2.1,A,7,24000,B,7,77777,A,7,2.5,E,8,0.000,F,8,0.00,F,8,0,1,D,9,00,C,8
07/09/1991,02:00,0,0,0,1,0,0,1,0,0,1,0,0,1,0,0,1,0,0,1,0,0,1,0,0,A,7,0,A,7,12.2,A,7,11.1,A,7,93,A,7,986,A,7,30,A,7,2.1,A,7,24000,B,7,77777,A,7,2.5,E,8,0.000,F,8,0.00,F,8,0,1,D,9,00,C,8
07/09/1991,03:00,0,0,0,1,0,0,1,0,0,1,0,0,1,0,0,1,0,0,1,0,0,1,0,0,A,7,0,A,7,12.8,A,7,10.6,A,7,86,A,7,986,A,7,0,A,7,0.0,A,7,24000,B,7,77777,A,7,2.4,E,8,0.000,F,8,0.00,F,8,0,1,D,9,00,C,8
07/09/1991,04:00,0,0,0,1,0,0,1,0,0,1,0,0,1,0,0,1,0,0,1,0,0,1,0,0,A,7,0,A,7,11.7,A,7,10.6,A,7,93,A,7,986,A,7,350,A,7,2.1,A,7,24000,B,7,77777,A,7,2.4,E,8,0.000,F,8,0.00,F,8,0,1,D,9,00,C,8
07/09/1991,05:00,0,0,0,1,0,0,1,0,0,1,0,0,1,0,0,1,0,0,1,0,0,1,0,0,A,7,0,A,7,11.1,A,7,10.0,A,7,93,A,7,987,A,7,10,A,7,2.6,A,7,24000,B,7,77777,A,7,2.4,E,8,0.000,F,8,0.00,F,8,0,1,D,9,00,C,8
07/09/1991,06:00,70,1090,20,1,10,25,1,16,19,1,10,23,1,10,11,1,16,22,1,10,39,1,21,5,A,7,0,A,7,11.7,A,7,10.6,A,7,93,A,7,987,A,7,360,A,7,3.6,A,7,24000,B,7,77777,A,7,2.3,E,8,0.000,F,8,0.00,F,8,0,1,D,9,00,C,8
07/09/1991,07:00,291,1321,112,1,10,208,1,16,66,1,10,120,1,10,164,1,16,84,1,10,122,1,21,4,A,7,2,A,7,15.0,A,7,11.7,A,7,81,A,7,988,A,7,60,A,7,2.6,A,7,24000,B,7,77777,A,7,2.3,E,8,0.000,F,8,0.00,F,8,0,1,D,9,00,C,8
07/09/1991,08:00,523,1321,303,1,10,503,1,16,104,1,10,313,1,10,473,1,16,126,1,10,200,1,21,1,A,7,0,A,7,17.8,A,7,10.6,A,7,63,A,7,988,A,7,60,A,7,3.1,A,7,24000,B,7,77777,A,7,2.3,E,8,0.000,F,8,0.00,F,8,0,1,D,9,00,C,8
07/09/1991,09:00,743,1321,494,1,10,633,1,16,138,1,10,518,1,10,631,1,16,163,1,10,311,1,21,1,A,7,0,A,7,19.4,A,7,10.0,A,7,54,A,7,988,A,7,50,A,7,2.6,A,7,24000,B,7,77777,A,7,2.4,E,8,0.000,F,8,0.00,F,8,0,1,D,9,00,C,8
07/09/1991,10:00,936,1321,620,1,10,539,1,16,238,1,10,665,1,10,560,1,16,268,1,10,677,1,21,9,A,7,3,A,7,21.1,A,7,10.6,A,7,51,A,7,988,A,7,90,A,7,2.1,A,7,24000,B,7,77777,A,7,2.4,E,8,0.000,F,8,0.00,F,8,0,1,D,9,00,C,8
07/09/1991,11:00,1089,1321,741,1,10,513,1,16,318,1,10,789,1,10,535,1,16,348,1,10,1250,1,21,9,A,7,2,A,7,21.1,A,7,10.6,A,7,51,A,7,988,A,7,160,A,7,2.6,A,7,24000,B,7,77777,A,7,2.4,E,8,0.000,F,8,0.00,F,8,0,1,D,9,00,C,8
07/09/1991,12:00,1190,1321,795,1,10,536,1,16,311,1,10,860,1,10,561,1,16,354,1,10,1689,1,21,9,A,7,3,A,7,22.8,A,7,10.6,A,7,46,A,7,988,A,7,360,A,7,2.1,A,7,24000,B,7,77777,A,7,2.5,E,8,0.000,F,8,0.00,F,8,0,1,D,9,00,C,8
07/09/1991,13:00,1234,1321,911,1,10,664,1,16,290,1,10,960,1,10,671,1,16,332,1,10,1866,1,21,9,A,7,2,A,7,23.3,A,7,11.1,A,7,46,A,7,987,A,7,50,A,7,2.6,A,7,24000,B,7,77777,A,7,2.5,E,8,0.000,F,8,0.00,F,8,0,1,D,9,00,C,8
07/09/1991,14:00,1217,1321,828,1,10,557,1,16,314,1,10,899,1,10,583,1,16,360,1,10,1918,1,21,9,A,7,3,A,7,24.4,A,7,12.2,A,7,46,A,7,986,A,7,30,A,7,3.1,A,7,24000,B,7,77777,A,7,2.5,E,8,0.000,F,8,0.00,F,8,0,1,D,9,00,C,8
07/09/1991,15:00,1141,1321,810,1,10,655,1,16,244,1,10,856,1,10,665,1,16,281,1,10,1084,1,21,7,A,7,2,A,7,25.0,A,7,12.2,A,7,45,A,7,986,A,7,210,A,7,3.1,A,7,24000,B,7,77777,A,7,2.5,E,8,0.000,F,8,0.00,F,8,0,1,D,9,00,C,8
07/09/1991,16:00,1010,1321,699,1,10,592,1,16,246,1,10,755,1,10,617,1,16,283,1,10,797,1,21,5,A,7,3,A,7,25.6,A,7,17.8,A,7,62,A,7,985,A,7,10,A,7,2.1,A,7,24000,B,7,77777,A,7,2.6,E,8,0.000,F,8,0.00,F,8,0,1,D,9,00,C,8
07/09/1991,17:00,834,1321,524,1,10,528,1,16,190,1,10,564,1,10,545,1,16,220,1,10,465,1,21,5,A,7,2,A,7,26.1,A,7,18.3,A,7,62,A,7,985,A,7,30,A,7,2.6,A,7,24000,B,7,77777,A,7,2.6,E,8,0.000,F,8,0.00,F,8,0,1,D,9,00,C,8
07/09/1991,18:00,624,1321,388,1,10,568,1,16,120,1,10,404,1,10,553,1,16,143,1,10,246,1,21,1,A,7,0,A,7,25.0,A,7,17.8,A,7,64,A,7,984,A,7,30,A,7,2.6,A,7,24000,B,7,77777,A,7,2.6,E,8,0.000,F,8,0.00,F,8,0,1,D,9,00,C,8
07/09/1991,19:00,395,1321,189,1,10,338,1,16,88,1,10,200,1,10,299,1,16,111,1,10,163,1,21,2,A,7,2,A,7,23.9,A,7,16.7,A,7,64,A,7,984,A,7,20,A,7,2.1,A,7,24000,B,7,77777,A,7,2.6,E,8,0.000,F,8,0.00,F,8,0,1,D,9,00,C,8
07/09/1991,20:00,164,1321,63,1,10,35,1,16,58,1,10,68,1,10,25,1,16,65,1,10,129,1,21,5,A,7,3,A,7,21.1,A,7,18.9,A,7,87,A,7,984,A,7,30,A,7,2.1,A,7,24000,B,7,77777,A,7,2.7,E,8,0.000,F,8,0.00,F,8,0,1,D,9,00,C,8
07/09/1991,21:00,7,363,0,1,10,0,1,16,0,1,10,0,1,10,0,1,16,0,1,10,0,1,21,5,A,7,4,A,7,17.2,A,7,13.9,A,7,81,A,7,984,A,7,0,A,7,0.0,A,7,24000,B,7,77777,A,7,2.7,E,8,0.000,F,8,0.00,F,8,0,1,D,9,00,C,8
07/09/1991,22:00,0,0,0,1,0,0,1,0,0,1,0,0,1,0,0,1,0,0,1,0,0,1,0,3,A,7,3,A,7,15.0,A,7,13.3,A,7,90,A,7,985,A,7,0,A,7,0.0,A,7,24000,B,7,77777,A,7,2.7,E,8,0.000,F,8,0.00,F,8,0,1,D,9,00,C,8
07/09/1991,23:00,0,0,0,1,0,0,1,0,0,1,0,0,1,0,0,1,0,0,1,0,0,1,0,2,A,7,2,A,7,13.9,A,7,12.8,A,7,93,A,7,984,A,7,0,A,7,0.0,A,7,24000,B,7,77777,A,7,2.7,E,8,0.000,F,8,0.00,F,8,0,1,D,9,00,C,8
07/09/1991,24:00,0,0,0,1,0,0,1,0,0,1,0,0,1,0,0,1,0,0,1,0,0,1,0,0,A,7,0,A,7,13.9,A,7,12.2,A,7,89,A,7,984,A,7,0,A,7,0.0,A,7,16000,B,7,77777,A,7,2.8,E,8,0.000,F,8,0.00,F,8,0,1,D,9,00,C,8
07/10/1991,01:00,0,0,0,1,0,0,1,0,0,1,0,0,1,0,0,1,0,0,1,0,0,1,0,0,A,7,0,A,7,13.9,A,7,12.8,A,7,93,A,7,984,A,7,0,A,7,0.0,A,7,16000,B,7,77777,A,7,2.8,E,8,0.000,F,8,0.00,F,8,0,1,D,9,00,C,8
07/10/1991,02:00,0,0,0,1,0,0,1,0,0,1,0,0,1,0,0,1,0,0,1,0,0,1,0,4,A,7,4,A,7,13.3,A,7,12.8,A,7,97,A,7,984,A,7,0,A,7,0.0,A,7,24000,B,7,77777,A,7,2.8,E,8,0.000,F,8,0.00,F,8,0,1,D,9,00,C,8
07/10/1991,03:00,0,0,0,1,0,0,1,0,0,1,0,0,1,0,0,1,0,0,1,0,0,1,0,3,A,7,3,A,7,13.9,A,7,13.9,A,7,100,A,7,983,A,7,0,A,7,0.0,A,7,16000,B,7,77777,A,7,2.9,E,8,0.000,F,8,0.00,F,8,0,1,D,9,00,C,8
07/10/1991,04:00,0,0,0,1,0,0,1,0,0,1,0,0,1,0,0,1,0,0,1,0,0,1,0,7,A,7,7,A,7,15.0,A,7,14.4,A,7,96,A,7,983,A,7,0,A,7,0.0,A,7,16000,B,7,3048,A,7,2.9,E,8,0.000,F,8,0.00,F,8,0,1,D,9,00,C,8
07/10/1991,05:00,0,0,0,1,0,0,1,0,0,1,0,0,1,0,0,1,0,0,1,0,0,1,0,9,A,7,9,A,7,15.6,A,7,14.4,A,7,93,A,7,983,A,7,360,A,7,2.6,A,7,16000,B,7,3048,A,7,2.9,E,8,0.000,F,8,0.00,F,8,0,1,D,9,00,C,8
07/10/1991,06:00,68,1090,14,1,10,0,1,16,14,1,10,16,1,10,0,1,16,16,1,10,51,1,21,10,A,7,10,A,7,15.6,A,7,14.4,A,7,93,A,7,984,A,7,130,A,7,1.5,A,7,16000,B,7,3048,A,7,2.9,E,8,0.000,F,8,0.00,F,8,0,1,D,9,00,C,8
07/10/1991,07:00,289,1322,93,1,10,55,1,16,81,1,10,102,1,10,46,1,16,92,1,10,204,1,21,8,A,7,8,A,7,16.7,A,7,15.6,A,7,93,A,7,984,A,7,0,A,7,0.0,A,7,16000,B,7,3048,A,7,3.0,E,8,0.000,F,8,0.00,F,8,0,1,D,9,61,C,8
07/10/1991,08:00,521,1322,86,1,10,0,1,16,86,1,10,102,1,10,0,1,16,102,1,10,372,1,21,10,A,7,10,A,7,18.9,A,7,15.0,A,7,78,A,7,984,A,7,130,A,7,2.6,A,7,16000,B,7,1676,A,7,3.0,E,8,0.000,F,8,0.00,F,8,0,1,D,9,00,C,8
07/10/1991,09:00,741,1322,140,1,10,0,1,16,140,1,10,166,1,10,0,1,16,166,1,10,644,1,21,10,A,7,10,A,7,20.0,A,7,15.0,A,7,73,A,7,984,A,7,120,A,7,1.5,A,7,16000,B,7,1676,A,7,2.9,E,8,0.000,F,8,0.00,F,8,0,1,D,9,00,C,8
07/10/1991,10:00,934,1322,190,1,10,0,1,16,190,1,10,227,1,10,0,1,16,227,1,10,913,1,21,10,A,7,10,A,7,22.2,A,7,13.9,A,7,59,A,7,984,A,7,100,A,7,2.1,A,7,16000,B,7,1494,A,7,2.9,E,8,0.000,F,8,0.00,F,8,0,1,D,9,00,C,8
07/10/1991,11:00,1087,1322,230,1,10,0,1,16,230,1,10,278,1,10,0,1,16,278,1,10,1121,1,21,10,A,7,10,A,7,23.3,A,7,14.4,A,7,57,A,7,984,A,7,140,A,7,2.1,A,7,16000,B,7,1524,A,7,2.9,E,8,0.000,F,8,0.00,F,8,0,1,D,9,00,C,8
07/10/1991,12:00,1189,1322,865,1,10,605,1,16,320,1,10,934,1,10,633,1,16,363,1,10,1732,1,21,6,A,7,6,A,7,26.1,A,7,15.0,A,7,50,A,7,984,A,7,150,A,7,2.1,A,7,16000,B,7,1494,A,7,2.9,E,8,0.000,F,8,0.00,F,8,0,1,D,9,00,C,8
07/10/1991,13:00,1233,1322,846,1,10,614,1,16,272,1,10,895,1,10,623,1,16,313,1,10,1748,1,21,5,A,7,5,A,7,25.6,A,7,16.1,A,7,56,A,7,984,A,7,310,A,7,3.6,A,7,16000,B,7,77777,A,7,2.9,E,8,0.000,F,8,0.00,F,8,0,1,D,9,00,C,8
07/10/1991,14:00,1217,1322,803,1,10,381,1,16,452,1,10,876,1,10,414,1,16,494,1,10,2513,1,21,6,A,7,6,A,7,26.1,A,7,16.7,A,7,56,A,7,983,A,7,230,A,7,3.6,A,7,12800,B,7,1341,A,7,2.9,E,8,0.000,F,8,0.00,F,8,0,1,D,9,00,C,8
07/10/1991,15:00,1140,1322,704,1,10,351,1,16,401,1,10,767,1,10,381,1,16,438,1,10,1727,1,21,6,A,7,6,A,7,26.7,A,7,17.2,A,7,56,A,7,983,A,7,260,A,7,3.6,A,7,12800,B,7,1372,A,7,2.9,E,8,0.000,F,8,0.00,F,8,0,1,D,9,00,C,8
07/10/1991,16:00,1009,1322,683,1,10,490,1,16,309,1,10,722,1,10,509,1,16,332,1,10,1017,1,21,6,A,7,6,A,7,27.2,A,7,17.2,A,7,54,A,7,983,A,7,360,A,7,2.6,A,7,12800,B,7,1372,A,7,2.9,E,8,0.000,F,8,0.00,F,8,0,1,D,9,00,C,8
07/10/1991,17:00,833,1322,410,1,10,267,1,16,241,1,10,445,1,10,285,1,16,265,1,10,613,1,21,6,A,7,6,A,7,26.1,A,7,21.1,A,7,74,A,7,984,A,7,300,A,7,4.1,A,7,16000,B,7,1433,A,7,2.8,E,8,0.000,F,8,0.00,F,8,0,1,D,9,00,C,8
07/10/1991,18:00,623,1322,188,1,10,103,1,16,139,1,10,209,1,10,105,1,16,159,1,10,339,1,21,7,A,7,7,A,7,26.1,A,7,16.1,A,7,54,A,7,983,A,7,280,A,7,2.6,A,7,16000,B,7,3048,A,7,2.8,E,8,0.000,F,8,0.00,F,8,0,1,D,9,00,C,8
07/10/1991,19:00,394,1322,202,1,10,299,1,16,113,1,10,214,1,10,269,1,16,134,1,10,225,1,21,3,A,7,3,A,7,26.1,A,7,19.4,A,7,67,A,7,982,A,7,320,A,7,2.1,A,7,19200,B,7,77777,A,7,2.8,E,8,0.000,F,8,0.00,F,8,0,1,D,9,00,C,8
07/10/1991,20:00,162,1322,50,1,10,75,1,16,40,1,10,54,1,10,46,1,16,48,1,10,84,1,21,5,A,7,4,A,7,23.3,A,7,18.3,A,7,74,A,7,983,A,7,290,A,7,2.1,A,7,16000,B,7,77777,A,7,2.8,E,8,0.000,F,8,0.00,F,8,0,1,D,9,00,C,8
07/10/1991,21:00,7,341,0,1,10,0,1,16,0,1,10,0,1,10,0,1,16,0,1,10,0,1,21,5,A,7,5,A,7,22.2,A,7,18.9,A,7,82,A,7,983,A,7,280,A,7,1.5,A,7,16000,B,7,77777,A,7,2.8,E,8,0.000,F,8,0.00,F,8,0,1,D,9,00,C,8
07/10/1991,22:00,0,0,0,1,0,0,1,0,0,1,0,0,1,0,0,1,0,0,1,0,0,1,0,4,A,7,4,A,7,21.7,A,7,18.3,A,7,81,A,7,983,A,7,300,A,7,3.1,A,7,19200,B,7,77777,A,7,2.8,E,8,0.000,F,8,0.00,F,8,0,1,D,9,00,C,8
07/10/1991,23:00,0,0,0,1,0,0,1,0,0,1,0,0,1,0,0,1,0,0,1,0,0,1,0,3,A,7,3,A,7,20.6,A,7,18.3,A,7,87,A,7,984,A,7,300,A,7,2.6,A,7,19200,B,7,77777,A,7,2.8,E,8,0.000,F,8,0.00,F,8,0,1,D,9,00,C,8
07/10/1991,24:00,0,0,0,1,0,0,1,0,0,1,0,0,1,0,0,1,0,0,1,0,0,1,0,2,A,7,2,A,7,18.9,A,7,18.3,A,7,96,A,7,984,A,7,320,A,7,3.1,A,7,16000,B,7,77777,A,7,2.8,E,8,0.000,F,8,0.00,F,8,0,1,D,9,00,C,8
07/11/1991,01:00,0,0,0,1,0,0,1,0,0,1,0,0,1,0,0,1,0,0,1,0,0,1,0,0,A,7,0,A,7,17.8,A,7,17.2,A,7,96,A,7,984,A,7,310,A,7,1.5,A,7,19200,B,7,77777,A,7,2.8,E,8,0.000,F,8,0.00,F,8,0,1,D,9,00,C,8
07/11/1991,02:00,0,0,0,1,0,0,1,0,0,1,0,0,1,0,0,1,0,0,1,0,0,1,0,3,A,7,3,A,7,17.2,A,7,15.6,A,7,90,A,7,984,A,7,290,A,7,2.1,A,7,19200,B,7,77777,A,7,2.7,E,8,0.000,F,8,0.00,F,8,0,1,D,9,00,C,8
07/11/1991,03:00,0,0,0,1,0,0,1,0,0,1,0,0,1,0,0,1,0,0,1,0,0,1,0,0,A,7,0,A,7,17.2,A,7,16.1,A,7,93,A,7,984,A,7,10,A,7,3.6,A,7,19200,B,7,77777,A,7,2.7,E,8,0.000,F,8,0.00,F,8,0,1,D,9,00,C,8
07/11/1991,04:00,0,0,0,1,0,0,1,0,0,1,0,0,1,0,0,1,0,0,1,0,0,1,0,0,A,7,0,A,7,15.6,A,7,15.6,A,7,100,A,7,985,A,7,360,A,7,1.5,A,7,16000,B,7,77777,A,7,2.7,E,8,0.000,F,8,0.00,F,8,0,1,D,9,00,C,8
07/11/1991,05:00,0,0,0,1,0,0,1,0,0,1,0,0,1,0,0,1,0,0,1,0,0,1,0,0,A,7,0,A,7,15.6,A,7,15.6,A,7,100,A,7,985,A,7,40,A,7,1.5,A,7,12800,B,7,77777,A,7,2.7,E,8,0.000,F,8,0.00,F,8,0,1,D,9,00,C,8
07/11/1991,06:00,66,1068,21,1,10,106,1,16,14,1,10,23,1,10,43,1,16,20,1,10,24,1,21,1,A,7,0,A,7,15.6,A,7,15.6,A,7,100,A,7,985,A,7,0,A,7,0.0,A,7,9600,B,7,77777,A,7,2.7,E,8,0.000,F,8,0.00,F,8,0,1,D,9,00,C,8
07/11/1991,07:00,286,1322,136,1,10,397,1,16,50,1,10,140,1,10,314,1,16,72,1,10,92,1,21,2,A,7,1,A,7,18.3,A,7,16.7,A,7,90,A,7,986,A,7,40,A,7,4.1,A,7,11200,B,7,77777,A,7,2.7,E,8,0.000,F,8,0.00,F,8,0,1,D,9,45,C,8
07/11/1991,08:00,519,1322,327,1,10,606,1,16,89,1,10,342,1,10,574,1,16,116,1,10,176,1,21,6,A,7,0,A,7,21.1,A,7,16.7,A,7,76,A,7,986,A,7,60,A,7,4.6,A,7,12800,B,7,77777,A,7,2.7,E,8,0.000,F,8,0.00,F,8,0,1,D,9,00,C,8
07/11/1991,09:00,739,1322,514,1,10,718,1,16,112,1,10,547,1,10,722,1,16,143,1,10,258,1,21,5,A,7,0,A,7,22.8,A,7,15.6,A,7,64,A,7,987,A,7,50,A,7,4.1,A,7,16000,B,7,77777,A,7,2.7,E,8,0.000,F,8,0.00,F,8,0,1,D,9,00,C,8
07/11/1991,10:00,933,1322,660,1,10,736,1,16,140,1,10,709,1,10,754,1,16,176,1,10,405,1,21,3,A,7,1,A,7,24.4,A,7,16.1,A,7,60,A,7,987,A,7,40,A,7,4.6,A,7,16000,B,7,77777,A,7,2.8,E,8,0.000,F,8,0.00,F,8,0,1,D,9,00,C,8
07/11/1991,11:00,1086,1322,820,1,10,844,1,16,126,1,10,844,1,10,844,1,16,149,1,10,375,1,21,2,A,7,0,A,7,25.6,A,7,15.6,A,7,54,A,7,987,A,7,40,A,7,3.6,A,7,16000,B,7,77777,A,7,2.8,E,8,0.000,F,8,0.00,F,8,0,1,D,9,00,C,8
07/11/1991,12:00,1188,1322,914,1,10,880,1,16,122,1,10,941,1,10,882,1,16,147,1,10,525,1,21,0,A,7,0,A,7,26.7,A,7,15.0,A,7,49,A,7,987,A,7,20,A,7,3.6,A,7,16000,B,7,77777,A,7,2.8,E,8,0.000,F,8,0.00,F,8,0,1,D,9,00,C,8
07/11/1991,13:00,1232,1322,939,1,10,868,1,16,129,1,10,965,1,10,870,1,16,152,1,10,669,1,21,1,A,7,0,A,7,27.8,A,7,16.1,A,7,49,A,7,986,A,7,20,A,7,3.1,A,7,16000,B,7,77777,A,7,2.8,E,8,0.000,F,8,0.00,F,8,0,1,D,9,00,C,8
07/11/1991,14:00,1216,1322,890,1,10,790,1,16,163,1,10,949,1,10,800,1,16,211,1,10,920,1,21,5,A,7,0,A,7,27.2,A,7,16.1,A,7,51,A,7,986,A,7,360,A,7,4.1,A,7,16000,B,7,77777,A,7,2.8,E,8,0.000,F,8,0.00,F,8,0,1,D,9,00,C,8
07/11/1991,15:00,1139,1322,821,1,10,764,1,16,162,1,10,867,1,10,771,1,16,201,1,10,675,1,21,6,A,7,1,A,7,28.3,A,7,16.1,A,7,48,A,7,986,A,7,50,A,7,3.1,A,7,16000,B,7,77777,A,7,2.9,E,8,0.000,F,8,0.00,F,8,0,1,D,9,00,C,8
07/11/1991,16:00,1008,1322,696,1,10,707,1,16,156,1,10,748,1,10,726,1,16,194,1,10,512,1,21,5,A,7,3,A,7,27.8,A,7,16.1,A,7,49,A,7,985,A,7,60,A,7,2.6,A,7,16000,B,7,77777,A,7,2.9,E,8,0.000,F,8,0.00,F,8,0,1,D,9,00,C,8
07/11/1991,17:00,832,1322,546,1,10,644,1,16,140,1,10,579,1,10,652,1,16,168,1,10,349,1,21,6,A,7,2,A,7,28.3,A,7,14.4,A,7,43,A,7,985,A,7,20,A,7,2.6,A,7,16000,B,7,77777,A,7,2.9,E,8,0.000,F,8,0.00,F,8,0,1,D,9,00,C,8
07/11/1991,18:00,622,1322,383,1,10,611,1,16,96,1,10,406,1,10,600,1,16,123,1,10,203,1,21,5,A,7,1,A,7,26.7,A,7,14.4,A,7,47,A,7,985,A,7,40,A,7,3.6,A,7,16000,B,7,77777,A,7,2.9,E,8,0.000,F,8,0.00,F,8,0,1,D,9,00,C,8
07/11/1991,19:00,392,1322,212,1,10,439,1,16,82,1,10,226,1,10,387,1,16,111,1,10,150,1,21,2,A,7,2,A,7,25.6,A,7,15.6,A,7,54,A,7,985,A,7,50,A,7,4.1,A,7,16000,B,7,77777,A,7,3.0,E,8,0.000,F,8,0.00,F,8,0,1,D,9,00,C,8
07/11/1991,20:00,161,1322,62,1,10,218,1,16,35,1,10,65,1,10,126,1,16,49,1,10,62,1,21,4,A,7,1,A,7,22.8,A,7,16.1,A,7,66,A,7,985,A,7,60,A,7,2.1,A,7,16000,B,7,77777,A,7,3.0,E,8,0.000,F,8,0.00,F,8,0,1,D,9,00,C,8
07/11/1991,21:00,6,341,0,1,10,8,1,16,0,1,10,0,1,10,0,1,16,0,1,10,0,1,21,5,A,7,2,A,7,18.9,A,7,13.3,A,7,70,A,7,985,A,7,60,A,7,2.1,A,7,19200,B,7,77777,A,7,3.0,E,8,0.000,F,8,0.00,F,8,0,1,D,9,00,C,8
07/11/1991,22:00,0,0,0,1,0,0,1,0,0,1,0,0,1,0,0,1,0,0,1,0,0,1,0,0,A,7,0,A,7,16.7,A,7,14.4,A,7,86,A,7,985,A,7,60,A,7,2.1,A,7,19200,B,7,77777,A,7,3.0,E,8,0.000,F,8,0.00,F,8,0,1,D,9,00,C,8
07/11/1991,23:00,0,0,0,1,0,0,1,0,0,1,0,0,1,0,0,1,0,0,1,0,0,1,0,5,A,7,2,A,7,16.1,A,7,13.9,A,7,87,A,7,985,A,7,80,A,7,2.1,A,7,24000,B,7,77777,A,7,3.0,E,8,0.000,F,8,0.00,F,8,0,1,D,9,00,C,8
07/11/1991,24:00,0,0,0,1,0,0,1,0,0,1,0,0,1,0,0,1,0,0,1,0,0,1,0,3,A,7,3,A,7,16.7,A,7,13.3,A,7,80,A,7,985,A,7,110,A,7,3.1,A,7,24000,B,7,77777,A,7,3.1,E,8,0.000,F,8,0.00,F,8,0,1,D,9,00,C,8
07/12/1991,01:00,0,0,0,1,0,0,1,0,0,1,0,0,1,0,0,1,0,0,1,0,0,1,0,4,A,7,3,A,7,19.4,A,7,13.9,A,7,70,A,7,984,A,7,120,A,7,4.1,A,7,24000,B,7,77777,A,7,3.1,E,8,0.000,F,8,0.00,F,8,0,1,D,9,00,C,8
07/12/1991,02:00,0,0,0,1,0,0,1,0,0,1,0,0,1,0,0,1,0,0,1,0,0,1,0,5,A,7,4,A,7,18.9,A,7,13.9,A,7,73,A,7,984,A,7,130,A,7,4.6,A,7,24000,B,7,77777,A,7,3.1,E,8,0.000,F,8,0.00,F,8,0,1,D,9,00,C,8
07/12/1991,03:00,0,0,0,1,0,0,1,0,0,1,0,0,1,0,0,1,0,0,1,0,0,1,0,5,A,7,3,A,7,18.9,A,7,13.9,A,7,73,A,7,983,A,7,130,A,7,4.6,A,7,24000,B,7,77777,A,7,3.1,E,8,0.000,F,8,0.00,F,8,0,1,D,9,00,C,8
07/12/1991,04:00,0,0,0,1,0,0,1,0,0,1,0,0,1,0,0,1,0,0,1,0,0,1,0,9,A,7,7,A,7,18.9,A,7,14.4,A,7,75,A,7,983,A,7,140,A,7,4.1,A,7,24000,B,7,1676,A,7,3.2,E,8,0.000,F,8,0.00,F,8,0,1,D,9,00,C,8
07/12/1991,05:00,0,0,0,1,0,0,1,0,0,1,0,0,1,0,0,1,0,0,1,0,0,1,0,10,A,7,10,A,7,18.9,A,7,14.4,A,7,75,A,7,983,A,7,140,A,7,4.1,A,7,24000,B,7,1981,A,7,3.2,E,8,0.000,F,8,0.00,F,8,0,1,D,9,00,C,8
07/12/1991,06:00,64,1046,10,1,10,0,1,16,10,1,10,12,1,10,0,1,16,12,1,10,38,1,21,10,A,7,10,A,7,19.4,A,7,14.4,A,7,73,A,7,982,A,7,140,A,7,4.1,A,7,19200,B,7,2134,A,7,3.2,E,8,0.000,F,8,0.00,F,8,0,1,D,9,00,C,8
07/12/1991,07:00,284,1322,52,1,10,0,1,16,52,1,10,60,1,10,0,1,16,60,1,10,198,1,21,10,A,7,10,A,7,19.4,A,7,15.6,A,7,79,A,7,982,A,7,140,A,7,5.2,A,7,16000,B,7,3962,A,7,3.2,E,8,0.000,F,8,0.00,F,8,0,1,D,9,00,C,8
07/12/1991,08:00,516,1322,111,1,10,37,1,16,97,1,10,123,1,10,35,1,16,109,1,10,294,1,21,10,A,7,9,A,7,20.6,A,7,16.1,A,7,75,A,7,982,A,7,150,A,7,4.6,A,7,16000,B,7,3658,A,7,3.2,E,8,0.000,F,8,0.00,F,8,0,1,D,9,00,C,8
07/12/1991,09:00,737,1322,183,1,10,75,1,16,140,1,10,206,1,10,79,1,16,162,1,10,364,1,21,10,A,7,9,A,7,22.2,A,7,16.7,A,7,71,A,7,981,A,7,120,A,7,4.6,A,7,16000,B,7,2743,A,7,3.2,E,8,0.000,F,8,0.00,F,8,0,1,D,9,00,C,8
07/12/1991,10:00,931,1322,192,1,10,0,1,16,192,1,10,230,1,10,0,1,16,230,1,10,919,1,21,10,A,7,10,A,7,22.2,A,7,15.6,A,7,66,A,7,981,A,7,120,A,7,6.2,A,7,16000,B,7,2591,A,7,3.3,E,8,0.000,F,8,0.00,F,8,0,1,D,9,00,C,8
07/12/1991,11:00,1084,1322,231,1,10,0,1,16,231,1,10,279,1,10,0,1,16,279,1,10,1124,1,21,10,A,7,10,A,7,23.3,A,7,15.6,A,7,62,A,7,980,A,7,140,A,7,7.2,A,7,12800,B,7,1463,A,7,3.3,E,8,0.000,F,8,0.00,F,8,0,1,D,9,00,C,8
07/12/1991,12:00,1187,1322,256,1,10,0,1,16,256,1,10,311,1,10,0,1,16,311,1,10,1243,1,21,10,A,7,10,A,7,20.0,A,7,16.7,A,7,81,A,7,980,A,7,150,A,7,4.1,A,7,8000,B,7,1219,A,7,3.3,E,8,0.000,F,8,0.00,F,8,0,1,D,9,80,C,8
07/12/1991,13:00,1231,1322,267,1,10,0,1,16,267,1,10,325,1,10,0,1,16,325,1,10,1295,1,21,10,A,7,10,A,7,19.4,A,7,18.3,A,7,93,A,7,980,A,7,70,A,7,4.6,A,7,9600,B,7,1097,A,7,3.3,E,8,0.000,F,8,0.00,F,8,0,1,D,9,80,C,8
07/12/1991,14:00,1215,1322,263,1,10,0,1,16,263,1,10,320,1,10,0,1,16,320,1,10,1276,1,21,10,A,7,10,A,7,20.0,A,7,17.2,A,7,84,A,7,980,A,7,70,A,7,3.6,A,7,9600,B,7,945,A,7,3.3,E,8,0.000,F,8,0.00,F,8,0,1,D,9,45,C,8
07/12/1991,15:00,1138,1322,244,1,10,0,1,16,244,1,10,295,1,10,0,1,16,295,1,10,1186,1,21,10,A,7,10,A,7,20.6,A,7,18.3,A,7,87,A,7,979,A,7,70,A,7,4.6,A,7,9600,B,7,914,A,7,3.3,E,8,0.000,F,8,0.00,F,8,0,1,D,9,45,C,8
07/12/1991,16:00,1007,1322,211,1,10,0,1,16,211,1,10,253,1,10,0,1,16,253,1,10,1023,1,21,10,A,7,10,A,7,21.7,A,7,18.9,A,7,84,A,7,978,A,7,60,A,7,6.2,A,7,9600,B,7,945,A,7,3.3,E,8,0.000,F,8,0.00,F,8,0,1,D,9,45,C,8
07/12/1991,17:00,831,1322,166,1,10,0,1,16,166,1,10,197,1,10,0,1,16,197,1,10,778,1,21,10,A,7,10,A,7,21.1,A,7,18.9,A,7,87,A,7,978,A,7,50,A,7,5.2,A,7,9600,B,7,823,A,7,3.3,E,8,0.000,F,8,0.00,F,8,0,1,D,9,45,C,8
07/12/1991,18:00,620,1322,113,1,10,0,1,16,113,1,10,133,1,10,0,1,16,133,1,10,500,1,21,10,A,7,10,A,7,20.0,A,7,18.3,A,7,90,A,7,978,A,7,70,A,7,5.7,A,7,8000,B,7,945,A,7,3.3,E,8,0.000,F,8,0.00,F,8,3,1,D,9,45,C,8
07/12/1991,19:00,391,1322,85,1,10,37,1,16,74,1,10,94,1,10,33,1,16,84,1,10,210,1,21,10,A,7,8,A,7,19.4,A,7,18.9,A,7,97,A,7,977,A,7,90,A,7,5.7,A,7,8000,B,7,2134,A,7,3.3,E,8,0.000,F,8,0.00,F,8,5,1,D,9,45,C,8
07/12/1991,20:00,159,1322,27,1,10,0,1,16,27,1,10,31,1,10,0,1,16,31,1,10,99,1,21,10,A,7,10,A,7,20.6,A,7,18.3,A,7,87,A,7,977,A,7,110,A,7,4.1,A,7,8000,B,7,640,A,7,3.4,E,8,0.000,F,8,0.00,F,8,0,1,D,9,45,C,8
07/12/1991,21:00,6,319,0,1,10,0,1,16,0,1,10,0,1,10,0,1,16,0,1,10,0,1,21,10,A,7,10,A,7,19.4,A,7,18.3,A,7,93,A,7,978,A,7,10,A,7,1.5,A,7,8000,B,7,549,A,7,3.4,E,8,0.000,F,8,0.00,F,8,0,1,D,9,45,C,8
07/12/1991,22:00,0,0,0,1,0,0,1,0,0,1,0,0,1,0,0,1,0,0,1,0,0,1,0,10,A,7,10,A,7,18.9,A,7,18.3,A,7,96,A,7,978,A,7,80,A,7,3.6,A,7,6400,B,7,549,A,7,3.4,E,8,0.000,F,8,0.00,F,8,0,1,D,9,45,C,8
07/12/1991,23:00,0,0,0,1,0,0,1,0,0,1,0,0,1,0,0,1,0,0,1,0,0,1,0,10,A,7,10,A,7,19.4,A,7,18.9,A,7,97,A,7,978,A,7,90,A,7,2.6,A,7,6400,B,7,396,A,7,3.4,E,8,0.000,F,8,0.00,F,8,0,1,D,9,45,C,8
07/12/1991,24:00,0,0,0,1,0,0,1,0,0,1,0,0,1,0,0,1,0,0,1,0,0,1,0,10,A,7,10,A,7,19.4,A,7,18.3,A,7,93,A,7,977,A,7,80,A,7,2.6,A,7,6400,B,7,335,A,7,3.4,E,8,0.000,F,8,0.00,F,8,0,1,D,9,45,C,8
07/13/1991,01:00,0,0,0,1,0,0,1,0,0,1,0,0,1,0,0,1,0,0,1,0,0,1,0,10,A,7,10,A,7,18.9,A,7,18.9,A,7,100,A,7,977,A,7,50,A,7,2.6,A,7,4000,B,7,335,A,7,3.4,E,8,0.000,F,8,0.00,F,8,46,1,D,9,45,C,8
07/13/1991,02:00,0,0,0,1,0,0,1,0,0,1,0,0,1,0,0,1,0,0,1,0,0,1,0,10,A,7,10,A,7,18.3,A,7,18.3,A,7,100,A,7,977,A,7,20,A,7,3.1,A,7,4000,B,7,274,A,7,3.4,E,8,0.000,F,8,0.00,F,8,0,1,D,9,45,C,8
07/13/1991,03:00,0,0,0,1,0,0,1,0,0,1,0,0,1,0,0,1,0,0,1,0,0,1,0,10,A,7,10,A,7,17.8,A,7,17.8,A,7,100,A,7,977,A,7,350,A,7,3.1,A,7,1600,B,7,91,A,7,3.4,E,8,0.000,F,8,0.00,F,8,0,1,D,9,45,C,8
07/13/1991,04:00,0,0,0,1,0,0,1,0,0,1,0,0,1,0,0,1,0,0,1,0,0,1,0,10,A,7,10,A,7,17.2,A,7,17.2,A,7,100,A,7,977,A,7,20,A,7,5.2,A,7,1600,B,7,91,A,7,3.4,E,8,0.000,F,8,0.00,F,8,0,1,D,9,45,C,8
07/13/1991,05:00,0,0,0,1,0,0,1,0,0,1,0,0,1,0,0,1,0,0,1,0,0,1,0,10,A,7,10,A,7,16.1,A,7,16.1,A,7,100,A,7,977,A,7,40,A,7,5.7,A,7,4000,B,7,152,A,7,3.4,E,8,0.000,F,8,0.00,F,8,0,1,D,9,45,C,8
07/13/1991,06:00,62,1024,7,1,10,0,1,16,7,1,10,9,1,10,0,1,16,9,1,10,27,1,21,10,A,7,10,A,7,16.1,A,7,16.1,A,7,100,A,7,978,A,7,20,A,7,3.6,A,7,4000,B,7,152,A,7,3.5,E,8,0.000,F,8,0.00,F,8,0,1,D,9,45,C,8
07/13/1991,07:00,281,1322,32,1,10,0,1,16,32,1,10,38,1,10,0,1,16,38,1,10,132,1,21,10,A,7,10,A,7,16.7,A,7,16.7,A,7,100,A,7,978,A,7,20,A,7,3.6,A,7,1600,B,7,152,A,7,3.5,E,8,0.000,F,8,0.00,F,8,0,1,D,9,45,C,8
07/13/1991,08:00,514,1322,59,1,10,0,1,16,59,1,10,72,1,10,0,1,16,72,1,10,268,1,21,10,A,7,10,A,7,16.7,A,7,16.7,A,7,100,A,7,979,A,7,20,A,7,4.1,A,7,1600,B,7,152,A,7,3.4,E,8,0.000,F,8,0.00,F,8,3,1,D,9,45,C,8
07/13/1991,09:00,735,1322,97,1,10,0,1,16,97,1,10,118,1,10,0,1,16,118,1,10,470,1,21,10,A,7,10,A,7,16.1,A,7,16.1,A,7,100,A,7,979,A,7,10,A,7,4.6,A,7,1600,B,7,91,A,7,3.4,E,8,0.000,F,8,0.00,F,8,0,1,D,9,45,C,8
07/13/1991,10:00,929,1322,132,1,10,0,1,16,132,1,10,162,1,10,0,1,16,162,1,10,669,1,21,10,A,7,10,A,7,16.7,A,7,16.7,A,7,100,A,7,980,A,7,350,A,7,4.1,A,7,1200,B,7,91,A,7,3.4,E,8,0.000,F,8,0.00,F,8,3,1,D,9,45,C,8
07/13/1991,11:00,1083,1322,160,1,10,0,1,16,160,1,10,198,1,10,0,1,16,198,1,10,825,1,21,10,A,7,10,A,7,17.2,A,7,16.7,A,7,97,A,7,981,A,7,360,A,7,4.1,A,7,2400,B,7,122,A,7,3.4,E,8,0.000,F,8,0.00,F,8,0,1,D,9,45,C,8
07/13/1991,12:00,1185,1322,213,1,10,0,1,16,213,1,10,262,1,10,0,1,16,262,1,10,1068,1,21,10,A,7,10,A,7,18.9,A,7,17.8,A,7,93,A,7,981,A,7,350,A,7,4.1,A,7,3200,B,7,274,A,7,3.3,E,8,0.000,F,8,0.00,F,8,0,1,D,9,45,C,8
07/13/1991,13:00,1230,1322,835,1,10,380,1,16,480,1,10,906,1,10,412,1,16,522,1,10,2835,1,21,9,A,7,7,A,7,20.0,A,7,18.9,A,7,93,A,7,981,A,7,10,A,7,4.6,A,7,8000,B,7,610,A,7,3.3,E,8,0.000,F,8,0.00,F,8,0,1,D,9,45,C,8
07/13/1991,14:00,1214,1322,262,1,10,0,1,16,262,1,10,319,1,10,0,1,16,319,1,10,1272,1,21,10,A,7,10,A,7,20.6,A,7,17.8,A,7,84,A,7,982,A,7,360,A,7,4.6,A,7,9600,B,7,701,A,7,3.3,E,8,0.000,F,8,0.00,F,8,0,1,D,9,45,C,8
07/13/1991,15:00,1137,1322,478,1,10,86,1,16,403,1,10,527,1,10,89,1,16,450,1,10,1770,1,21,7,A,7,7,A,7,22.2,A,7,17.2,A,7,73,A,7,982,A,7,350,A,7,4.6,A,7,11200,B,7,975,A,7,3.3,E,8,0.000,F,8,0.00,F,8,0,1,D,9,45,C,8
07/13/1991,16:00,1006,1322,558,1,10,258,1,16,361,1,10,602,1,10,279,1,16,389,1,10,1182,1,21,8,A,7,8,A,7,22.8,A,7,17.2,A,7,71,A,7,982,A,7,20,A,7,4.1,A,7,16000,B,7,914,A,7,3.3,E,8,0.000,F,8,0.00,F,8,0,1,D,9,00,C,8
07/13/1991,17:00,830,1322,536,1,10,524,1,16,207,1,10,573,1,10,539,1,16,234,1,10,508,1,21,5,A,7,4,A,7,23.3,A,7,17.2,A,7,69,A,7,982,A,7,20,A,7,4.1,A,7,16000,B,7,77777,A,7,3.2,E,8,0.000,F,8,0.00,F,8,0,1,D,9,00,C,8
07/13/1991,18:00,619,1322,368,1,10,535,1,16,118,1,10,384,1,10,520,1,16,140,1,10,241,1,21,1,A,7,1,A,7,24.4,A,7,15.0,A,7,56,A,7,982,A,7,30,A,7,3.6,A,7,16000,B,7,77777,A,7,3.2,E,8,0.000,F,8,0.00,F,8,0,1,D,9,00,C,8
07/13/1991,19:00,389,1322,189,1,10,374,1,16,79,1,10,202,1,10,329,1,16,105,1,10,144,1,21,1,A,7,1,A,7,23.9,A,7,15.6,A,7,60,A,7,983,A,7,30,A,7,3.1,A,7,16000,B,7,77777,A,7,3.2,E,8,0.000,F,8,0.00,F,8,0,1,D,9,00,C,8
07/13/1991,20:00,158,1322,48,1,10,45,1,16,43,1,10,53,1,10,27,1,16,49,1,10,90,1,21,8,A,7,3,A,7,20.0,A,7,16.7,A,7,81,A,7,983,A,7,340,A,7,1.5,A,7,16000,B,7,77777,A,7,3.2,E,8,0.000,F,8,0.00,F,8,0,1,D,9,00,C,8
07/13/1991,21:00,6,319,0,1,10,0,1,16,0,1,10,0,1,10,0,1,16,0,1,10,0,1,21,10,A,7,10,A,7,17.8,A,7,17.2,A,7,96,A,7,984,A,7,330,A,7,2.1,A,7,9600,B,7,1219,A,7,3.1,E,8,0.000,F,8,0.00,F,8,5,1,D,9,00,C,8
07/13/1991,22:00,0,0,0,1,0,0,1,0,0,1,0,0,1,0,0,1,0,0,1,0,0,1,0,9,A,7,9,A,7,17.8,A,7,17.2,A,7,96,A,7,984,A,7,0,A,7,0.0,A,7,11200,B,7,2438,A,7,3.1,E,8,0.000,F,8,0.00,F,8,3,1,D,9,45,C,8
07/13/1991,23:00,0,0,0,1,0,0,1,0,0,1,0,0,1,0,0,1,0,0,1,0,0,1,0,10,A,7,10,A,7,17.8,A,7,16.7,A,7,93,A,7,985,A,7,350,A,7,2.6,A,7,16000,B,7,3048,A,7,3.1,E,8,0.000,F,8,0.00,F,8,0,1,D,9,00,C,8
07/13/1991,24:00,0,0,0,1,0,0,1,0,0,1,0,0,1,0,0,1,0,0,1,0,0,1,0,10,A,7,10,A,7,17.8,A,7,16.7,A,7,93,A,7,985,A,7,360,A,7,3.1,A,7,16000,B,7,3658,A,7,3.1,E,8,0.000,F,8,0.00,F,8,0,1,D,9,00,C,8
07/14/1991,01:00,0,0,0,1,0,0,1,0,0,1,0,0,1,0,0,1,0,0,1,0,0,1,0,10,A,7,10,A,7,17.2,A,7,16.7,A,7,97,A,7,986,A,7,360,A,7,1.5,A,7,19200,B,7,3353,A,7,3.0,E,8,0.000,F,8,0.00,F,8,0,1,D,9,00,C,8
07/14/1991,02:00,0,0,0,1,0,0,1,0,0,1,0,0,1,0,0,1,0,0,1,0,0,1,0,5,A,7,5,A,7,17.2,A,7,17.2,A,7,100,A,7,986,A,7,330,A,7,3.6,A,7,11200,B,7,77777,A,7,3.0,E,8,0.000,F,8,0.00,F,8,0,1,D,9,00,C,8
07/14/1991,03:00,0,0,0,1,0,0,1,0,0,1,0,0,1,0,0,1,0,0,1,0,0,1,0,8,A,7,8,A,7,16.7,A,7,16.7,A,7,100,A,7,986,A,7,330,A,7,3.1,A,7,8000,B,7,3353,A,7,3.0,E,8,0.000,F,8,0.00,F,8,0,1,D,9,00,C,8
07/14/1991,04:00,0,0,0,1,0,0,1,0,0,1,0,0,1,0,0,1,0,0,1,0,0,1,0,10,A,7,9,A,7,16.7,A,7,16.7,A,7,100,A,7,986,A,7,340,A,7,4.1,A,7,9600,B,7,3353,A,7,3.0,E,8,0.000,F,8,0.00,F,8,0,1,D,9,45,C,8
07/14/1991,05:00,0,0,0,1,0,0,1,0,0,1,0,0,1,0,0,1,0,0,1,0,0,1,0,4,A,7,4,A,7,15.6,A,7,15.6,A,7,100,A,7,987,A,7,340,A,7,3.6,A,7,9600,B,7,77777,A,7,3.0,E,8,0.000,F,8,0.00,F,8,0,1,D,9,45,C,8
07/14/1991,06:00,60,1024,13,1,10,1,1,16,13,1,10,15,1,10,0,1,16,15,1,10,47,1,21,1,A,7,1,A,7,15.6,A,7,15.6,A,7,100,A,7,987,A,7,360,A,7,3.1,A,7,9600,B,7,77777,A,7,2.9,E,8,0.000,F,8,0.00,F,8,0,1,D,9,45,C,8
07/14/1991,07:00,279,1322,103,1,10,124,1,16,77,1,10,112,1,10,99,1,16,91,1,10,166,1,21,0,A,7,0,A,7,16.7,A,7,15.6,A,7,93,A,7,988,A,7,10,A,7,4.1,A,7,12800,B,7,77777,A,7,2.9,E,8,0.000,F,8,0.00,F,8,0,1,D,9,45,C,8
07/14/1991,08:00,512,1322,262,1,10,319,1,16,138,1,10,280,1,10,313,1,16,159,1,10,282,1,21,0,A,7,0,A,7,18.3,A,7,15.6,A,7,84,A,7,988,A,7,350,A,7,4.1,A,7,12800,B,7,77777,A,7,2.9,E,8,0.000,F,8,0.00,F,8,0,1,D,9,00,C,8
07/14/1991,09:00,733,1322,449,1,10,460,1,16,194,1,10,475,1,10,467,1,16,215,1,10,434,1,21,0,A,7,0,A,7,21.1,A,7,16.7,A,7,76,A,7,988,A,7,330,A,7,3.6,A,7,12800,B,7,77777,A,7,2.8,E,8,0.000,F,8,0.00,F,8,0,1,D,9,00,C,8
07/14/1991,10:00,927,1322,625,1,10,552,1,16,238,1,10,670,1,10,573,1,16,267,1,10,668,1,21,0,A,7,0,A,7,22.2,A,7,17.2,A,7,73,A,7,989,A,7,320,A,7,3.6,A,7,16000,B,7,77777,A,7,2.8,E,8,0.000,F,8,0.00,F,8,0,1,D,9,00,C,8
07/14/1991,11:00,1081,1322,768,1,10,610,1,16,269,1,10,801,1,10,613,1,16,299,1,10,989,1,21,0,A,7,0,A,7,22.8,A,7,16.7,A,7,68,A,7,989,A,7,340,A,7,4.1,A,7,16000,B,7,77777,A,7,2.8,E,8,0.000,F,8,0.00,F,8,0,1,D,9,00,C,8
07/14/1991,12:00,1184,1322,823,1,10,587,1,16,296,1,10,861,1,10,591,1,16,331,1,10,1509,1,21,1,A,7,1,A,7,23.9,A,7,16.1,A,7,62,A,7,989,A,7,330,A,7,3.6,A,7,16000,B,7,77777,A,7,2.7,E,8,0.000,F,8,0.00,F,8,0,1,D,9,00,C,8
07/14/1991,13:00,1229,1322,802,1,10,300,1,16,522,1,10,865,1,10,325,1,16,562,1,10,3094,1,21,5,A,7,5,A,7,25.6,A,7,14.4,A,7,50,A,7,989,A,7,350,A,7,4.6,A,7,16000,B,7,77777,A,7,2.7,E,8,0.000,F,8,0.00,F,8,0,1,D,9,00,C,8
07/14/1991,14:00,1213,1322,748,1,10,387,1,16,393,1,10,824,1,10,421,1,16,437,1,10,2120,1,21,6,A,7,6,A,7,26.1,A,7,14.4,A,7,48,A,7,989,A,7,340,A,7,4.1,A,7,19200,B,7,1524,A,7,2.7,E,8,0.000,F,8,0.00,F,8,0,1,D,9,00,C,8
07/14/1991,15:00,1136,1322,750,1,10,478,1,16,339,1,10,799,1,10,499,1,16,370,1,10,1529,1,21,4,A,7,4,A,7,26.1,A,7,14.4,A,7,48,A,7,989,A,7,310,A,7,1.5,A,7,19200,B,7,77777,A,7,2.6,E,8,0.000,F,8,0.00,F,8,0,1,D,9,00,C,8
07/14/1991,16:00,1005,1322,618,1,10,252,1,16,426,1,10,669,1,10,266,1,16,467,1,10,1418,1,21,5,A,7,5,A,7,26.7,A,7,14.4,A,7,47,A,7,989,A,7,60,A,7,4.1,A,7,24000,B,7,77777,A,7,2.6,E,8,0.000,F,8,0.00,F,8,0,1,D,9,00,C,8
07/14/1991,17:00,828,1322,512,1,10,450,1,16,229,1,10,540,1,10,463,1,16,250,1,10,566,1,21,4,A,7,4,A,7,25.0,A,7,18.9,A,7,69,A,7,989,A,7,40,A,7,2.6,A,7,24000,B,7,77777,A,7,2.6,E,8,0.000,F,8,0.00,F,8,0,1,D,9,00,C,8
07/14/1991,18:00,618,1322,277,1,10,202,1,16,183,1,10,304,1,10,205,1,16,208,1,10,446,1,21,2,A,7,2,A,7,25.6,A,7,22.8,A,7,85,A,7,989,A,7,50,A,7,2.6,A,7,24000,B,7,77777,A,7,2.5,E,8,0.000,F,8,0.00,F,8,0,1,D,9,00,C,8
07/14/1991,19:00,388,1322,171,1,10,221,1,16,105,1,10,181,1,10,198,1,16,123,1,10,206,1,21,0,A,7,0,A,7,25.0,A,7,21.7,A,7,82,A,7,989,A,7,320,A,7,2.6,A,7,24000,B,7,77777,A,7,2.5,E,8,0.000,F,8,0.00,F,8,0,1,D,9,00,C,8
07/14/1991,20:00,156,1322,46,1,10,29,1,16,43,1,10,51,1,10,20,1,16,48,1,10,102,1,21,0,A,7,0,A,7,22.2,A,7,18.3,A,7,79,A,7,989,A,7,0,A,7,0.0,A,7,24000,B,7,77777,A,7,2.5,E,8,0.000,F,8,0.00,F,8,0,1,D,9,00,C,8
07/14/1991,21:00,5,297,0,1,10,0,1,16,0,1,10,0,1,10,0,1,16,0,1,10,0,1,21,0,A,7,0,A,7,17.2,A,7,15.0,A,7,87,A,7,990,A,7,0,A,7,0.0,A,7,24000,B,7,77777,A,7,2.4,E,8,0.000,F,8,0.00,F,8,0,1,D,9,00,C,8
07/14/1991,22:00,0,0,0,1,0,0,1,0,0,1,0,0,1,0,0,1,0,0,1,0,0,1,0,0,A,7,0,A,7,15.0,A,7,14.4,A,7,96,A,7,990,A,7,0,A,7,0.0,A,7,24000,B,7,77777,A,7,2.4,E,8,0.000,F,8,0.00,F,8,0,1,D,9,00,C,8
07/14/1991,23:00,0,0,0,1,0,0,1,0,0,1,0,0,1,0,0,1,0,0,1,0,0,1,0,0,A,7,0,A,7,13.9,A,7,13.3,A,7,96,A,7,991,A,7,0,A,7,0.0,A,7,24000,B,7,77777,A,7,2.4,E,8,0.000,F,8,0.00,F,8,0,1,D,9,00,C,8
07/14/1991,24:00,0,0,0,1,0,0,1,0,0,1,0,0,1,0,0,1,0,0,1,0,0,1,0,0,A,7,0,A,7,12.8,A,7,12.8,A,7,100,A,7,990,A,7,0,A,7,0.0,A,7,24000,B,7,77777,A,7,2.3,E,8,0.000,F,8,0.00,F,8,0,1,D,9,00,C,8
07/15/1991,01:00,0,0,0,1,0,0,1,0,0,1,0,0,1,0,0,1,0,0,1,0,0,1,0,0,A,7,0,A,7,12.2,A,7,12.2,A,7,100,A,7,990,A,7,0,A,7,0.0,A,7,24000,B,7,77777,A,7,2.3,E,8,0.000,F,8,0.00,F,8,0,1,D,9,00,C,8
07/15/1991,02:00,0,0,0,1,0,0,1,0,0,1,0,0,1,0,0,1,0,0,1,0,0,1,0,0,A,7,0,A,7,11.7,A,7,11.7,A,7,100,A,7,991,A,7,0,A,7,0.0,A,7,24000,B,7,77777,A,7,2.3,E,8,0.000,F,8,0.00,F,8,0,1,D,9,00,C,8
07/15/1991,03:00,0,0,0,1,0,0,1,0,0,1,0,0,1,0,0,1,0,0,1,0,0,1,0,0,A,7,0,A,7,12.2,A,7,11.1,A,7,93,A,7,991,A,7,0,A,7,0.0,A,7,24000,B,7,77777,A,7,2.2,E,8,0.000,F,8,0.00,F,8,0,1,D,9,00,C,8
07/15/1991,04:00,0,0,0,1,0,0,1,0,0,1,0,0,1,0,0,1,0,0,1,0,0,1,0,0,A,7,0,A,7,12.8,A,7,11.1,A,7,89,A,7,992,A,7,0,A,7,0.0,A,7,24000,B,7,77777,A,7,2.2,E,8,0.000,F,8,0.00,F,8,0,1,D,9,00,C,8
07/15/1991,05:00,0,0,0,1,0,0,1,0,0,1,0,0,1,0,0,1,0,0,1,0,0,1,0,0,A,7,0,A,7,10.6,A,7,10.6,A,7,100,A,7,992,A,7,50,A,7,1.5,A,7,24000,B,7,77777,A,7,2.2,E,8,0.000,F,8,0.00,F,8,0,1,D,9,00,C,8
07/15/1991,06:00,58,1003,17,1,10,98,1,16,12,1,10,20,1,10,38,1,16,18,1,10,20,1,21,0,A,7,0,A,7,11.1,A,7,11.1,A,7,100,A,7,993,A,7,0,A,7,0.0,A,7,24000,B,7,77777,A,7,2.1,E,8,0.000,F,8,0.00,F,8,0,1,D,9,00,C,8
07/15/1991,07:00,276,1322,141,1,10,462,1,16,44,1,10,146,1,10,363,1,16,70,1,10,82,1,21,0,A,7,0,A,7,16.7,A,7,14.4,A,7,86,A,7,993,A,7,0,A,7,0.0,A,7,24000,B,7,77777,A,7,2.1,E,8,0.000,F,8,0.00,F,8,0,1,D,9,00,C,8
07/15/1991,08:00,509,1322,323,1,10,665,1,16,67,1,10,337,1,10,627,1,16,95,1,10,136,1,21,0,A,7,0,A,7,21.1,A,7,15.6,A,7,71,A,7,993,A,7,230,A,7,2.1,A,7,24000,B,7,77777,A,7,2.1,E,8,0.000,F,8,0.00,F,8,0,1,D,9,00,C,8
07/15/1991,09:00,731,1322,513,1,10,771,1,16,87,1,10,545,1,10,767,1,16,120,1,10,200,1,21,0,A,7,0,A,7,23.3,A,7,15.6,A,7,62,A,7,993,A,7,200,A,7,3.6,A,7,24000,B,7,77777,A,7,2.1,E,8,0.000,F,8,0.00,F,8,0,1,D,9,00,C,8
07/15/1991,10:00,926,1322,686,1,10,831,1,16,103,1,10,710,1,10,828,1,16,130,1,10,244,1,21,0,A,7,0,A,7,25.6,A,7,14.4,A,7,50,A,7,994,A,7,260,A,7,3.6,A,7,24000,B,7,77777,A,7,2.2,E,8,0.000,F,8,0.00,F,8,0,1,D,9,00,C,8
07/15/1991,11:00,1080,1322,780,1,10,778,1,16,144,1,10,827,1,10,786,1,16,184,1,10,514,1,21,1,A,7,1,A,7,26.1,A,7,13.9,A,7,47,A,7,994,A,7,310,A,7,1.5,A,7,24000,B,7,77777,A,7,2.2,E,8,0.000,F,8,0.00,F,8,0,1,D,9,00,C,8
07/15/1991,12:00,1183,1322,855,1,10,824,1,16,117,1,10,882,1,10,826,1,16,141,1,10,500,1,21,1,A,7,1,A,7,26.7,A,7,14.4,A,7,47,A,7,994,A,7,290,A,7,5.2,A,7,24000,B,7,77777,A,7,2.2,E,8,0.000,F,8,0.00,F,8,0,1,D,9,00,C,8
07/15/1991,13:00,1228,1322,926,1,10,868,1,16,119,1,10,954,1,10,871,1,16,144,1,10,617,1,21,1,A,7,1,A,7,27.2,A,7,12.2,A,7,39,A,7,993,A,7,300,A,7,3.1,A,7,24000,B,7,77777,A,7,2.2,E,8,0.000,F,8,0.00,F,8,0,1,D,9,00,C,8
07/15/1991,14:00,1212,1322,879,1,10,829,1,16,118,1,10,906,1,10,832,1,16,142,1,10,568,1,21,1,A,7,1,A,7,27.8,A,7,12.8,A,7,40,A,7,993,A,7,290,A,7,5.2,A,7,24000,B,7,77777,A,7,2.2,E,8,0.000,F,8,0.00,F,8,0,1,D,9,00,C,8
07/15/1991,15:00,1135,1322,790,1,10,720,1,16,171,1,10,829,1,10,724,1,16,205,1,10,693,1,21,2,A,7,2,A,7,28.3,A,7,13.9,A,7,41,A,7,993,A,7,250,A,7,2.1,A,7,24000,B,7,77777,A,7,2.3,E,8,0.000,F,8,0.00,F,8,0,1,D,9,00,C,8
07/15/1991,16:00,1004,1322,623,1,10,627,1,16,146,1,10,672,1,10,645,1,16,182,1,10,478,1,21,3,A,7,3,A,7,28.9,A,7,13.3,A,7,38,A,7,992,A,7,240,A,7,3.1,A,7,24000,B,7,77777,A,7,2.3,E,8,0.000,F,8,0.00,F,8,0,1,D,9,00,C,8
07/15/1991,17:00,827,1322,536,1,10,681,1,16,110,1,10,564,1,10,680,1,16,138,1,10,262,1,21,1,A,7,1,A,7,28.9,A,7,13.3,A,7,38,A,7,992,A,7,240,A,7,3.1,A,7,24000,B,7,77777,A,7,2.3,E,8,0.000,F,8,0.00,F,8,0,1,D,9,00,C,8
07/15/1991,18:00,616,1322,395,1,10,670,1,16,82,1,10,412,1,10,650,1,16,108,1,10,171,1,21,1,A,7,1,A,7,27.8,A,7,12.8,A,7,40,A,7,991,A,7,240,A,7,5.2,A,7,24000,B,7,77777,A,7,2.3,E,8,0.000,F,8,0.00,F,8,0,1,D,9,00,C,8
07/15/1991,19:00,386,1322,222,1,10,573,1,16,55,1,10,234,1,10,507,1,16,86,1,10,107,1,21,0,A,7,0,A,7,26.7,A,7,12.8,A,7,42,A,7,991,A,7,270,A,7,3.1,A,7,24000,B,7,77777,A,7,2.3,E,8,0.000,F,8,0.00,F,8,0,1,D,9,00,C,8
07/15/1991,20:00,154,1322,62,1,10,276,1,16,30,1,10,63,1,10,166,1,16,44,1,10,54,1,21,0,A,7,0,A,7,25.0,A,7,12.8,A,7,47,A,7,991,A,7,210,A,7,2.6,A,7,24000,B,7,77777,A,7,2.4,E,8,0.000,F,8,0.00,F,8,0,1,D,9,00,C,8
07/15/1991,21:00,5,297,0,1,10,10,1,16,0,1,10,0,1,10,0,1,16,0,1,10,0,1,21,0,A,7,0,A,7,18.9,A,7,15.6,A,7,81,A,7,991,A,7,0,A,7,0.0,A,7,24000,B,7,77777,A,7,2.4,E,8,0.000,F,8,0.00,F,8,0,1,D,9,00,C,8
07/15/1991,22:00,0,0,0,1,0,0,1,0,0,1,0,0,1,0,0,1,0,0,1,0,0,1,0,0,A,7,0,A,7,17.8,A,7,14.4,A,7,80,A,7,992,A,7,280,A,7,2.6,A,7,24000,B,7,77777,A,7,2.4,E,8,0.000,F,8,0.00,F,8,0,1,D,9,00,C,8
07/15/1991,23:00,0,0,0,1,0,0,1,0,0,1,0,0,1,0,0,1,0,0,1,0,0,1,0,0,A,7,0,A,7,17.8,A,7,15.6,A,7,87,A,7,992,A,7,280,A,7,2.6,A,7,24000,B,7,77777,A,7,2.4,E,8,0.000,F,8,0.00,F,8,0,1,D,9,00,C,8
07/15/1991,24:00,0,0,0,1,0,0,1,0,0,1,0,0,1,0,0,1,0,0,1,0,0,1,0,0,A,7,0,A,7,16.7,A,7,15.6,A,7,93,A,7,992,A,7,130,A,7,1.5,A,7,24000,B,7,77777,A,7,2.4,E,8,0.000,F,8,0.00,F,8,0,1,D,9,00,C,8
07/16/1991,01:00,0,0,0,1,0,0,1,0,0,1,0,0,1,0,0,1,0,0,1,0,0,1,0,0,A,7,0,A,7,15.6,A,7,15.6,A,7,100,A,7,992,A,7,0,A,7,0.0,A,7,24000,B,7,77777,A,7,2.5,E,8,0.000,F,8,0.00,F,8,0,1,D,9,00,C,8
07/16/1991,02:00,0,0,0,1,0,0,1,0,0,1,0,0,1,0,0,1,0,0,1,0,0,1,0,0,A,7,0,A,7,14.4,A,7,14.4,A,7,100,A,7,992,A,7,0,A,7,0.0,A,7,24000,B,7,77777,A,7,2.5,E,8,0.000,F,8,0.00,F,8,0,1,D,9,00,C,8
07/16/1991,03:00,0,0,0,1,0,0,1,0,0,1,0,0,1,0,0,1,0,0,1,0,0,1,0,0,A,7,0,A,7,15.6,A,7,15.0,A,7,96,A,7,992,A,7,190,A,7,1.5,A,7,24000,B,7,77777,A,7,2.5,E,8,0.000,F,8,0.00,F,8,0,1,D,9,00,C,8
07/16/1991,04:00,0,0,0,1,0,0,1,0,0,1,0,0,1,0,0,1,0,0,1,0,0,1,0,0,A,7,0,A,7,12.8,A,7,12.8,A,7,100,A,7,993,A,7,0,A,7,0.0,A,7,16000,B,7,77777,A,7,2.5,E,8,0.000,F,8,0.00,F,8,0,1,D,9,00,C,8
07/16/1991,05:00,0,0,0,1,0,0,1,0,0,1,0,0,1,0,0,1,0,0,1,0,0,1,0,0,A,7,0,A,7,15.0,A,7,14.4,A,7,96,A,7,993,A,7,180,A,7,1.5,A,7,16000,B,7,77777,A,7,2.5,E,8,0.000,F,8,0.00,F,8,0,1,D,9,00,C,8
07/16/1991,06:00,56,981,15,1,10,46,1,16,12,1,10,16,1,10,15,1,16,16,1,10,20,1,21,0,A,7,0,A,7,14.4,A,7,13.9,A,7,97,A,7,993,A,7,0,A,7,0.0,A,7,19200,B,7,77777,A,7,2.6,E,8,0.000,F,8,0.00,F,8,0,1,D,9,00,C,8
07/16/1991,07:00,273,1322,128,1,10,360,1,16,54,1,10,131,1,10,278,1,16,74,1,10,97,1,21,0,A,7,0,A,7,20.0,A,7,15.0,A,7,73,A,7,994,A,7,0,A,7,0.0,A,7,19200,B,7,77777,A,7,2.6,E,8,0.000,F,8,0.00,F,8,0,1,D,9,00,C,8
07/16/1991,08:00,507,1322,305,1,10,578,1,16,84,1,10,320,1,10,545,1,16,111,1,10,166,1,21,0,A,7,0,A,7,23.3,A,7,16.7,A,7,66,A,7,994,A,7,0,A,7,0.0,A,7,19200,B,7,77777,A,7,2.7,E,8,0.000,F,8,0.00,F,8,0,1,D,9,00,C,8
07/16/1991,09:00,729,1322,489,1,10,663,1,16,123,1,10,516,1,10,663,1,16,150,1,10,277,1,21,3,A,7,0,A,7,25.6,A,7,17.2,A,7,60,A,7,994,A,7,230,A,7,2.6,A,7,19200,B,7,77777,A,7,2.7,E,8,0.000,F,8,0.00,F,8,0,1,D,9,00,C,8
07/16/1991,10:00,924,1322,665,1,10,758,1,16,135,1,10,695,1,10,759,1,16,164,1,10,348,1,21,1,A,7,0,A,7,27.2,A,7,17.8,A,7,56,A,7,994,A,7,270,A,7,5.2,A,7,19200,B,7,77777,A,7,2.8,E,8,0.000,F,8,0.00,F,8,0,1,D,9,00,C,8
07/16/1991,11:00,1078,1322,617,1,10,409,1,16,283,1,10,664,1,10,427,1,16,315,1,10,1074,1,21,5,A,7,5,A,7,28.3,A,7,17.2,A,7,51,A,7,993,A,7,280,A,7,4.1,A,7,19200,B,7,77777,A,7,2.9,E,8,0.000,F,8,0.00,F,8,0,1,D,9,00,C,8
07/16/1991,12:00,1181,1322,751,1,10,544,1,16,265,1,10,793,1,10,551,1,16,300,1,10,1348,1,21,5,A,7,5,A,7,28.9,A,7,17.2,A,7,49,A,7,993,A,7,280,A,7,6.2,A,7,19200,B,7,77777,A,7,3.0,E,8,0.000,F,8,0.00,F,8,0,1,D,9,00,C,8
07/16/1991,13:00,1227,1322,838,1,10,677,1,16,209,1,10,903,1,10,695,1,16,257,1,10,1314,1,21,4,A,7,3,A,7,29.4,A,7,17.2,A,7,48,A,7,992,A,7,230,A,7,4.1,A,7,19200,B,7,77777,A,7,3.1,E,8,0.000,F,8,0.00,F,8,0,1,D,9,00,C,8
07/16/1991,14:00,1210,1322,871,1,10,652,1,16,274,1,10,920,1,10,660,1,16,314,1,10,1571,1,21,7,A,7,2,A,7,30.0,A,7,17.2,A,7,46,A,7,992,A,7,270,A,7,5.2,A,7,19200,B,7,77777,A,7,3.1,E,8,0.000,F,8,0.00,F,8,0,1,D,9,00,C,8
07/16/1991,15:00,1134,1322,777,1,10,623,1,16,242,1,10,821,1,10,632,1,16,278,1,10,1051,1,21,5,A,7,3,A,7,30.6,A,7,17.2,A,7,45,A,7,991,A,7,220,A,7,6.2,A,7,19200,B,7,77777,A,7,3.2,E,8,0.000,F,8,0.00,F,8,0,1,D,9,00,C,8
07/16/1991,16:00,1003,1322,691,1,10,639,1,16,207,1,10,729,1,10,647,1,16,237,1,10,652,1,21,7,A,7,2,A,7,30.6,A,7,17.8,A,7,46,A,7,991,A,7,270,A,7,6.2,A,7,19200,B,7,77777,A,7,3.3,E,8,0.000,F,8,0.00,F,8,0,1,D,9,00,C,8
07/16/1991,17:00,826,1322,500,1,10,483,1,16,198,1,10,536,1,10,497,1,16,225,1,10,482,1,21,6,A,7,3,A,7,30.0,A,7,17.8,A,7,48,A,7,990,A,7,240,A,7,5.2,A,7,19200,B,7,77777,A,7,3.4,E,8,0.000,F,8,0.00,F,8,0,1,D,9,00,C,8
07/16/1991,18:00,615,1322,321,1,10,309,1,16,177,1,10,344,1,10,316,1,16,197,1,10,384,1,21,5,A,7,2,A,7,28.9,A,7,15.0,A,7,43,A,7,990,A,7,230,A,7,6.2,A,7,19200,B,7,77777,A,7,3.5,E,8,0.000,F,8,0.00,F,8,0,1,D,9,00,C,8
07/16/1991,19:00,384,1322,145,1,10,230,1,16,78,1,10,158,1,10,206,1,16,98,1,10,145,1,21,8,A,7,3,A,7,28.3,A,7,15.6,A,7,46,A,7,990,A,7,220,A,7,5.7,A,7,19200,B,7,77777,A,7,3.5,E,8,0.000,F,8,0.00,F,8,0,1,D,9,00,C,8
07/16/1991,20:00,152,1322,60,1,10,97,1,16,48,1,10,64,1,10,57,1,16,57,1,10,101,1,21,6,A,7,2,A,7,26.7,A,7,15.6,A,7,51,A,7,990,A,7,200,A,7,4.1,A,7,19200,B,7,77777,A,7,3.6,E,8,0.000,F,8,0.00,F,8,0,1,D,9,00,C,8
07/16/1991,21:00,4,275,0,1,10,1,1,16,0,1,10,0,1,10,0,1,16,0,1,10,0,1,21,5,A,7,3,A,7,22.2,A,7,17.2,A,7,73,A,7,990,A,7,230,A,7,1.5,A,7,19200,B,7,77777,A,7,3.7,E,8,0.000,F,8,0.00,F,8,0,1,D,9,00,C,8
07/16/1991,22:00,0,0,0,1,0,0,1,0,0,1,0,0,1,0,0,1,0,0,1,0,0,1,0,4,A,7,1,A,7,20.0,A,7,17.2,A,7,84,A,7,989,A,7,0,A,7,0.0,A,7,19200,B,7,77777,A,7,3.8,E,8,0.000,F,8,0.00,F,8,0,1,D,9,00,C,8
07/16/1991,23:00,0,0,0,1,0,0,1,0,0,1,0,0,1,0,0,1,0,0,1,0,0,1,0,6,A,7,3,A,7,18.9,A,7,17.2,A,7,90,A,7,989,A,7,180,A,7,1.5,A,7,24000,B,7,77777,A,7,3.9,E,8,0.000,F,8,0.00,F,8,0,1,D,9,00,C,8
07/16/1991,24:00,0,0,0,1,0,0,1,0,0,1,0,0,1,0,0,1,0,0,1,0,0,1,0,2,A,7,0,A,7,21.1,A,7,17.2,A,7,78,A,7,988,A,7,190,A,7,3.6,A,7,19200,B,7,77777,A,7,3.9,E,8,0.000,F,8,0.00,F,8,0,1,D,9,00,C,8
07/17/1991,01:00,0,0,0,1,0,0,1,0,0,1,0,0,1,0,0,1,0,0,1,0,0,1,0,2,A,7,0,A,7,20.0,A,7,17.2,A,7,84,A,7,988,A,7,200,A,7,3.1,A,7,19200,B,7,77777,A,7,4.0,E,8,0.000,F,8,0.00,F,8,0,1,D,9,00,C,8
07/17/1991,02:00,0,0,0,1,0,0,1,0,0,1,0,0,1,0,0,1,0,0,1,0,0,1,0,0,A,7,0,A,7,21.1,A,7,16.7,A,7,76,A,7,988,A,7,220,A,7,5.2,A,7,19200,B,7,77777,A,7,4.1,E,8,0.000,F,8,0.00,F,8,0,1,D,9,00,C,8
07/17/1991,03:00,0,0,0,1,0,0,1,0,0,1,0,0,1,0,0,1,0,0,1,0,0,1,0,0,A,7,0,A,7,21.1,A,7,15.6,A,7,71,A,7,988,A,7,230,A,7,4.6,A,7,19200,B,7,77777,A,7,4.2,E,8,0.000,F,8,0.00,F,8,0,1,D,9,00,C,8
07/17/1991,04:00,0,0,0,1,0,0,1,0,0,1,0,0,1,0,0,1,0,0,1,0,0,1,0,0,A,7,0,A,7,20.6,A,7,15.0,A,7,70,A,7,987,A,7,210,A,7,5.7,A,7,19200,B,7,77777,A,7,4.3,E,8,0.000,F,8,0.00,F,8,0,1,D,9,00,C,8
07/17/1991,05:00,0,0,0,1,0,0,1,0,0,1,0,0,1,0,0,1,0,0,1,0,0,1,0,2,A,7,2,A,7,21.1,A,7,15.0,A,7,68,A,7,987,A,7,220,A,7,6.2,A,7,19200,B,7,77777,A,7,4.3,E,8,0.000,F,8,0.00,F,8,0,1,D,9,00,C,8
07/17/1991,06:00,54,959,19,1,10,34,1,16,17,1,10,21,1,10,14,1,16,20,1,10,35,1,21,6,A,7,3,A,7,20.6,A,7,15.0,A,7,70,A,7,987,A,7,220,A,7,5.2,A,7,19200,B,7,77777,A,7,4.4,E,8,0.000,F,8,0.00,F,8,0,1,D,9,00,C,8
07/17/1991,07:00,271,1322,59,1,10,16,1,16,56,1,10,65,1,10,13,1,16,62,1,10,148,1,21,10,A,7,9,A,7,21.1,A,7,15.6,A,7,71,A,7,987,A,7,230,A,7,5.7,A,7,19200,B,7,7620,A,7,4.5,E,8,0.000,F,8,0.00,F,8,0,1,D,9,00,C,8
07/17/1991,08:00,504,1322,91,1,10,0,1,16,91,1,10,107,1,10,0,1,16,107,1,10,385,1,21,10,A,7,10,A,7,23.3,A,7,16.7,A,7,66,A,7,987,A,7,240,A,7,4.6,A,7,16000,B,7,1829,A,7,4.5,E,8,0.000,F,8,0.00,F,8,0,1,D,9,00,C,8
07/17/1991,09:00,727,1322,455,1,10,452,1,16,207,1,10,478,1,10,458,1,16,226,1,10,464,1,21,10,A,7,6,A,7,24.4,A,7,17.8,A,7,67,A,7,987,A,7,230,A,7,5.7,A,7,14400,B,7,2134,A,7,4.5,E,8,0.000,F,8,0.00,F,8,0,1,D,9,00,C,8
07/17/1991,10:00,922,1322,244,1,10,0,1,16,244,1,10,286,1,10,0,1,16,286,1,10,1103,1,21,10,A,7,10,A,7,26.1,A,7,18.3,A,7,62,A,7,987,A,7,240,A,7,7.2,A,7,12800,B,7,3962,A,7,4.5,E,8,0.000,F,8,0.00,F,8,0,1,D,9,00,C,8
07/17/1991,11:00,1076,1322,422,1,10,282,1,16,191,1,10,471,1,10,296,1,16,230,1,10,708,1,21,10,A,7,7,A,7,28.3,A,7,18.9,A,7,57,A,7,987,A,7,250,A,7,6.7,A,7,11200,B,7,7620,A,7,4.5,E,8,0.000,F,8,0.00,F,8,0,1,D,9,00,C,8
07/17/1991,12:00,1180,1322,310,1,10,11,1,16,300,1,10,371,1,10,9,1,16,363,1,10,1406,1,21,10,A,7,9,A,7,27.8,A,7,19.4,A,7,60,A,7,986,A,7,240,A,7,8.2,A,7,11200,B,7,7620,A,7,4.5,E,8,0.000,F,8,0.00,F,8,0,1,D,9,00,C,8
07/17/1991,13:00,1225,1322,711,1,10,446,1,16,298,1,10,778,1,10,467,1,16,343,1,10,1879,1,21,10,A,7,5,A,7,28.3,A,7,19.4,A,7,59,A,7,985,A,7,230,A,7,7.2,A,7,9600,B,7,77777,A,7,4.5,E,8,0.000,F,8,0.00,F,8,0,1,D,9,00,C,8
07/17/1991,14:00,1209,1322,775,1,10,534,1,16,287,1,10,849,1,10,560,1,16,336,1,10,1677,1,21,9,A,7,4,A,7,29.4,A,7,20.0,A,7,57,A,7,985,A,7,250,A,7,9.3,A,7,9600,B,7,77777,A,7,4.4,E,8,0.000,F,8,0.00,F,8,0,1,D,9,05,C,8
07/17/1991,15:00,1133,1322,448,1,10,163,1,16,307,1,10,500,1,10,175,1,16,350,1,10,1267,1,21,9,A,7,6,A,7,29.4,A,7,20.6,A,7,59,A,7,985,A,7,230,A,7,6.2,A,7,9600,B,7,3962,A,7,4.4,E,8,0.000,F,8,0.00,F,8,0,1,D,9,05,C,8
07/17/1991,16:00,1002,1322,645,1,10,279,1,16,433,1,10,697,1,10,294,1,16,474,1,10,1434,1,21,8,A,7,8,A,7,27.8,A,7,20.6,A,7,65,A,7,985,A,7,270,A,7,5.7,A,7,9600,B,7,3658,A,7,4.4,E,8,0.000,F,8,0.00,F,8,0,1,D,9,05,C,8
07/17/1991,17:00,824,1322,493,1,10,514,1,16,173,1,10,537,1,10,530,1,16,206,1,10,415,1,21,5,A,7,2,A,7,29.4,A,7,21.1,A,7,61,A,7,984,A,7,260,A,7,5.2,A,7,8000,B,7,77777,A,7,4.4,E,8,0.000,F,8,0.00,F,8,0,1,D,9,05,C,8
07/17/1991,18:00,613,1322,258,1,10,303,1,16,117,1,10,280,1,10,301,1,16,140,1,10,233,1,21,3,A,7,3,A,7,28.9,A,7,21.7,A,7,65,A,7,984,A,7,250,A,7,5.7,A,7,8000,B,7,77777,A,7,4.4,E,8,0.000,F,8,0.00,F,8,0,1,D,9,05,C,8
07/17/1991,19:00,382,1322,199,1,10,460,1,16,66,1,10,207,1,10,402,1,16,90,1,10,124,1,21,4,A,7,1,A,7,27.8,A,7,20.6,A,7,65,A,7,984,A,7,260,A,7,6.2,A,7,8000,B,7,77777,A,7,4.4,E,8,0.000,F,8,0.00,F,8,0,1,D,9,05,C,8
07/17/1991,20:00,149,1322,48,1,10,71,1,16,39,1,10,51,1,10,42,1,16,47,1,10,82,1,21,8,A,7,3,A,7,25.0,A,7,20.0,A,7,74,A,7,984,A,7,260,A,7,4.1,A,7,6400,B,7,77777,A,7,4.4,E,8,0.000,F,8,0.00,F,8,0,1,D,9,05,C,8
07/17/1991,21:00,4,253,0,1,10,5,1,16,0,1,10,0,1,10,0,1,16,0,1,10,0,1,21,4,A,7,1,A,7,23.3,A,7,20.6,A,7,85,A,7,984,A,7,250,A,7,3.6,A,7,6400,B,7,77777,A,7,4.4,E,8,0.000,F,8,0.00,F,8,0,1,D,9,05,C,8
07/17/1991,22:00,0,0,0,1,0,0,1,0,0,1,0,0,1,0,0,1,0,0,1,0,0,1,0,6,A,7,3,A,7,22.2,A,7,19.4,A,7,84,A,7,984,A,7,240,A,7,4.1,A,7,6400,B,7,77777,A,7,4.4,E,8,0.000,F,8,0.00,F,8,0,1,D,9,45,C,8
07/17/1991,23:00,0,0,0,1,0,0,1,0,0,1,0,0,1,0,0,1,0,0,1,0,0,1,0,5,A,7,2,A,7,21.1,A,7,19.4,A,7,90,A,7,984,A,7,250,A,7,4.1,A,7,8000,B,7,77777,A,7,4.4,E,8,0.000,F,8,0.00,F,8,0,1,D,9,45,C,8
07/17/1991,24:00,0,0,0,1,0,0,1,0,0,1,0,0,1,0,0,1,0,0,1,0,0,1,0,3,A,7,0,A,7,19.4,A,7,18.9,A,7,97,A,7,984,A,7,290,A,7,1.5,A,7,6400,B,7,77777,A,7,4.4,E,8,0.000,F,8,0.00,F,8,0,1,D,9,45,C,8
07/18/1991,01:00,0,0,0,1,0,0,1,0,0,1,0,0,1,0,0,1,0,0,1,0,0,1,0,3,A,7,0,A,7,19.4,A,7,18.9,A,7,97,A,7,983,A,7,250,A,7,2.6,A,7,6400,B,7,77777,A,7,4.4,E,8,0.000,F,8,0.00,F,8,0,1,D,9,45,C,8
07/18/1991,02:00,0,0,0,1,0,0,1,0,0,1,0,0,1,0,0,1,0,0,1,0,0,1,0,2,A,7,0,A,7,18.9,A,7,18.3,A,7,96,A,7,983,A,7,270,A,7,1.5,A,7,6400,B,7,77777,A,7,4.3,E,8,0.000,F,8,0.00,F,8,0,1,D,9,45,C,8
07/18/1991,03:00,0,0,0,1,0,0,1,0,0,1,0,0,1,0,0,1,0,0,1,0,0,1,0,3,A,7,0,A,7,18.9,A,7,18.3,A,7,96,A,7,983,A,7,0,A,7,0.0,A,7,6400,B,7,77777,A,7,4.3,E,8,0.000,F,8,0.00,F,8,0,1,D,9,45,C,8
07/18/1991,04:00,0,0,0,1,0,0,1,0,0,1,0,0,1,0,0,1,0,0,1,0,0,1,0,6,A,7,5,A,7,19.4,A,7,18.9,A,7,97,A,7,983,A,7,200,A,7,2.1,A,7,6400,B,7,7620,A,7,4.3,E,8,0.000,F,8,0.00,F,8,0,1,D,9,45,C,8
07/18/1991,05:00,0,0,0,1,0,0,1,0,0,1,0,0,1,0,0,1,0,0,1,0,0,1,0,3,A,7,0,A,7,19.4,A,7,18.9,A,7,97,A,7,983,A,7,180,A,7,2.1,A,7,6400,B,7,77777,A,7,4.3,E,8,0.000,F,8,0.00,F,8,0,1,D,9,45,C,8
07/18/1991,06:00,52,937,15,1,10,16,1,16,14,1,10,17,1,10,7,1,16,16,1,10,29,1,21,9,A,7,2,A,7,20.0,A,7,19.4,A,7,96,A,7,984,A,7,0,A,7,0.0,A,7,6400,B,7,77777,A,7,4.3,E,8,0.000,F,8,0.00,F,8,0,1,D,9,45,C,8
07/18/1991,07:00,268,1322,99,1,10,89,1,16,81,1,10,107,1,10,70,1,16,93,1,10,174,1,21,9,A,7,4,A,7,21.7,A,7,20.0,A,7,90,A,7,984,A,7,200,A,7,2.1,A,7,3200,B,7,77777,A,7,4.3,E,8,0.000,F,8,0.00,F,8,0,1,D,9,45,C,8
07/18/1991,08:00,502,1322,254,1,10,289,1,16,144,1,10,271,1,10,282,1,16,164,1,10,297,1,21,2,A,7,2,A,7,24.4,A,7,21.1,A,7,82,A,7,984,A,7,230,A,7,2.6,A,7,4000,B,7,77777,A,7,4.3,E,8,0.000,F,8,0.00,F,8,0,1,D,9,45,C,8
07/18/1991,09:00,724,1322,206,1,10,157,1,16,119,1,10,231,1,10,166,1,16,140,1,10,254,1,21,8,A,7,8,A,7,26.1,A,7,22.2,A,7,79,A,7,984,A,7,230,A,7,3.1,A,7,4800,B,7,3962,A,7,4.2,E,8,0.000,F,8,0.00,F,8,0,1,D,9,05,C,8
07/18/1991,10:00,920,1322,426,1,10,205,1,16,283,1,10,469,1,10,217,1,16,318,1,10,852,1,21,9,A,7,7,A,7,27.2,A,7,22.2,A,7,74,A,7,984,A,7,220,A,7,5.2,A,7,4800,B,7,1524,A,7,4.2,E,8,0.000,F,8,0.00,F,8,0,1,D,9,05,C,8
07/18/1991,11:00,1075,1322,745,1,10,663,1,16,205,1,10,791,1,10,676,1,16,241,1,10,763,1,21,6,A,7,3,A,7,29.4,A,7,22.2,A,7,65,A,7,984,A,7,240,A,7,5.7,A,7,6400,B,7,77777,A,7,4.2,E,8,0.000,F,8,0.00,F,8,0,1,D,9,05,C,8
07/18/1991,12:00,1178,1322,753,1,10,566,1,16,248,1,10,798,1,10,575,1,16,284,1,10,1253,1,21,7,A,7,7,A,7,30.0,A,7,21.7,A,7,61,A,7,984,A,7,230,A,7,5.7,A,7,8000,B,7,3962,A,7,4.2,E,8,0.000,F,8,0.00,F,8,0,1,D,9,05,C,8
07/18/1991,13:00,1224,1322,836,1,10,561,1,16,317,1,10,908,1,10,587,1,16,363,1,10,1989,1,21,4,A,7,4,A,7,32.2,A,7,22.8,A,7,58,A,7,983,A,7,260,A,7,8.2,A,7,8000,B,7,77777,A,7,4.1,E,8,0.000,F,8,0.00,F,8,0,1,D,9,05,C,8
07/18/1991,14:00,1208,1322,715,1,10,197,1,16,535,1,10,777,1,10,209,1,16,586,1,10,2696,1,21,7,A,7,7,A,7,31.7,A,7,21.7,A,7,56,A,7,983,A,7,220,A,7,6.2,A,7,8000,B,7,1311,A,7,4.1,E,8,0.000,F,8,0.00,F,8,0,1,D,9,05,C,8
07/18/1991,15:00,1132,1322,545,1,10,215,1,16,361,1,10,598,1,10,234,1,16,398,1,10,1499,1,21,8,A,7,8,A,7,32.8,A,7,22.2,A,7,54,A,7,982,A,7,240,A,7,6.2,A,7,8000,B,7,1433,A,7,4.1,E,8,0.000,F,8,0.00,F,8,0,1,D,9,05,C,8
07/18/1991,16:00,1000,1322,593,1,10,546,1,16,180,1,10,631,1,10,557,1,16,209,1,10,573,1,21,5,A,7,4,A,7,32.2,A,7,22.2,A,7,56,A,7,982,A,7,230,A,7,6.2,A,7,8000,B,7,77777,A,7,4.0,E,8,0.000,F,8,0.00,F,8,0,1,D,9,05,C,8
07/18/1991,17:00,823,1322,499,1,10,489,1,16,194,1,10,535,1,10,503,1,16,222,1,10,469,1,21,5,A,7,4,A,7,32.8,A,7,21.7,A,7,52,A,7,982,A,7,240,A,7,7.7,A,7,9600,B,7,77777,A,7,4.0,E,8,0.000,F,8,0.00,F,8,0,1,D,9,05,C,8
07/18/1991,18:00,611,1322,360,1,10,463,1,16,146,1,10,382,1,10,458,1,16,170,1,10,296,1,21,7,A,7,2,A,7,31.7,A,7,21.7,A,7,56,A,7,981,A,7,230,A,7,5.2,A,7,9600,B,7,77777,A,7,4.0,E,8,0.000,F,8,0.00,F,8,0,1,D,9,05,C,8
07/18/1991,19:00,380,1322,169,1,10,279,1,16,88,1,10,177,1,10,243,1,16,107,1,10,163,1,21,5,A,7,5,A,7,30.0,A,7,21.7,A,7,61,A,7,981,A,7,270,A,7,5.2,A,7,9600,B,7,77777,A,7,3.9,E,8,0.000,F,8,0.00,F,8,0,1,D,9,05,C,8
07/18/1991,20:00,147,1322,51,1,10,167,1,16,32,1,10,53,1,10,91,1,16,43,1,10,57,1,21,1,A,7,1,A,7,27.2,A,7,20.6,A,7,67,A,7,981,A,7,260,A,7,3.6,A,7,9600,B,7,77777,A,7,3.9,E,8,0.000,F,8,0.00,F,8,0,1,D,9,05,C,8
07/18/1991,21:00,3,253,0,1,10,2,1,16,0,1,10,0,1,10,0,1,16,0,1,10,0,1,21,0,A,7,0,A,7,26.1,A,7,20.0,A,7,69,A,7,981,A,7,220,A,7,2.6,A,7,9600,B,7,77777,A,7,3.9,E,8,0.000,F,8,0.00,F,8,0,1,D,9,05,C,8
07/18/1991,22:00,0,0,0,1,0,0,1,0,0,1,0,0,1,0,0,1,0,0,1,0,0,1,0,0,A,7,0,A,7,26.1,A,7,20.6,A,7,72,A,7,982,A,7,260,A,7,1.5,A,7,9600,B,7,77777,A,7,3.9,E,8,0.000,F,8,0.00,F,8,0,1,D,9,05,C,8
07/18/1991,23:00,0,0,0,1,0,0,1,0,0,1,0,0,1,0,0,1,0,0,1,0,0,1,0,3,A,7,1,A,7,24.4,A,7,19.4,A,7,74,A,7,982,A,7,200,A,7,2.1,A,7,9600,B,7,77777,A,7,3.8,E,8,0.000,F,8,0.00,F,8,0,1,D,9,05,C,8
07/18/1991,24:00,0,0,0,1,0,0,1,0,0,1,0,0,1,0,0,1,0,0,1,0,0,1,0,0,A,7,0,A,7,25.0,A,7,21.1,A,7,79,A,7,983,A,7,220,A,7,4.6,A,7,9600,B,7,77777,A,7,3.8,E,8,0.000,F,8,0.00,F,8,0,1,D,9,05,C,8
07/19/1991,01:00,0,0,0,1,0,0,1,0,0,1,0,0,1,0,0,1,0,0,1,0,0,1,0,2,A,7,2,A,7,24.4,A,7,21.1,A,7,82,A,7,983,A,7,230,A,7,3.6,A,7,9600,B,7,77777,A,7,3.8,E,8,0.000,F,8,0.00,F,8,0,1,D,9,05,C,8
07/19/1991,02:00,0,0,0,1,0,0,1,0,0,1,0,0,1,0,0,1,0,0,1,0,0,1,0,0,A,7,0,A,7,24.4,A,7,20.6,A,7,79,A,7,982,A,7,220,A,7,4.6,A,7,8000,B,7,77777,A,7,3.7,E,8,0.000,F,8,0.00,F,8,0,1,D,9,05,C,8
07/19/1991,03:00,0,0,0,1,0,0,1,0,0,1,0,0,1,0,0,1,0,0,1,0,0,1,0,0,A,7,0,A,7,23.9,A,7,20.0,A,7,79,A,7,982,A,7,210,A,7,4.6,A,7,6400,B,7,77777,A,7,3.7,E,8,0.000,F,8,0.00,F,8,0,1,D,9,05,C,8
07/19/1991,04:00,0,0,0,1,0,0,1,0,0,1,0,0,1,0,0,1,0,0,1,0,0,1,0,0,A,7,0,A,7,23.3,A,7,20.0,A,7,82,A,7,982,A,7,220,A,7,4.6,A,7,6400,B,7,77777,A,7,3.7,E,8,0.000,F,8,0.00,F,8,0,1,D,9,05,C,8
07/19/1991,05:00,0,0,0,1,0,0,1,0,0,1,0,0,1,0,0,1,0,0,1,0,0,1,0,2,A,7,2,A,7,22.8,A,7,20.0,A,7,84,A,7,982,A,7,220,A,7,5.2,A,7,6400,B,7,77777,A,7,3.6,E,8,0.000,F,8,0.00,F,8,0,1,D,9,05,C,8
07/19/1991,06:00,50,915,11,1,10,0,1,16,11,1,10,13,1,10,0,1,16,13,1,10,41,1,21,1,A,7,0,A,7,22.8,A,7,19.4,A,7,81,A,7,983,A,7,230,A,7,4.6,A,7,6400,B,7,77777,A,7,3.6,E,8,0.000,F,8,0.00,F,8,0,1,D,9,05,C,8
07/19/1991,07:00,265,1323,83,1,10,44,1,16,74,1,10,91,1,10,36,1,16,83,1,10,184,1,21,4,A,7,4,A,7,23.3,A,7,20.0,A,7,82,A,7,983,A,7,220,A,7,4.6,A,7,6400,B,7,77777,A,7,3.6,E,8,0.000,F,8,0.00,F,8,0,1,D,9,05,C,8
07/19/1991,08:00,499,1323,243,1,10,259,1,16,145,1,10,259,1,10,252,1,16,163,1,10,300,1,21,0,A,7,0,A,7,25.0,A,7,20.0,A,7,74,A,7,984,A,7,240,A,7,6.2,A,7,6400,B,7,77777,A,7,3.6,E,8,0.000,F,8,0.00,F,8,0,1,D,9,05,C,8
07/19/1991,09:00,722,1323,427,1,10,399,1,16,209,1,10,461,1,10,419,1,16,232,1,10,485,1,21,0,A,7,0,A,7,27.2,A,7,20.6,A,7,67,A,7,984,A,7,240,A,7,6.7,A,7,6400,B,7,77777,A,7,3.6,E,8,0.000,F,8,0.00,F,8,0,1,D,9,05,C,8
07/19/1991,10:00,918,1323,603,1,10,494,1,16,260,1,10,639,1,10,511,1,16,283,1,10,724,1,21,0,A,7,0,A,7,28.9,A,7,21.1,A,7,63,A,7,984,A,7,260,A,7,6.2,A,7,8000,B,7,77777,A,7,3.7,E,8,0.000,F,8,0.00,F,8,0,1,D,9,05,C,8
07/19/1991,11:00,1073,1323,746,1,10,555,1,16,296,1,10,799,1,10,579,1,16,329,1,10,1112,1,21,0,A,7,0,A,7,30.0,A,7,21.1,A,7,59,A,7,984,A,7,220,A,7,6.2,A,7,9600,B,7,77777,A,7,3.7,E,8,0.000,F,8,0.00,F,8,0,1,D,9,05,C,8
07/19/1991,12:00,1177,1323,839,1,10,562,1,16,338,1,10,899,1,10,587,1,16,375,1,10,1744,1,21,3,A,7,0,A,7,31.7,A,7,21.7,A,7,56,A,7,984,A,7,230,A,7,6.7,A,7,9600,B,7,77777,A,7,3.7,E,8,0.000,F,8,0.00,F,8,0,1,D,9,05,C,8
07/19/1991,13:00,1223,1323,886,1,10,591,1,16,339,1,10,955,1,10,618,1,16,382,1,10,2116,1,21,2,A,7,0,A,7,32.2,A,7,20.6,A,7,50,A,7,983,A,7,260,A,7,7.2,A,7,8000,B,7,77777,A,7,3.7,E,8,0.000,F,8,0.00,F,8,0,1,D,9,05,C,8
07/19/1991,14:00,1207,1323,872,1,10,577,1,16,344,1,10,935,1,10,603,1,16,384,1,10,1999,1,21,3,A,7,0,A,7,32.8,A,7,20.0,A,7,47,A,7,983,A,7,240,A,7,7.2,A,7,9600,B,7,77777,A,7,3.7,E,8,0.000,F,8,0.00,F,8,0,1,D,9,05,C,8
07/19/1991,15:00,1130,1323,798,1,10,560,1,16,320,1,10,856,1,10,585,1,16,355,1,10,1409,1,21,2,A,7,0,A,7,33.9,A,7,18.3,A,7,40,A,7,983,A,7,230,A,7,7.7,A,7,9600,B,7,77777,A,7,3.8,E,8,0.000,F,8,0.00,F,8,0,1,D,9,05,C,8
07/19/1991,16:00,999,1323,636,1,10,374,1,16,353,1,10,687,1,10,404,1,16,381,1,10,1138,1,21,6,A,7,3,A,7,33.3,A,7,19.4,A,7,44,A,7,983,A,7,230,A,7,7.7,A,7,9600,B,7,77777,A,7,3.8,E,8,0.000,F,8,0.00,F,8,0,1,D,9,05,C,8
07/19/1991,17:00,821,1323,481,1,10,363,1,16,255,1,10,519,1,10,387,1,16,278,1,10,649,1,21,6,A,7,2,A,7,33.3,A,7,21.1,A,7,49,A,7,982,A,7,240,A,7,7.2,A,7,9600,B,7,77777,A,7,3.8,E,8,0.000,F,8,0.00,F,8,0,1,D,9,05,C,8
07/19/1991,18:00,609,1323,315,1,10,288,1,16,182,1,10,337,1,10,294,1,16,201,1,10,397,1,21,3,A,7,1,A,7,32.2,A,7,18.3,A,7,44,A,7,982,A,7,210,A,7,4.6,A,7,8000,B,7,77777,A,7,3.8,E,8,0.000,F,8,0.00,F,8,0,1,D,9,05,C,8
07/19/1991,19:00,378,1323,155,1,10,160,1,16,109,1,10,169,1,10,144,1,16,128,1,10,242,1,21,2,A,7,1,A,7,31.1,A,7,18.9,A,7,48,A,7,982,A,7,250,A,7,4.1,A,7,8000,B,7,77777,A,7,3.8,E,8,0.000,F,8,0.00,F,8,0,1,D,9,05,C,8
07/19/1991,20:00,144,1323,40,1,10,9,1,16,39,1,10,44,1,10,0,1,16,44,1,10,126,1,21,3,A,7,3,A,7,28.3,A,7,19.4,A,7,59,A,7,983,A,7,220,A,7,3.1,A,7,8000,B,7,77777,A,7,3.9,E,8,0.000,F,8,0.00,F,8,0,1,D,9,05,C,8
07/19/1991,21:00,3,231,0,1,10,0,1,16,0,1,10,0,1,10,0,1,16,0,1,10,0,1,21,1,A,7,0,A,7,24.4,A,7,19.4,A,7,74,A,7,983,A,7,0,A,7,0.0,A,7,9600,B,7,77777,A,7,3.9,E,8,0.000,F,8,0.00,F,8,0,1,D,9,05,C,8
07/19/1991,22:00,0,0,0,1,0,0,1,0,0,1,0,0,1,0,0,1,0,0,1,0,0,1,0,0,A,7,0,A,7,23.3,A,7,19.4,A,7,79,A,7,983,A,7,180,A,7,2.6,A,7,9600,B,7,77777,A,7,3.9,E,8,0.000,F,8,0.00,F,8,0,1,D,9,05,C,8
07/19/1991,23:00,0,0,0,1,0,0,1,0,0,1,0,0,1,0,0,1,0,0,1,0,0,1,0,1,A,7,1,A,7,24.4,A,7,18.9,A,7,71,A,7,984,A,7,180,A,7,2.6,A,7,8000,B,7,77777,A,7,3.9,E,8,0.000,F,8,0.00,F,8,0,1,D,9,05,C,8
07/19/1991,24:00,0,0,0,1,0,0,1,0,0,1,0,0,1,0,0,1,0,0,1,0,0,1,0,3,A,7,3,A,7,26.1,A,7,20.0,A,7,69,A,7,984,A,7,190,A,7,4.1,A,7,8000,B,7,77777,A,7,4.0,E,8,0.000,F,8,0.00,F,8,0,1,D,9,05,C,8
07/20/1991,01:00,0,0,0,1,0,0,1,0,0,1,0,0,1,0,0,1,0,0,1,0,0,1,0,5,A,7,5,A,7,26.1,A,7,20.0,A,7,69,A,7,984,A,7,220,A,7,5.7,A,7,8000,B,7,77777,A,7,4.0,E,8,0.000,F,8,0.00,F,8,0,1,D,9,05,C,8
07/20/1991,02:00,0,0,0,1,0,0,1,0,0,1,0,0,1,0,0,1,0,0,1,0,0,1,0,7,A,7,2,A,7,25.6,A,7,20.0,A,7,71,A,7,984,A,7,240,A,7,4.6,A,7,8000,B,7,77777,A,7,4.0,E,8,0.000,F,8,0.00,F,8,0,1,D,9,05,C,8
07/20/1991,03:00,0,0,0,1,0,0,1,0,0,1,0,0,1,0,0,1,0,0,1,0,0,1,0,5,A,7,3,A,7,25.0,A,7,20.6,A,7,77,A,7,985,A,7,230,A,7,3.6,A,7,8000,B,7,77777,A,7,4.0,E,8,0.000,F,8,0.00,F,8,0,1,D,9,05,C,8
07/20/1991,04:00,0,0,0,1,0,0,1,0,0,1,0,0,1,0,0,1,0,0,1,0,0,1,0,5,A,7,2,A,7,24.4,A,7,20.6,A,7,79,A,7,985,A,7,240,A,7,4.1,A,7,8000,B,7,77777,A,7,4.0,E,8,0.000,F,8,0.00,F,8,0,1,D,9,05,C,8
07/20/1991,05:00,0,0,0,1,0,0,1,0,0,1,0,0,1,0,0,1,0,0,1,0,0,1,0,10,A,7,10,A,7,23.9,A,7,20.6,A,7,82,A,7,985,A,7,260,A,7,3.1,A,7,8000,B,7,4572,A,7,4.1,E,8,0.000,F,8,0.00,F,8,0,1,D,9,05,C,8
07/20/1991,06:00,48,893,9,1,10,3,1,16,9,1,10,10,1,10,2,1,16,10,1,10,23,1,21,9,A,7,9,A,7,23.3,A,7,20.6,A,7,85,A,7,986,A,7,260,A,7,2.6,A,7,8000,B,7,4572,A,7,4.1,E,8,0.000,F,8,0.00,F,8,0,1,D,9,05,C,8
07/20/1991,07:00,262,1323,68,1,10,94,1,16,49,1,10,74,1,10,70,1,16,60,1,10,87,1,21,8,A,7,8,A,7,25.6,A,7,21.1,A,7,76,A,7,986,A,7,210,A,7,2.6,A,7,8000,B,7,4572,A,7,4.1,E,8,0.000,F,8,0.00,F,8,0,1,D,9,05,C,8
07/20/1991,08:00,497,1323,288,1,10,499,1,16,101,1,10,297,1,10,464,1,16,123,1,10,192,1,21,5,A,7,2,A,7,27.2,A,7,22.2,A,7,74,A,7,987,A,7,250,A,7,4.1,A,7,8000,B,7,77777,A,7,4.1,E,8,0.000,F,8,0.00,F,8,0,1,D,9,05,C,8
07/20/1991,09:00,720,1323,414,1,10,432,1,16,178,1,10,439,1,10,438,1,16,201,1,10,391,1,21,5,A,7,5,A,7,28.3,A,7,22.2,A,7,70,A,7,987,A,7,260,A,7,4.1,A,7,8000,B,7,77777,A,7,4.0,E,8,0.000,F,8,0.00,F,8,0,1,D,9,05,C,8
07/20/1991,10:00,916,1323,662,1,10,738,1,16,151,1,10,706,1,10,752,1,16,184,1,10,421,1,21,7,A,7,0,A,7,30.6,A,7,22.2,A,7,61,A,7,987,A,7,240,A,7,6.2,A,7,8000,B,7,77777,A,7,4.0,E,8,0.000,F,8,0.00,F,8,0,1,D,9,05,C,8
07/20/1991,11:00,1071,1323,784,1,10,763,1,16,166,1,10,818,1,10,765,1,16,197,1,10,556,1,21,8,A,7,1,A,7,31.7,A,7,21.7,A,7,56,A,7,987,A,7,260,A,7,5.2,A,7,8000,B,7,77777,A,7,4.0,E,8,0.000,F,8,0.00,F,8,0,1,D,9,05,C,8
07/20/1991,12:00,1175,1323,778,1,10,648,1,16,201,1,10,836,1,10,665,1,16,244,1,10,1017,1,21,10,A,7,1,A,7,32.8,A,7,21.7,A,7,52,A,7,987,A,7,230,A,7,5.2,A,7,8000,B,7,77777,A,7,3.9,E,8,0.000,F,8,0.00,F,8,0,1,D,9,05,C,8
07/20/1991,13:00,1221,1323,793,1,10,552,1,16,283,1,10,836,1,10,558,1,16,320,1,10,1696,1,21,10,A,7,3,A,7,33.9,A,7,20.6,A,7,46,A,7,986,A,7,260,A,7,6.7,A,7,8000,B,7,77777,A,7,3.9,E,8,0.000,F,8,0.00,F,8,0,1,D,9,05,C,8
07/20/1991,14:00,1205,1323,841,1,10,695,1,16,208,1,10,906,1,10,713,1,16,255,1,10,1183,1,21,10,A,7,2,A,7,33.3,A,7,21.1,A,7,49,A,7,986,A,7,230,A,7,6.2,A,7,8000,B,7,77777,A,7,3.9,E,8,0.000,F,8,0.00,F,8,0,1,D,9,05,C,8
07/20/1991,15:00,1129,1323,733,1,10,303,1,16,474,1,10,787,1,10,328,1,16,507,1,10,2025,1,21,10,A,7,5,A,7,33.9,A,7,20.6,A,7,46,A,7,986,A,7,240,A,7,6.7,A,7,8000,B,7,77777,A,7,3.8,E,8,0.000,F,8,0.00,F,8,0,1,D,9,05,C,8
07/20/1991,16:00,997,1323,519,1,10,389,1,16,225,1,10,564,1,10,406,1,16,258,1,10,706,1,21,10,A,7,5,A,7,32.8,A,7,20.6,A,7,49,A,7,985,A,7,230,A,7,7.2,A,7,8000,B,7,77777,A,7,3.8,E,8,0.000,F,8,0.00,F,8,0,1,D,9,05,C,8
07/20/1991,17:00,819,1323,544,1,10,529,1,16,216,1,10,577,1,10,544,1,16,240,1,10,526,1,21,8,A,7,3,A,7,33.3,A,7,21.1,A,7,49,A,7,985,A,7,220,A,7,6.7,A,7,8000,B,7,77777,A,7,3.8,E,8,0.000,F,8,0.00,F,8,0,1,D,9,05,C,8
07/20/1991,18:00,607,1323,369,1,10,514,1,16,133,1,10,395,1,10,508,1,16,162,1,10,267,1,21,9,A,7,2,A,7,32.8,A,7,20.0,A,7,47,A,7,985,A,7,230,A,7,6.7,A,7,9600,B,7,77777,A,7,3.7,E,8,0.000,F,8,0.00,F,8,0,1,D,9,05,C,8
07/20/1991,19:00,375,1323,150,1,10,208,1,16,91,1,10,161,1,10,184,1,16,109,1,10,174,1,21,9,A,7,5,A,7,31.1,A,7,20.0,A,7,52,A,7,985,A,7,220,A,7,5.2,A,7,9600,B,7,7620,A,7,3.7,E,8,0.000,F,8,0.00,F,8,0,1,D,9,05,C,8
07/20/1991,20:00,142,1323,55,1,10,33,1,16,51,1,10,59,1,10,22,1,16,57,1,10,112,1,21,9,A,7,6,A,7,28.9,A,7,20.0,A,7,59,A,7,985,A,7,190,A,7,3.6,A,7,9600,B,7,7620,A,7,3.7,E,8,0.000,F,8,0.00,F,8,0,1,D,9,05,C,8
07/20/1991,21:00,2,209,0,1,10,0,1,16,0,1,10,0,1,10,0,1,16,0,1,10,0,1,21,10,A,7,5,A,7,27.8,A,7,21.1,A,7,67,A,7,985,A,7,190,A,7,3.6,A,7,9600,B,7,77777,A,7,3.6,E,8,0.000,F,8,0.00,F,8,0,1,D,9,05,C,8
07/20/1991,22:00,0,0,0,1,0,0,1,0,0,1,0,0,1,0,0,1,0,0,1,0,0,1,0,10,A,7,5,A,7,27.2,A,7,19.4,A,7,62,A,7,985,A,7,200,A,7,3.6,A,7,9600,B,7,77777,A,7,3.6,E,8,0.000,F,8,0.00,F,8,0,1,D,9,05,C,8
07/20/1991,23:00,0,0,0,1,0,0,1,0,0,1,0,0,1,0,0,1,0,0,1,0,0,1,0,10,A,7,8,A,7,26.7,A,7,19.4,A,7,64,A,7,985,A,7,200,A,7,4.6,A,7,9600,B,7,3658,A,7,3.6,E,8,0.000,F,8,0.00,F,8,0,1,D,9,05,C,8
07/20/1991,24:00,0,0,0,1,0,0,1,0,0,1,0,0,1,0,0,1,0,0,1,0,0,1,0,7,A,7,4,A,7,26.1,A,7,19.4,A,7,67,A,7,985,A,7,210,A,7,5.2,A,7,9600,B,7,77777,A,7,3.5,E,8,0.000,F,8,0.00,F,8,0,1,D,9,05,C,8
07/21/1991,01:00,0,0,0,1,0,0,1,0,0,1,0,0,1,0,0,1,0,0,1,0,0,1,0,7,A,7,2,A,7,26.1,A,7,20.0,A,7,69,A,7,985,A,7,220,A,7,5.2,A,7,9600,B,7,77777,A,7,3.5,E,8,0.000,F,8,0.00,F,8,0,1,D,9,05,C,8
07/21/1991,02:00,0,0,0,1,0,0,1,0,0,1,0,0,1,0,0,1,0,0,1,0,0,1,0,6,A,7,3,A,7,25.6,A,7,20.0,A,7,71,A,7,985,A,7,240,A,7,6.2,A,7,12800,B,7,77777,A,7,3.5,E,8,0.000,F,8,0.00,F,8,0,1,D,9,05,C,8
07/21/1991,03:00,0,0,0,1,0,0,1,0,0,1,0,0,1,0,0,1,0,0,1,0,0,1,0,10,A,7,5,A,7,25.0,A,7,20.0,A,7,74,A,7,984,A,7,220,A,7,6.2,A,7,12800,B,7,77777,A,7,3.4,E,8,0.000,F,8,0.00,F,8,0,1,D,9,00,C,8
07/21/1991,04:00,0,0,0,1,0,0,1,0,0,1,0,0,1,0,0,1,0,0,1,0,0,1,0,10,A,7,5,A,7,24.4,A,7,20.0,A,7,76,A,7,984,A,7,210,A,7,4.6,A,7,12800,B,7,77777,A,7,3.4,E,8,0.000,F,8,0.00,F,8,0,1,D,9,00,C,8
07/21/1991,05:00,0,0,0,1,0,0,1,0,0,1,0,0,1,0,0,1,0,0,1,0,0,1,0,10,A,7,10,A,7,25.0,A,7,20.6,A,7,77,A,7,985,A,7,220,A,7,4.1,A,7,11200,B,7,3962,A,7,3.4,E,8,0.000,F,8,0.00,F,8,0,1,D,9,00,C,8
07/21/1991,06:00,46,871,7,1,10,0,1,16,7,1,10,8,1,10,0,1,16,8,1,10,27,1,21,10,A,7,10,A,7,22.8,A,7,21.7,A,7,94,A,7,986,A,7,30,A,7,1.5,A,7,6400,B,7,2591,A,7,3.3,E,8,0.000,F,8,0.00,F,8,0,1,D,9,00,C,8
07/21/1991,07:00,259,1323,38,1,10,0,1,16,38,1,10,44,1,10,0,1,16,44,1,10,149,1,21,10,A,7,10,A,7,22.2,A,7,22.2,A,7,100,A,7,987,A,7,0,A,7,0.0,A,7,8000,B,7,1829,A,7,3.3,E,8,0.000,F,8,0.00,F,8,3,1,D,9,45,C,8
07/21/1991,08:00,494,1323,89,1,10,0,1,16,89,1,10,104,1,10,0,1,16,104,1,10,375,1,21,10,A,7,10,A,7,22.2,A,7,22.2,A,7,100,A,7,987,A,7,210,A,7,3.6,A,7,2400,B,7,488,A,7,3.3,E,8,0.000,F,8,0.00,F,8,13,1,D,9,45,C,8
07/21/1991,09:00,717,1323,101,1,10,0,1,16,101,1,10,122,1,10,0,1,16,122,1,10,482,1,21,10,A,7,10,A,7,22.8,A,7,22.8,A,7,100,A,7,987,A,7,0,A,7,0.0,A,7,4000,B,7,152,A,7,3.4,E,8,0.000,F,8,0.00,F,8,33,1,D,9,45,C,8
07/21/1991,10:00,914,1323,242,1,10,0,1,16,242,1,10,283,1,10,0,1,16,283,1,10,1091,1,21,10,A,7,10,A,7,23.3,A,7,22.8,A,7,97,A,7,987,A,7,270,A,7,5.2,A,7,4800,B,7,3048,A,7,3.4,E,8,0.000,F,8,0.00,F,8,0,1,D,9,45,C,8
07/21/1991,11:00,1069,1323,290,1,10,0,1,16,290,1,10,343,1,10,0,1,16,343,1,10,1336,1,21,10,A,7,10,A,7,23.3,A,7,22.2,A,7,94,A,7,987,A,7,200,A,7,4.1,A,7,16000,B,7,7620,A,7,3.5,E,8,0.000,F,8,0.00,F,8,0,1,D,9,45,C,8
07/21/1991,12:00,1174,1323,321,1,10,0,1,16,321,1,10,382,1,10,0,1,16,382,1,10,1477,1,21,10,A,7,10,A,7,25.6,A,7,22.8,A,7,85,A,7,987,A,7,240,A,7,6.2,A,7,11200,B,7,3048,A,7,3.5,E,8,0.000,F,8,0.00,F,8,0,1,D,9,00,C,8
07/21/1991,13:00,1220,1323,466,1,10,226,1,16,257,1,10,529,1,10,247,1,16,301,1,10,1376,1,21,10,A,7,6,A,7,27.2,A,7,23.3,A,7,79,A,7,987,A,7,250,A,7,5.2,A,7,11200,B,7,7620,A,7,3.6,E,8,0.000,F,8,0.00,F,8,0,1,D,9,00,C,8
07/21/1991,14:00,1204,1323,793,1,10,617,1,16,230,1,10,846,1,10,630,1,16,271,1,10,1291,1,21,10,A,7,4,A,7,28.9,A,7,23.3,A,7,72,A,7,986,A,7,250,A,7,3.6,A,7,11200,B,7,77777,A,7,3.6,E,8,0.000,F,8,0.00,F,8,0,1,D,9,00,C,8
07/21/1991,15:00,1127,1323,794,1,10,692,1,16,203,1,10,848,1,10,708,1,16,244,1,10,874,1,21,7,A,7,2,A,7,30.0,A,7,22.8,A,7,65,A,7,986,A,7,260,A,7,5.2,A,7,11200,B,7,77777,A,7,3.7,E,8,0.000,F,8,0.00,F,8,0,1,D,9,00,C,8
07/21/1991,16:00,995,1323,642,1,10,510,1,16,258,1,10,689,1,10,531,1,16,289,1,10,814,1,21,8,A,7,4,A,7,29.4,A,7,22.2,A,7,65,A,7,987,A,7,290,A,7,3.6,A,7,12800,B,7,77777,A,7,3.7,E,8,0.000,F,8,0.00,F,8,0,1,D,9,00,C,8
07/21/1991,17:00,817,1323,514,1,10,563,1,16,165,1,10,537,1,10,564,1,16,188,1,10,394,1,21,6,A,7,2,A,7,30.0,A,7,22.2,A,7,63,A,7,986,A,7,290,A,7,4.6,A,7,12800,B,7,77777,A,7,3.8,E,8,0.000,F,8,0.00,F,8,0,1,D,9,00,C,8
07/21/1991,18:00,605,1323,358,1,10,502,1,16,128,1,10,384,1,10,496,1,16,157,1,10,256,1,21,5,A,7,3,A,7,30.0,A,7,22.8,A,7,65,A,7,987,A,7,290,A,7,4.6,A,7,12800,B,7,77777,A,7,3.8,E,8,0.000,F,8,0.00,F,8,0,1,D,9,00,C,8
07/21/1991,19:00,373,1323,194,1,10,391,1,16,84,1,10,205,1,10,338,1,16,110,1,10,154,1,21,7,A,7,2,A,7,28.9,A,7,22.8,A,7,70,A,7,987,A,7,270,A,7,3.6,A,7,11200,B,7,77777,A,7,3.9,E,8,0.000,F,8,0.00,F,8,0,1,D,9,00,C,8
07/21/1991,20:00,139,1323,36,1,10,38,1,16,32,1,10,40,1,10,22,1,16,37,1,10,67,1,21,10,A,7,5,A,7,26.7,A,7,23.3,A,7,82,A,7,987,A,7,320,A,7,2.1,A,7,9600,B,7,77777,A,7,3.9,E,8,0.000,F,8,0.00,F,8,0,1,D,9,00,C,8
07/21/1991,21:00,2,187,0,1,10,0,1,16,0,1,10,0,1,10,0,1,16,0,1,10,0,1,21,10,A,7,5,A,7,25.6,A,7,22.8,A,7,85,A,7,987,A,7,310,A,7,2.6,A,7,8000,B,7,77777,A,7,4.0,E,8,0.000,F,8,0.00,F,8,0,1,D,9,05,C,8
07/21/1991,22:00,0,0,0,1,0,0,1,0,0,1,0,0,1,0,0,1,0,0,1,0,0,1,0,9,A,7,8,A,7,25.0,A,7,22.8,A,7,88,A,7,987,A,7,0,A,7,0.0,A,7,8000,B,7,975,A,7,4.0,E,8,0.000,F,8,0.00,F,8,0,1,D,9,05,C,8
07/21/1991,23:00,0,0,0,1,0,0,1,0,0,1,0,0,1,0,0,1,0,0,1,0,0,1,0,10,A,7,2,A,7,23.9,A,7,22.2,A,7,90,A,7,987,A,7,60,A,7,2.1,A,7,8000,B,7,77777,A,7,4.1,E,8,0.000,F,8,0.00,F,8,0,1,D,9,05,C,8
07/21/1991,24:00,0,0,0,1,0,0,1,0,0,1,0,0,1,0,0,1,0,0,1,0,0,1,0,10,A,7,8,A,7,25.0,A,7,22.2,A,7,84,A,7,987,A,7,40,A,7,1.5,A,7,8000,B,7,7620,A,7,4.1,E,8,0.000,F,8,0.00,F,8,0,1,D,9,05,C,8
07/22/1991,01:00,0,0,0,1,0,0,1,0,0,1,0,0,1,0,0,1,0,0,1,0,0,1,0,10,A,7,8,A,7,24.4,A,7,22.2,A,7,88,A,7,987,A,7,0,A,7,0.0,A,7,9600,B,7,1981,A,7,4.2,E,8,0.000,F,8,0.00,F,8,0,1,D,9,05,C,8
07/22/1991,02:00,0,0,0,1,0,0,1,0,0,1,0,0,1,0,0,1,0,0,1,0,0,1,0,7,A,7,4,A,7,23.9,A,7,22.8,A,7,94,A,7,986,A,7,160,A,7,2.6,A,7,9600,B,7,7620,A,7,4.2,E,8,0.000,F,8,0.00,F,8,0,1,D,9,05,C,8
07/22/1991,03:00,0,0,0,1,0,0,1,0,0,1,0,0,1,0,0,1,0,0,1,0,0,1,0,6,A,7,3,A,7,23.9,A,7,21.7,A,7,88,A,7,985,A,7,90,A,7,1.5,A,7,9600,B,7,77777,A,7,4.3,E,8,0.000,F,8,0.00,F,8,0,1,D,9,05,C,8
07/22/1991,04:00,0,0,0,1,0,0,1,0,0,1,0,0,1,0,0,1,0,0,1,0,0,1,0,7,A,7,2,A,7,23.3,A,7,21.7,A,7,91,A,7,986,A,7,150,A,7,3.1,A,7,8000,B,7,77777,A,7,4.3,E,8,0.000,F,8,0.00,F,8,0,1,D,9,05,C,8
07/22/1991,05:00,0,0,0,1,0,0,1,0,0,1,0,0,1,0,0,1,0,0,1,0,0,1,0,10,A,7,3,A,7,23.3,A,7,21.1,A,7,87,A,7,985,A,7,170,A,7,3.6,A,7,8000,B,7,77777,A,7,4.3,E,8,0.000,F,8,0.00,F,8,0,1,D,9,05,C,8
07/22/1991,06:00,44,849,9,1,10,1,1,16,9,1,10,11,1,10,0,1,16,11,1,10,34,1,21,9,A,7,7,A,7,23.3,A,7,21.7,A,7,91,A,7,985,A,7,190,A,7,4.1,A,7,8000,B,7,4572,A,7,4.4,E,8,0.000,F,8,0.00,F,8,0,1,D,9,05,C,8
07/22/1991,07:00,256,1323,43,1,10,0,1,16,43,1,10,50,1,10,0,1,16,50,1,10,165,1,21,10,A,7,10,A,7,23.3,A,7,21.7,A,7,91,A,7,986,A,7,250,A,7,6.7,A,7,11200,B,7,1829,A,7,4.4,E,8,0.000,F,8,0.00,F,8,3,1,D,9,05,C,8
07/22/1991,08:00,491,1323,80,1,10,0,1,16,80,1,10,94,1,10,0,1,16,94,1,10,343,1,21,10,A,7,10,A,7,22.2,A,7,22.2,A,7,100,A,7,987,A,7,240,A,7,7.2,A,7,4800,B,7,914,A,7,4.4,E,8,0.000,F,8,0.00,F,8,25,1,D,9,80,C,8
07/22/1991,09:00,715,1323,168,1,10,0,1,16,168,1,10,196,1,10,0,1,16,196,1,10,731,1,21,10,A,7,10,A,7,21.7,A,7,21.7,A,7,100,A,7,985,A,7,130,A,7,2.1,A,7,16000,B,7,3658,A,7,4.4,E,8,0.000,F,8,0.00,F,8,23,1,D,9,80,C,8
07/22/1991,10:00,912,1323,185,1,10,0,1,16,185,1,10,221,1,10,0,1,16,221,1,10,884,1,21,10,A,7,10,A,7,24.4,A,7,22.2,A,7,88,A,7,984,A,7,180,A,7,3.6,A,7,16000,B,7,1676,A,7,4.4,E,8,0.000,F,8,0.00,F,8,0,1,D,9,00,C,8
07/22/1991,11:00,1068,1323,225,1,10,0,1,16,225,1,10,271,1,10,0,1,16,271,1,10,1096,1,21,10,A,7,10,A,7,25.0,A,7,23.3,A,7,90,A,7,985,A,7,230,A,7,3.1,A,7,16000,B,7,2743,A,7,4.3,E,8,0.000,F,8,0.00,F,8,0,1,D,9,00,C,8
07/22/1991,12:00,1172,1323,252,1,10,0,1,16,252,1,10,306,1,10,0,1,16,306,1,10,1224,1,21,10,A,7,10,A,7,25.0,A,7,23.9,A,7,94,A,7,983,A,7,190,A,7,2.6,A,7,9600,B,7,2591,A,7,4.3,E,8,0.000,F,8,0.00,F,8,3,1,D,9,00,C,8
07/22/1991,13:00,1218,1323,629,1,10,155,1,16,486,1,10,688,1,10,165,1,16,536,1,10,2528,1,21,10,A,7,8,A,7,27.2,A,7,24.4,A,7,85,A,7,982,A,7,170,A,7,6.7,A,7,11200,B,7,3658,A,7,4.3,E,8,0.000,F,8,0.00,F,8,0,1,D,9,80,C,8
07/22/1991,14:00,1202,1323,815,1,10,610,1,16,260,1,10,862,1,10,619,1,16,299,1,10,1437,1,21,7,A,7,2,A,7,31.1,A,7,23.9,A,7,66,A,7,982,A,7,200,A,7,9.8,A,7,16000,B,7,77777,A,7,4.3,E,8,0.000,F,8,0.00,F,8,0,1,D,9,00,C,8
07/22/1991,15:00,1126,1323,769,1,10,594,1,16,263,1,10,807,1,10,599,1,16,296,1,10,1100,1,21,8,A,7,3,A,7,31.7,A,7,23.9,A,7,63,A,7,981,A,7,230,A,7,8.2,A,7,16000,B,7,77777,A,7,4.3,E,8,0.000,F,8,0.00,F,8,0,1,D,9,00,C,8
07/22/1991,16:00,994,1323,659,1,10,570,1,16,231,1,10,715,1,10,594,1,16,268,1,10,721,1,21,9,A,7,2,A,7,32.2,A,7,24.4,A,7,64,A,7,981,A,7,240,A,7,8.8,A,7,12800,B,7,77777,A,7,4.2,E,8,0.000,F,8,0.00,F,8,0,1,D,9,00,C,8
07/22/1991,17:00,815,1323,524,1,10,589,1,16,161,1,10,549,1,10,591,1,16,185,1,10,385,1,21,3,A,7,1,A,7,32.8,A,7,23.9,A,7,60,A,7,980,A,7,250,A,7,7.7,A,7,12800,B,7,77777,A,7,4.2,E,8,0.000,F,8,0.00,F,8,0,1,D,9,00,C,8
07/22/1991,18:00,603,1323,368,1,10,543,1,16,120,1,10,381,1,10,525,1,16,142,1,10,241,1,21,2,A,7,0,A,7,32.2,A,7,23.3,A,7,59,A,7,979,A,7,250,A,7,7.2,A,7,12800,B,7,77777,A,7,4.2,E,8,0.000,F,8,0.00,F,8,0,1,D,9,00,C,8
07/22/1991,19:00,370,1323,177,1,10,310,1,16,90,1,10,185,1,10,267,1,16,110,1,10,167,1,21,3,A,7,1,A,7,31.1,A,7,23.9,A,7,66,A,7,979,A,7,250,A,7,5.2,A,7,12800,B,7,77777,A,7,4.2,E,8,0.000,F,8,0.00,F,8,0,1,D,9,00,C,8
07/22/1991,20:00,136,1323,43,1,10,64,1,16,36,1,10,46,1,10,36,1,16,43,1,10,75,1,21,5,A,7,2,A,7,28.3,A,7,23.3,A,7,74,A,7,980,A,7,260,A,7,4.1,A,7,12800,B,7,77777,A,7,4.1,E,8,0.000,F,8,0.00,F,8,0,1,D,9,00,C,8
07/22/1991,21:00,2,165,0,1,10,0,1,16,0,1,10,0,1,10,0,1,16,0,1,10,0,1,21,5,A,7,3,A,7,26.1,A,7,22.8,A,7,82,A,7,980,A,7,250,A,7,3.6,A,7,12800,B,7,77777,A,7,4.1,E,8,0.000,F,8,0.00,F,8,0,1,D,9,00,C,8
07/22/1991,22:00,0,0,0,1,0,0,1,0,0,1,0,0,1,0,0,1,0,0,1,0,0,1,0,6,A,7,2,A,7,27.2,A,7,22.2,A,7,74,A,7,980,A,7,230,A,7,5.2,A,7,11200,B,7,77777,A,7,4.1,E,8,0.000,F,8,0.00,F,8,0,1,D,9,00,C,8
07/22/1991,23:00,0,0,0,1,0,0,1,0,0,1,0,0,1,0,0,1,0,0,1,0,0,1,0,10,A,7,10,A,7,27.2,A,7,22.2,A,7,74,A,7,981,A,7,240,A,7,7.7,A,7,12800,B,7,7620,A,7,4.1,E,8,0.000,F,8,0.00,F,8,0,1,D,9,00,C,8
07/22/1991,24:00,0,0,0,1,0,0,1,0,0,1,0,0,1,0,0,1,0,0,1,0,0,1,0,10,A,7,5,A,7,26.1,A,7,22.8,A,7,82,A,7,981,A,7,230,A,7,5.7,A,7,14400,B,7,77777,A,7,4.0,E,8,0.000,F,8,0.00,F,8,0,1,D,9,00,C,8
07/23/1991,01:00,0,0,0,1,0,0,1,0,0,1,0,0,1,0,0,1,0,0,1,0,0,1,0,10,A,7,10,A,7,25.6,A,7,22.2,A,7,82,A,7,981,A,7,260,A,7,5.7,A,7,16000,B,7,1128,A,7,4.0,E,8,0.000,F,8,0.00,F,8,0,1,D,9,00,C,8
07/23/1991,02:00,0,0,0,1,0,0,1,0,0,1,0,0,1,0,0,1,0,0,1,0,0,1,0,3,A,7,1,A,7,24.4,A,7,22.2,A,7,88,A,7,980,A,7,260,A,7,4.6,A,7,16000,B,7,77777,A,7,4.0,E,8,0.000,F,8,0.00,F,8,0,1,D,9,00,C,8
07/23/1991,03:00,0,0,0,1,0,0,1,0,0,1,0,0,1,0,0,1,0,0,1,0,0,1,0,2,A,7,2,A,7,23.9,A,7,22.8,A,7,94,A,7,981,A,7,260,A,7,4.6,A,7,16000,B,7,77777,A,7,4.0,E,8,0.000,F,8,0.00,F,8,0,1,D,9,00,C,8
07/23/1991,04:00,0,0,0,1,0,0,1,0,0,1,0,0,1,0,0,1,0,0,1,0,0,1,0,3,A,7,3,A,7,23.3,A,7,22.2,A,7,94,A,7,980,A,7,290,A,7,4.1,A,7,16000,B,7,77777,A,7,3.9,E,8,0.000,F,8,0.00,F,8,0,1,D,9,00,C,8
07/23/1991,05:00,0,0,0,1,0,0,1,0,0,1,0,0,1,0,0,1,0,0,1,0,0,1,0,9,A,7,4,A,7,22.8,A,7,21.1,A,7,90,A,7,981,A,7,300,A,7,4.1,A,7,16000,B,7,77777,A,7,3.9,E,8,0.000,F,8,0.00,F,8,0,1,D,9,00,C,8
07/23/1991,06:00,42,849,10,1,10,3,1,16,10,1,10,12,1,10,0,1,16,12,1,10,37,1,21,10,A,7,6,A,7,22.2,A,7,19.4,A,7,84,A,7,982,A,7,330,A,7,3.6,A,7,19200,B,7,7620,A,7,3.9,E,8,0.000,F,8,0.00,F,8,0,1,D,9,00,C,8
07/23/1991,07:00,253,1323,84,1,10,39,1,16,77,1,10,92,1,10,31,1,16,86,1,10,186,1,21,9,A,7,7,A,7,21.7,A,7,18.3,A,7,81,A,7,982,A,7,330,A,7,3.1,A,7,24000,B,7,3962,A,7,3.9,E,8,0.000,F,8,0.00,F,8,0,1,D,9,00,C,8
07/23/1991,08:00,488,1323,280,1,10,527,1,16,85,1,10,291,1,10,492,1,16,110,1,10,165,1,21,3,A,7,1,A,7,23.3,A,7,17.2,A,7,69,A,7,983,A,7,320,A,7,4.6,A,7,24000,B,7,77777,A,7,3.8,E,8,0.000,F,8,0.00,F,8,0,1,D,9,00,C,8
07/23/1991,09:00,713,1323,441,1,10,598,1,16,119,1,10,466,1,10,596,1,16,144,1,10,265,1,21,2,A,7,1,A,7,23.9,A,7,14.4,A,7,55,A,7,984,A,7,340,A,7,5.2,A,7,24000,B,7,77777,A,7,3.8,E,8,0.000,F,8,0.00,F,8,0,1,D,9,00,C,8
07/23/1991,10:00,910,1323,644,1,10,742,1,16,133,1,10,672,1,10,742,1,16,161,1,10,336,1,21,1,A,7,0,A,7,25.0,A,7,14.4,A,7,52,A,7,984,A,7,300,A,7,4.6,A,7,24000,B,7,77777,A,7,3.7,E,8,0.000,F,8,0.00,F,8,0,1,D,9,00,C,8
07/23/1991,11:00,1066,1323,788,1,10,798,1,16,145,1,10,834,1,10,805,1,16,184,1,10,497,1,21,0,A,7,0,A,7,25.6,A,7,14.4,A,7,50,A,7,983,A,7,300,A,7,5.2,A,7,24000,B,7,77777,A,7,3.7,E,8,0.000,F,8,0.00,F,8,0,1,D,9,00,C,8
07/23/1991,12:00,1170,1323,882,1,10,823,1,16,154,1,10,940,1,10,833,1,16,202,1,10,720,1,21,0,A,7,0,A,7,26.1,A,7,15.0,A,7,50,A,7,983,A,7,280,A,7,7.2,A,7,24000,B,7,77777,A,7,3.7,E,8,0.000,F,8,0.00,F,8,0,1,D,9,00,C,8
07/23/1991,13:00,1216,1323,894,1,10,766,1,16,189,1,10,937,1,10,770,1,16,228,1,10,1035,1,21,2,A,7,2,A,7,26.7,A,7,15.6,A,7,51,A,7,983,A,7,310,A,7,7.2,A,7,24000,B,7,77777,A,7,3.6,E,8,0.000,F,8,0.00,F,8,0,1,D,9,00,C,8
07/23/1991,14:00,1201,1323,841,1,10,628,1,16,271,1,10,888,1,10,636,1,16,310,1,10,1481,1,21,3,A,7,3,A,7,27.2,A,7,16.7,A,7,53,A,7,983,A,7,280,A,7,5.7,A,7,24000,B,7,77777,A,7,3.6,E,8,0.000,F,8,0.00,F,8,0,1,D,9,00,C,8
07/23/1991,15:00,1124,1323,764,1,10,713,1,16,158,1,10,807,1,10,719,1,16,195,1,10,626,1,21,2,A,7,2,A,7,27.2,A,7,13.9,A,7,44,A,7,982,A,7,290,A,7,6.7,A,7,24000,B,7,77777,A,7,3.5,E,8,0.000,F,8,0.00,F,8,0,1,D,9,00,C,8
07/23/1991,16:00,992,1323,718,1,10,769,1,16,142,1,10,754,1,10,773,1,16,174,1,10,411,1,21,1,A,7,0,A,7,27.2,A,7,13.3,A,7,42,A,7,982,A,7,290,A,7,7.7,A,7,24000,B,7,77777,A,7,3.5,E,8,0.000,F,8,0.00,F,8,0,1,D,9,00,C,8
07/23/1991,17:00,813,1323,562,1,10,714,1,16,123,1,10,600,1,10,724,1,16,154,1,10,304,1,21,1,A,7,0,A,7,26.7,A,7,10.6,A,7,36,A,7,982,A,7,270,A,7,6.2,A,7,24000,B,7,77777,A,7,3.5,E,8,0.000,F,8,0.00,F,8,0,1,D,9,00,C,8
07/23/1991,18:00,600,1323,379,1,10,620,1,16,97,1,10,398,1,10,605,1,16,124,1,10,201,1,21,1,A,7,0,A,7,25.6,A,7,10.0,A,7,37,A,7,982,A,7,290,A,7,5.7,A,7,24000,B,7,77777,A,7,3.4,E,8,0.000,F,8,0.00,F,8,0,1,D,9,00,C,8
07/23/1991,19:00,368,1323,189,1,10,448,1,16,65,1,10,196,1,10,387,1,16,89,1,10,121,1,21,1,A,7,1,A,7,23.3,A,7,10.0,A,7,43,A,7,983,A,7,290,A,7,6.2,A,7,24000,B,7,77777,A,7,3.4,E,8,0.000,F,8,0.00,F,8,0,1,D,9,00,C,8
07/23/1991,20:00,133,1323,46,1,10,149,1,16,31,1,10,48,1,10,77,1,16,40,1,10,55,1,21,0,A,7,0,A,7,20.6,A,7,10.0,A,7,51,A,7,983,A,7,280,A,7,4.1,A,7,24000,B,7,77777,A,7,3.3,E,8,0.000,F,8,0.00,F,8,0,1,D,9,00,C,8
07/23/1991,21:00,1,165,0,1,10,1,1,16,0,1,10,0,1,10,0,1,16,0,1,10,0,1,21,0,A,7,0,A,7,17.2,A,7,11.1,A,7,67,A,7,983,A,7,290,A,7,3.1,A,7,24000,B,7,77777,A,7,3.3,E,8,0.000,F,8,0.00,F,8,0,1,D,9,00,C,8
07/23/1991,22:00,0,0,0,1,0,0,1,0,0,1,0,0,1,0,0,1,0,0,1,0,0,1,0,5,A,7,5,A,7,16.1,A,7,12.8,A,7,81,A,7,984,A,7,280,A,7,2.1,A,7,24000,B,7,77777,A,7,3.2,E,8,0.000,F,8,0.00,F,8,0,1,D,9,00,C,8
07/23/1991,23:00,0,0,0,1,0,0,1,0,0,1,0,0,1,0,0,1,0,0,1,0,0,1,0,2,A,7,2,A,7,16.1,A,7,12.8,A,7,81,A,7,984,A,7,290,A,7,2.1,A,7,24000,B,7,77777,A,7,3.2,E,8,0.000,F,8,0.00,F,8,0,1,D,9,00,C,8
07/23/1991,24:00,0,0,0,1,0,0,1,0,0,1,0,0,1,0,0,1,0,0,1,0,0,1,0,3,A,7,3,A,7,16.1,A,7,12.8,A,7,81,A,7,984,A,7,290,A,7,2.1,A,7,24000,B,7,77777,A,7,3.2,E,8,0.000,F,8,0.00,F,8,0,1,D,9,00,C,8
07/24/1991,01:00,0,0,0,1,0,0,1,0,0,1,0,0,1,0,0,1,0,0,1,0,0,1,0,1,A,7,1,A,7,14.4,A,7,12.8,A,7,90,A,7,983,A,7,250,A,7,3.1,A,7,24000,B,7,77777,A,7,3.1,E,8,0.000,F,8,0.00,F,8,0,1,D,9,00,C,8
07/24/1991,02:00,0,0,0,1,0,0,1,0,0,1,0,0,1,0,0,1,0,0,1,0,0,1,0,0,A,7,0,A,7,15.0,A,7,13.3,A,7,90,A,7,983,A,7,250,A,7,2.6,A,7,24000,B,7,77777,A,7,3.1,E,8,0.000,F,8,0.00,F,8,0,1,D,9,00,C,8
07/24/1991,03:00,0,0,0,1,0,0,1,0,0,1,0,0,1,0,0,1,0,0,1,0,0,1,0,0,A,7,0,A,7,14.4,A,7,13.3,A,7,93,A,7,983,A,7,240,A,7,2.1,A,7,24000,B,7,77777,A,7,3.0,E,8,0.000,F,8,0.00,F,8,0,1,D,9,00,C,8
07/24/1991,04:00,0,0,0,1,0,0,1,0,0,1,0,0,1,0,0,1,0,0,1,0,0,1,0,0,A,7,0,A,7,14.4,A,7,13.3,A,7,93,A,7,983,A,7,250,A,7,3.1,A,7,24000,B,7,77777,A,7,3.0,E,8,0.000,F,8,0.00,F,8,0,1,D,9,00,C,8
07/24/1991,05:00,0,0,0,1,0,0,1,0,0,1,0,0,1,0,0,1,0,0,1,0,0,1,0,0,A,7,0,A,7,13.3,A,7,12.8,A,7,97,A,7,983,A,7,250,A,7,2.6,A,7,24000,B,7,77777,A,7,3.0,E,8,0.000,F,8,0.00,F,8,0,1,D,9,00,C,8
07/24/1991,06:00,40,827,10,1,10,45,1,16,8,1,10,12,1,10,16,1,16,11,1,10,13,1,21,0,A,7,0,A,7,13.9,A,7,13.3,A,7,96,A,7,983,A,7,260,A,7,3.1,A,7,24000,B,7,77777,A,7,2.9,E,8,0.000,F,8,0.00,F,8,0,1,D,9,00,C,8
07/24/1991,07:00,250,1324,117,1,10,376,1,16,46,1,10,120,1,10,281,1,16,67,1,10,83,1,21,0,A,7,0,A,7,17.2,A,7,15.6,A,7,90,A,7,983,A,7,270,A,7,3.1,A,7,24000,B,7,77777,A,7,2.9,E,8,0.000,F,8,0.00,F,8,0,1,D,9,00,C,8
07/24/1991,08:00,486,1324,291,1,10,582,1,16,77,1,10,305,1,10,545,1,16,105,1,10,152,1,21,2,A,7,0,A,7,20.6,A,7,16.1,A,7,75,A,7,983,A,7,260,A,7,4.6,A,7,24000,B,7,77777,A,7,2.9,E,8,0.000,F,8,0.00,F,8,0,1,D,9,00,C,8
07/24/1991,09:00,710,1324,485,1,10,724,1,16,96,1,10,507,1,10,714,1,16,123,1,10,208,1,21,0,A,7,0,A,7,22.8,A,7,16.1,A,7,66,A,7,984,A,7,270,A,7,4.6,A,7,24000,B,7,77777,A,7,2.8,E,8,0.000,F,8,0.00,F,8,0,1,D,9,00,C,8
07/24/1991,10:00,907,1324,649,1,10,774,1,16,118,1,10,686,1,10,778,1,16,152,1,10,310,1,21,1,A,7,0,A,7,24.4,A,7,15.6,A,7,58,A,7,984,A,7,270,A,7,5.7,A,7,24000,B,7,77777,A,7,2.8,E,8,0.000,F,8,0.00,F,8,0,1,D,9,00,C,8
07/24/1991,11:00,1064,1324,544,1,10,429,1,16,199,1,10,605,1,10,450,1,16,243,1,10,714,1,21,5,A,7,5,A,7,25.0,A,7,12.8,A,7,47,A,7,984,A,7,240,A,7,8.2,A,7,24000,B,7,77777,A,7,2.8,E,8,0.000,F,8,0.00,F,8,0,1,D,9,00,C,8
07/24/1991,12:00,1169,1324,748,1,10,517,1,16,292,1,10,814,1,10,541,1,16,335,1,10,1447,1,21,7,A,7,6,A,7,25.6,A,7,12.2,A,7,43,A,7,983,A,7,280,A,7,7.2,A,7,24000,B,7,7620,A,7,2.8,E,8,0.000,F,8,0.00,F,8,0,1,D,9,00,C,8
07/24/1991,13:00,1215,1324,472,1,10,229,1,16,262,1,10,536,1,10,250,1,16,306,1,10,1373,1,21,8,A,7,5,A,7,25.6,A,7,13.3,A,7,47,A,7,983,A,7,260,A,7,7.7,A,7,24000,B,7,7620,A,7,2.8,E,8,0.000,F,8,0.00,F,8,0,1,D,9,00,C,8
07/24/1991,14:00,1199,1324,527,1,10,158,1,16,383,1,10,584,1,10,169,1,16,430,1,10,1869,1,21,9,A,7,6,A,7,25.6,A,7,12.2,A,7,43,A,7,983,A,7,260,A,7,6.2,A,7,24000,B,7,6096,A,7,2.8,E,8,0.000,F,8,0.00,F,8,0,1,D,9,00,C,8
07/24/1991,15:00,1122,1324,729,1,10,528,1,16,281,1,10,790,1,10,552,1,16,321,1,10,1197,1,21,10,A,7,5,A,7,26.7,A,7,11.7,A,7,39,A,7,983,A,7,290,A,7,6.7,A,7,24000,B,7,77777,A,7,2.8,E,8,0.000,F,8,0.00,F,8,0,1,D,9,00,C,8
07/24/1991,16:00,990,1324,567,1,10,371,1,16,289,1,10,621,1,10,401,1,16,320,1,10,891,1,21,10,A,7,5,A,7,25.6,A,7,11.7,A,7,42,A,7,982,A,7,280,A,7,7.7,A,7,24000,B,7,77777,A,7,2.8,E,8,0.000,F,8,0.00,F,8,0,1,D,9,00,C,8
07/24/1991,17:00,811,1324,503,1,10,382,1,16,269,1,10,540,1,10,407,1,16,291,1,10,687,1,21,10,A,7,5,A,7,25.6,A,7,13.3,A,7,47,A,7,982,A,7,270,A,7,6.7,A,7,24000,B,7,77777,A,7,2.8,E,8,0.000,F,8,0.00,F,8,0,1,D,9,00,C,8
07/24/1991,18:00,598,1324,357,1,10,419,1,16,168,1,10,373,1,10,412,1,16,186,1,10,345,1,21,7,A,7,5,A,7,23.9,A,7,13.3,A,7,51,A,7,982,A,7,280,A,7,5.7,A,7,24000,B,7,6096,A,7,2.8,E,8,0.000,F,8,0.00,F,8,0,1,D,9,00,C,8
07/24/1991,19:00,365,1324,136,1,10,153,1,16,94,1,10,145,1,10,134,1,16,108,1,10,181,1,21,8,A,7,3,A,7,23.3,A,7,11.7,A,7,48,A,7,982,A,7,270,A,7,5.2,A,7,24000,B,7,77777,A,7,2.7,E,8,0.000,F,8,0.00,F,8,0,1,D,9,00,C,8
07/24/1991,20:00,130,1324,47,1,10,172,1,16,30,1,10,49,1,10,87,1,16,40,1,10,53,1,21,2,A,7,0,A,7,21.7,A,7,12.2,A,7,55,A,7,982,A,7,250,A,7,4.1,A,7,24000,B,7,77777,A,7,2.7,E,8,0.000,F,8,0.00,F,8,0,1,D,9,00,C,8
07/24/1991,21:00,1,143,0,1,10,2,1,16,0,1,10,0,1,10,0,1,16,0,1,10,0,1,21,0,A,7,0,A,7,18.9,A,7,12.2,A,7,65,A,7,982,A,7,210,A,7,2.6,A,7,24000,B,7,77777,A,7,2.7,E,8,0.000,F,8,0.00,F,8,0,1,D,9,00,C,8
07/24/1991,22:00,0,0,0,1,0,0,1,0,0,1,0,0,1,0,0,1,0,0,1,0,0,1,0,0,A,7,0,A,7,18.3,A,7,12.2,A,7,68,A,7,983,A,7,210,A,7,3.1,A,7,24000,B,7,77777,A,7,2.7,E,8,0.000,F,8,0.00,F,8,0,1,D,9,00,C,8
07/24/1991,23:00,0,0,0,1,0,0,1,0,0,1,0,0,1,0,0,1,0,0,1,0,0,1,0,0,A,7,0,A,7,17.8,A,7,12.2,A,7,70,A,7,983,A,7,210,A,7,2.6,A,7,24000,B,7,77777,A,7,2.7,E,8,0.000,F,8,0.00,F,8,0,1,D,9,00,C,8
07/24/1991,24:00,0,0,0,1,0,0,1,0,0,1,0,0,1,0,0,1,0,0,1,0,0,1,0,2,A,7,2,A,7,16.7,A,7,12.2,A,7,75,A,7,983,A,7,200,A,7,2.6,A,7,24000,B,7,77777,A,7,2.7,E,8,0.000,F,8,0.00,F,8,0,1,D,9,00,C,8
07/25/1991,01:00,0,0,0,1,0,0,1,0,0,1,0,0,1,0,0,1,0,0,1,0,0,1,0,5,A,7,5,A,7,16.1,A,7,12.8,A,7,81,A,7,983,A,7,240,A,7,2.6,A,7,24000,B,7,77777,A,7,2.7,E,8,0.000,F,8,0.00,F,8,0,1,D,9,00,C,8
07/25/1991,02:00,0,0,0,1,0,0,1,0,0,1,0,0,1,0,0,1,0,0,1,0,0,1,0,4,A,7,4,A,7,15.6,A,7,12.2,A,7,80,A,7,983,A,7,240,A,7,2.6,A,7,24000,B,7,77777,A,7,2.7,E,8,0.000,F,8,0.00,F,8,0,1,D,9,00,C,8
07/25/1991,03:00,0,0,0,1,0,0,1,0,0,1,0,0,1,0,0,1,0,0,1,0,0,1,0,5,A,7,5,A,7,17.8,A,7,13.3,A,7,75,A,7,982,A,7,190,A,7,2.6,A,7,24000,B,7,77777,A,7,2.7,E,8,0.000,F,8,0.00,F,8,0,1,D,9,00,C,8
07/25/1991,04:00,0,0,0,1,0,0,1,0,0,1,0,0,1,0,0,1,0,0,1,0,0,1,0,3,A,7,3,A,7,13.9,A,7,12.8,A,7,93,A,7,983,A,7,300,A,7,2.6,A,7,16000,B,7,77777,A,7,2.6,E,8,0.000,F,8,0.00,F,8,0,1,D,9,00,C,8
07/25/1991,05:00,0,0,0,1,0,0,1,0,0,1,0,0,1,0,0,1,0,0,1,0,0,1,0,7,A,7,7,A,7,14.4,A,7,13.3,A,7,93,A,7,983,A,7,280,A,7,2.6,A,7,16000,B,7,2591,A,7,2.6,E,8,0.000,F,8,0.00,F,8,0,1,D,9,00,C,8
07/25/1991,06:00,38,805,8,1,10,14,1,16,7,1,10,9,1,10,6,1,16,9,1,10,14,1,21,4,A,7,4,A,7,14.4,A,7,13.3,A,7,93,A,7,983,A,7,300,A,7,2.6,A,7,24000,B,7,77777,A,7,2.6,E,8,0.000,F,8,0.00,F,8,0,1,D,9,00,C,8
07/25/1991,07:00,246,1324,98,1,10,221,1,16,56,1,10,102,1,10,160,1,16,72,1,10,101,1,21,2,A,7,2,A,7,16.1,A,7,14.4,A,7,90,A,7,984,A,7,310,A,7,5.2,A,7,24000,B,7,77777,A,7,2.6,E,8,0.000,F,8,0.00,F,8,0,1,D,9,00,C,8
07/25/1991,08:00,483,1324,269,1,10,501,1,16,86,1,10,280,1,10,466,1,16,110,1,10,166,1,21,1,A,7,1,A,7,17.2,A,7,12.8,A,7,75,A,7,985,A,7,350,A,7,6.2,A,7,24000,B,7,77777,A,7,2.6,E,8,0.000,F,8,0.00,F,8,0,1,D,9,00,C,8
07/25/1991,09:00,708,1324,465,1,10,578,1,16,156,1,10,500,1,10,586,1,16,187,1,10,336,1,21,2,A,7,2,A,7,18.9,A,7,11.7,A,7,63,A,7,986,A,7,350,A,7,6.2,A,7,24000,B,7,77777,A,7,2.6,E,8,0.000,F,8,0.00,F,8,0,1,D,9,00,C,8
07/25/1991,10:00,905,1324,466,1,10,450,1,16,159,1,10,495,1,10,457,1,16,182,1,10,433,1,21,4,A,7,4,A,7,19.4,A,7,11.7,A,7,61,A,7,986,A,7,20,A,7,6.2,A,7,24000,B,7,77777,A,7,2.6,E,8,0.000,F,8,0.00,F,8,0,1,D,9,00,C,8
07/25/1991,11:00,1062,1324,760,1,10,671,1,16,221,1,10,802,1,10,681,1,16,255,1,10,788,1,21,4,A,7,4,A,7,21.7,A,7,11.7,A,7,53,A,7,986,A,7,360,A,7,3.6,A,7,24000,B,7,77777,A,7,2.5,E,8,0.000,F,8,0.00,F,8,0,1,D,9,00,C,8
07/25/1991,12:00,1167,1324,766,1,10,589,1,16,246,1,10,811,1,10,598,1,16,282,1,10,1186,1,21,6,A,7,6,A,7,21.1,A,7,11.1,A,7,53,A,7,987,A,7,310,A,7,3.6,A,7,24000,B,7,1128,A,7,2.5,E,8,0.000,F,8,0.00,F,8,0,1,D,9,00,C,8
07/25/1991,13:00,1213,1324,846,1,10,370,1,16,506,1,10,913,1,10,401,1,16,545,1,10,2786,1,21,7,A,7,7,A,7,22.2,A,7,10.6,A,7,48,A,7,986,A,7,320,A,7,3.6,A,7,24000,B,7,1311,A,7,2.5,E,8,0.000,F,8,0.00,F,8,0,1,D,9,00,C,8
07/25/1991,14:00,1197,1324,794,1,10,414,1,16,420,1,10,869,1,10,450,1,16,461,1,10,2141,1,21,8,A,7,8,A,7,21.7,A,7,11.1,A,7,51,A,7,987,A,7,330,A,7,5.2,A,7,24000,B,7,1372,A,7,2.5,E,8,0.000,F,8,0.00,F,8,0,1,D,9,00,C,8
07/25/1991,15:00,1120,1324,698,1,10,520,1,16,258,1,10,763,1,10,544,1,16,302,1,10,1088,1,21,7,A,7,7,A,7,22.2,A,7,11.1,A,7,49,A,7,987,A,7,290,A,7,5.2,A,7,24000,B,7,1494,A,7,2.5,E,8,0.000,F,8,0.00,F,8,0,1,D,9,00,C,8
07/25/1991,16:00,988,1324,679,1,10,573,1,16,251,1,10,730,1,10,597,1,16,284,1,10,779,1,21,5,A,7,5,A,7,23.3,A,7,10.0,A,7,43,A,7,987,A,7,320,A,7,4.6,A,7,24000,B,7,77777,A,7,2.4,E,8,0.000,F,8,0.00,F,8,0,1,D,9,00,C,8
07/25/1991,17:00,809,1324,504,1,10,441,1,16,234,1,10,529,1,10,452,1,16,253,1,10,568,1,21,6,A,7,6,A,7,22.8,A,7,10.6,A,7,46,A,7,987,A,7,330,A,7,4.1,A,7,24000,B,7,2286,A,7,2.4,E,8,0.000,F,8,0.00,F,8,0,1,D,9,00,C,8
07/25/1991,18:00,595,1324,294,1,10,320,1,16,150,1,10,318,1,10,326,1,16,172,1,10,314,1,21,5,A,7,5,A,7,22.2,A,7,11.1,A,7,49,A,7,987,A,7,340,A,7,4.1,A,7,24000,B,7,77777,A,7,2.4,E,8,0.000,F,8,0.00,F,8,0,1,D,9,00,C,8
07/25/1991,19:00,362,1324,173,1,10,320,1,16,85,1,10,181,1,10,274,1,16,106,1,10,157,1,21,4,A,7,4,A,7,20.6,A,7,11.7,A,7,57,A,7,987,A,7,360,A,7,3.6,A,7,24000,B,7,77777,A,7,2.4,E,8,0.000,F,8,0.00,F,8,0,1,D,9,00,C,8
07/25/1991,20:00,127,1324,35,1,10,47,1,16,30,1,10,38,1,10,25,1,16,35,1,10,62,1,21,5,A,7,5,A,7,19.4,A,7,12.2,A,7,63,A,7,988,A,7,360,A,7,4.6,A,7,24000,B,7,77777,A,7,2.4,E,8,0.000,F,8,0.00,F,8,0,1,D,9,00,C,8
07/25/1991,21:00,1,121,0,1,10,0,1,16,0,1,10,0,1,10,0,1,16,0,1,10,0,1,21,6,A,7,6,A,7,18.3,A,7,12.8,A,7,70,A,7,988,A,7,20,A,7,3.1,A,7,24000,B,7,2286,A,7,2.4,E,8,0.000,F,8,0.00,F,8,0,1,D,9,00,C,8
07/25/1991,22:00,0,0,0,1,0,0,1,0,0,1,0,0,1,0,0,1,0,0,1,0,0,1,0,9,A,7,9,A,7,17.8,A,7,12.2,A,7,70,A,7,989,A,7,20,A,7,2.1,A,7,24000,B,7,1829,A,7,2.3,E,8,0.000,F,8,0.00,F,8,0,1,D,9,00,C,8
07/25/1991,23:00,0,0,0,1,0,0,1,0,0,1,0,0,1,0,0,1,0,0,1,0,0,1,0,7,A,7,7,A,7,16.7,A,7,11.7,A,7,72,A,7,989,A,7,10,A,7,1.5,A,7,24000,B,7,2591,A,7,2.3,E,8,0.000,F,8,0.00,F,8,0,1,D,9,00,C,8
07/25/1991,24:00,0,0,0,1,0,0,1,0,0,1,0,0,1,0,0,1,0,0,1,0,0,1,0,6,A,7,6,A,7,13.9,A,7,11.7,A,7,87,A,7,990,A,7,360,A,7,2.1,A,7,24000,B,7,2134,A,7,2.3,E,8,0.000,F,8,0.00,F,8,0,1,D,9,00,C,8
07/26/1991,01:00,0,0,0,1,0,0,1,0,0,1,0,0,1,0,0,1,0,0,1,0,0,1,0,3,A,7,3,A,7,14.4,A,7,12.2,A,7,87,A,7,990,A,7,350,A,7,2.6,A,7,24000,B,7,77777,A,7,2.3,E,8,0.000,F,8,0.00,F,8,0,1,D,9,00,C,8
07/26/1991,02:00,0,0,0,1,0,0,1,0,0,1,0,0,1,0,0,1,0,0,1,0,0,1,0,0,A,7,0,A,7,13.3,A,7,11.1,A,7,87,A,7,990,A,7,360,A,7,2.6,A,7,24000,B,7,77777,A,7,2.3,E,8,0.000,F,8,0.00,F,8,0,1,D,9,00,C,8
07/26/1991,03:00,0,0,0,1,0,0,1,0,0,1,0,0,1,0,0,1,0,0,1,0,0,1,0,0,A,7,0,A,7,11.7,A,7,10.0,A,7,89,A,7,990,A,7,330,A,7,2.1,A,7,24000,B,7,77777,A,7,2.2,E,8,0.000,F,8,0.00,F,8,0,1,D,9,00,C,8
07/26/1991,04:00,0,0,0,1,0,0,1,0,0,1,0,0,1,0,0,1,0,0,1,0,0,1,0,0,A,7,0,A,7,10.0,A,7,8.9,A,7,93,A,7,990,A,7,0,A,7,0.0,A,7,24000,B,7,77777,A,7,2.2,E,8,0.000,F,8,0.00,F,8,0,1,D,9,00,C,8
07/26/1991,05:00,0,0,0,1,0,0,1,0,0,1,0,0,1,0,0,1,0,0,1,0,0,1,0,0,A,7,0,A,7,10.6,A,7,10.0,A,7,96,A,7,991,A,7,0,A,7,0.0,A,7,24000,B,7,77777,A,7,2.2,E,8,0.000,F,8,0.00,F,8,0,1,D,9,00,C,8
07/26/1991,06:00,36,783,9,1,10,48,1,16,7,1,10,11,1,10,17,1,16,10,1,10,12,1,21,0,A,7,0,A,7,10.0,A,7,9.4,A,7,96,A,7,992,A,7,0,A,7,0.0,A,7,24000,B,7,77777,A,7,2.2,E,8,0.000,F,8,0.00,F,8,0,1,D,9,00,C,8
07/26/1991,07:00,243,1324,116,1,10,393,1,16,43,1,10,119,1,10,291,1,16,65,1,10,79,1,21,0,A,7,0,A,7,13.9,A,7,11.1,A,7,83,A,7,992,A,7,0,A,7,0.0,A,7,24000,B,7,77777,A,7,2.2,E,8,0.000,F,8,0.00,F,8,0,1,D,9,00,C,8
07/26/1991,08:00,480,1324,295,1,10,625,1,16,68,1,10,311,1,10,586,1,16,99,1,10,136,1,21,0,A,7,0,A,7,17.8,A,7,12.8,A,7,73,A,7,993,A,7,360,A,7,2.1,A,7,24000,B,7,77777,A,7,2.2,E,8,0.000,F,8,0.00,F,8,0,1,D,9,00,C,8
07/26/1991,09:00,705,1324,466,1,10,672,1,16,107,1,10,494,1,10,672,1,16,136,1,10,240,1,21,1,A,7,1,A,7,19.4,A,7,13.3,A,7,68,A,7,993,A,7,10,A,7,3.6,A,7,24000,B,7,77777,A,7,2.2,E,8,0.000,F,8,0.00,F,8,0,1,D,9,00,C,8
07/26/1991,10:00,903,1324,625,1,10,724,1,16,131,1,10,653,1,10,724,1,16,158,1,10,329,1,21,2,A,7,2,A,7,21.1,A,7,10.0,A,7,49,A,7,993,A,7,330,A,7,4.6,A,7,24000,B,7,77777,A,7,2.2,E,8,0.000,F,8,0.00,F,8,0,1,D,9,00,C,8
07/26/1991,11:00,1060,1324,745,1,10,728,1,16,162,1,10,778,1,10,730,1,16,192,1,10,528,1,21,3,A,7,3,A,7,22.2,A,7,8.9,A,7,43,A,7,993,A,7,340,A,7,4.6,A,7,24000,B,7,77777,A,7,2.2,E,8,0.000,F,8,0.00,F,8,0,1,D,9,00,C,8
07/26/1991,12:00,1165,1324,798,1,10,720,1,16,164,1,10,844,1,10,727,1,16,203,1,10,741,1,21,2,A,7,2,A,7,22.2,A,7,9.4,A,7,44,A,7,993,A,7,320,A,7,3.6,A,7,24000,B,7,77777,A,7,2.2,E,8,0.000,F,8,0.00,F,8,0,1,D,9,00,C,8
07/26/1991,13:00,1211,1324,864,1,10,689,1,16,234,1,10,923,1,10,703,1,16,279,1,10,1350,1,21,5,A,7,5,A,7,22.2,A,7,9.4,A,7,44,A,7,993,A,7,20,A,7,3.1,A,7,24000,B,7,77777,A,7,2.2,E,8,0.000,F,8,0.00,F,8,0,1,D,9,00,C,8
07/26/1991,14:00,1195,1324,687,1,10,434,1,16,295,1,10,748,1,10,455,1,16,337,1,10,1617,1,21,5,A,7,5,A,7,23.3,A,7,10.0,A,7,43,A,7,992,A,7,20,A,7,4.1,A,7,24000,B,7,77777,A,7,2.2,E,8,0.000,F,8,0.00,F,8,0,1,D,9,00,C,8
07/26/1991,15:00,1119,1324,707,1,10,494,1,16,290,1,10,764,1,10,516,1,16,327,1,10,1223,1,21,5,A,7,5,A,7,23.3,A,7,10.0,A,7,43,A,7,992,A,7,320,A,7,3.6,A,7,24000,B,7,77777,A,7,2.2,E,8,0.000,F,8,0.00,F,8,0,1,D,9,00,C,8
07/26/1991,16:00,986,1324,387,1,10,230,1,16,216,1,10,434,1,10,250,1,16,247,1,10,638,1,21,6,A,7,6,A,7,24.4,A,7,10.0,A,7,40,A,7,992,A,7,20,A,7,2.6,A,7,24000,B,7,1676,A,7,2.2,E,8,0.000,F,8,0.00,F,8,0,1,D,9,00,C,8
07/26/1991,17:00,806,1324,442,1,10,336,1,16,238,1,10,480,1,10,358,1,16,261,1,10,592,1,21,6,A,7,6,A,7,23.9,A,7,10.6,A,7,43,A,7,992,A,7,10,A,7,3.6,A,7,24000,B,7,2286,A,7,2.2,E,8,0.000,F,8,0.00,F,8,0,1,D,9,00,C,8
07/26/1991,18:00,592,1324,326,1,10,461,1,16,120,1,10,352,1,10,454,1,16,148,1,10,237,1,21,4,A,7,4,A,7,23.3,A,7,10.6,A,7,45,A,7,992,A,7,300,A,7,2.6,A,7,24000,B,7,77777,A,7,2.2,E,8,0.000,F,8,0.00,F,8,0,1,D,9,00,C,8
07/26/1991,19:00,359,1324,155,1,10,314,1,16,70,1,10,166,1,10,268,1,16,93,1,10,126,1,21,4,A,7,4,A,7,22.2,A,7,11.7,A,7,51,A,7,992,A,7,340,A,7,1.5,A,7,24000,B,7,77777,A,7,2.2,E,8,0.000,F,8,0.00,F,8,0,1,D,9,00,C,8
07/26/1991,20:00,124,1324,34,1,10,90,1,16,26,1,10,37,1,10,41,1,16,33,1,10,46,1,21,2,A,7,2,A,7,18.3,A,7,12.8,A,7,70,A,7,992,A,7,340,A,7,1.5,A,7,24000,B,7,77777,A,7,2.2,E,8,0.000,F,8,0.00,F,8,0,1,D,9,00,C,8
07/26/1991,21:00,0,99,0,1,10,1,1,16,0,1,10,0,1,10,0,1,16,0,1,10,0,1,21,4,A,7,4,A,7,16.1,A,7,12.8,A,7,81,A,7,992,A,7,0,A,7,0.0,A,7,24000,B,7,77777,A,7,2.2,E,8,0.000,F,8,0.00,F,8,0,1,D,9,00,C,8
07/26/1991,22:00,0,0,0,1,0,0,1,0,0,1,0,0,1,0,0,1,0,0,1,0,0,1,0,4,A,7,4,A,7,15.0,A,7,12.2,A,7,83,A,7,993,A,7,0,A,7,0.0,A,7,24000,B,7,77777,A,7,2.2,E,8,0.000,F,8,0.00,F,8,0,1,D,9,00,C,8
07/26/1991,23:00,0,0,0,1,0,0,1,0,0,1,0,0,1,0,0,1,0,0,1,0,0,1,0,3,A,7,3,A,7,13.9,A,7,11.7,A,7,87,A,7,993,A,7,280,A,7,2.6,A,7,24000,B,7,77777,A,7,2.2,E,8,0.000,F,8,0.00,F,8,0,1,D,9,00,C,8
07/26/1991,24:00,0,0,0,1,0,0,1,0,0,1,0,0,1,0,0,1,0,0,1,0,0,1,0,0,A,7,0,A,7,14.4,A,7,11.7,A,7,84,A,7,993,A,7,0,A,7,0.0,A,7,24000,B,7,77777,A,7,2.3,E,8,0.000,F,8,0.00,F,8,0,1,D,9,00,C,8
07/27/1991,01:00,0,0,0,1,0,0,1,0,0,1,0,0,1,0,0,1,0,0,1,0,0,1,0,0,A,7,0,A,7,11.1,A,7,10.6,A,7,97,A,7,993,A,7,0,A,7,0.0,A,7,16000,B,7,77777,A,7,2.3,E,8,0.000,F,8,0.00,F,8,0,1,D,9,00,C,8
07/27/1991,02:00,0,0,0,1,0,0,1,0,0,1,0,0,1,0,0,1,0,0,1,0,0,1,0,0,A,7,0,A,7,11.7,A,7,11.1,A,7,96,A,7,993,A,7,0,A,7,0.0,A,7,16000,B,7,77777,A,7,2.3,E,8,0.000,F,8,0.00,F,8,0,1,D,9,00,C,8
07/27/1991,03:00,0,0,0,1,0,0,1,0,0,1,0,0,1,0,0,1,0,0,1,0,0,1,0,0,A,7,0,A,7,10.0,A,7,9.4,A,7,96,A,7,993,A,7,0,A,7,0.0,A,7,11200,B,7,77777,A,7,2.3,E,8,0.000,F,8,0.00,F,8,0,1,D,9,00,C,8
07/27/1991,04:00,0,0,0,1,0,0,1,0,0,1,0,0,1,0,0,1,0,0,1,0,0,1,0,0,A,7,0,A,7,9.4,A,7,9.4,A,7,100,A,7,993,A,7,0,A,7,0.0,A,7,16000,B,7,77777,A,7,2.3,E,8,0.000,F,8,0.00,F,8,0,1,D,9,00,C,8
07/27/1991,05:00,0,0,0,1,0,0,1,0,0,1,0,0,1,0,0,1,0,0,1,0,0,1,0,0,A,7,0,A,7,8.9,A,7,8.9,A,7,100,A,7,994,A,7,0,A,7,0.0,A,7,16000,B,7,77777,A,7,2.3,E,8,0.000,F,8,0.00,F,8,0,1,D,9,00,C,8
07/27/1991,06:00,34,762,8,1,10,55,1,16,6,1,10,9,1,10,24,1,16,8,1,10,12,1,21,0,A,7,0,A,7,9.4,A,7,9.4,A,7,100,A,7,994,A,7,80,A,7,2.6,A,7,16000,B,7,77777,A,7,2.3,E,8,0.000,F,8,0.00,F,8,0,1,D,9,00,C,8
07/27/1991,07:00,240,1324,115,1,10,412,1,16,41,1,10,119,1,10,304,1,16,64,1,10,75,1,21,0,A,7,0,A,7,13.9,A,7,12.8,A,7,93,A,7,994,A,7,90,A,7,2.6,A,7,16000,B,7,77777,A,7,2.3,E,8,0.000,F,8,0.00,F,8,0,1,D,9,00,C,8
07/27/1991,08:00,477,1324,281,1,10,592,1,16,68,1,10,297,1,10,554,1,16,98,1,10,136,1,21,1,A,7,1,A,7,17.8,A,7,12.8,A,7,73,A,7,995,A,7,100,A,7,3.6,A,7,16000,B,7,77777,A,7,2.3,E,8,0.000,F,8,0.00,F,8,0,1,D,9,00,C,8
07/27/1991,09:00,702,1324,470,1,10,644,1,16,129,1,10,493,1,10,638,1,16,154,1,10,281,1,21,2,A,7,2,A,7,20.0,A,7,12.8,A,7,63,A,7,995,A,7,110,A,7,2.6,A,7,19200,B,7,77777,A,7,2.3,E,8,0.000,F,8,0.00,F,8,0,1,D,9,00,C,8
07/27/1991,10:00,901,1324,550,1,10,484,1,16,220,1,10,590,1,10,502,1,16,249,1,10,589,1,21,5,A,7,5,A,7,21.7,A,7,13.3,A,7,59,A,7,995,A,7,80,A,7,2.1,A,7,19200,B,7,77777,A,7,2.4,E,8,0.000,F,8,0.00,F,8,0,1,D,9,00,C,8
07/27/1991,11:00,1058,1324,526,1,10,426,1,16,185,1,10,561,1,10,436,1,16,213,1,10,664,1,21,7,A,7,7,A,7,23.3,A,7,12.8,A,7,52,A,7,995,A,7,90,A,7,1.5,A,7,19200,B,7,2743,A,7,2.4,E,8,0.000,F,8,0.00,F,8,0,1,D,9,00,C,8
07/27/1991,12:00,1163,1324,351,1,10,100,1,16,262,1,10,396,1,10,108,1,16,301,1,10,1155,1,21,8,A,7,8,A,7,23.3,A,7,13.9,A,7,55,A,7,994,A,7,60,A,7,2.1,A,7,19200,B,7,1524,A,7,2.4,E,8,0.000,F,8,0.00,F,8,0,1,D,9,00,C,8
07/27/1991,13:00,1210,1324,834,1,10,664,1,16,227,1,10,892,1,10,679,1,16,271,1,10,1300,1,21,7,A,7,6,A,7,25.0,A,7,12.8,A,7,47,A,7,994,A,7,40,A,7,4.1,A,7,19200,B,7,1524,A,7,2.5,E,8,0.000,F,8,0.00,F,8,0,1,D,9,00,C,8
07/27/1991,14:00,1194,1324,650,1,10,511,1,16,189,1,10,703,1,10,526,1,16,228,1,10,1024,1,21,8,A,7,6,A,7,23.3,A,7,12.2,A,7,50,A,7,994,A,7,70,A,7,4.1,A,7,19200,B,7,1494,A,7,2.5,E,8,0.000,F,8,0.00,F,8,0,1,D,9,00,C,8
07/27/1991,15:00,1117,1324,563,1,10,395,1,16,230,1,10,622,1,10,414,1,16,272,1,10,953,1,21,7,A,7,5,A,7,25.0,A,7,12.8,A,7,47,A,7,993,A,7,10,A,7,3.1,A,7,19200,B,7,7620,A,7,2.5,E,8,0.000,F,8,0.00,F,8,0,1,D,9,00,C,8
07/27/1991,16:00,984,1324,411,1,10,233,1,16,238,1,10,457,1,10,253,1,16,269,1,10,708,1,21,8,A,7,8,A,7,25.0,A,7,12.8,A,7,47,A,7,993,A,7,70,A,7,5.7,A,7,19200,B,7,1433,A,7,2.5,E,8,0.000,F,8,0.00,F,8,0,1,D,9,00,C,8
07/27/1991,17:00,804,1324,534,1,10,733,1,16,88,1,10,572,1,10,737,1,16,124,1,10,219,1,21,2,A,7,2,A,7,25.6,A,7,12.8,A,7,45,A,7,993,A,7,40,A,7,4.1,A,7,24000,B,7,77777,A,7,2.6,E,8,0.000,F,8,0.00,F,8,0,1,D,9,00,C,8
07/27/1991,18:00,590,1324,383,1,10,670,1,16,85,1,10,407,1,10,654,1,16,115,1,10,178,1,21,3,A,7,0,A,7,25.0,A,7,12.2,A,7,45,A,7,992,A,7,20,A,7,2.6,A,7,24000,B,7,77777,A,7,2.6,E,8,0.000,F,8,0.00,F,8,0,1,D,9,00,C,8
07/27/1991,19:00,356,1324,182,1,10,383,1,16,79,1,10,192,1,10,326,1,16,105,1,10,145,1,21,9,A,7,1,A,7,22.8,A,7,12.8,A,7,53,A,7,993,A,7,40,A,7,4.1,A,7,24000,B,7,77777,A,7,2.6,E,8,0.000,F,8,0.00,F,8,0,1,D,9,00,C,8
07/27/1991,20:00,120,1324,41,1,10,93,1,16,32,1,10,43,1,10,41,1,16,39,1,10,58,1,21,9,A,7,1,A,7,20.0,A,7,13.3,A,7,65,A,7,992,A,7,40,A,7,3.6,A,7,24000,B,7,77777,A,7,2.6,E,8,0.000,F,8,0.00,F,8,0,1,D,9,00,C,8
07/27/1991,21:00,0,77,0,1,10,1,1,16,0,1,10,0,1,10,0,1,16,0,1,10,0,1,21,9,A,7,1,A,7,17.2,A,7,12.8,A,7,75,A,7,993,A,7,60,A,7,2.6,A,7,24000,B,7,77777,A,7,2.7,E,8,0.000,F,8,0.00,F,8,0,1,D,9,00,C,8
07/27/1991,22:00,0,0,0,1,0,0,1,0,0,1,0,0,1,0,0,1,0,0,1,0,0,1,0,9,A,7,3,A,7,15.6,A,7,12.8,A,7,83,A,7,993,A,7,80,A,7,2.6,A,7,24000,B,7,77777,A,7,2.7,E,8,0.000,F,8,0.00,F,8,0,1,D,9,00,C,8
07/27/1991,23:00,0,0,0,1,0,0,1,0,0,1,0,0,1,0,0,1,0,0,1,0,0,1,0,10,A,7,7,A,7,17.2,A,7,13.3,A,7,78,A,7,993,A,7,50,A,7,2.1,A,7,24000,B,7,2591,A,7,2.7,E,8,0.000,F,8,0.00,F,8,0,1,D,9,00,C,8
07/27/1991,24:00,0,0,0,1,0,0,1,0,0,1,0,0,1,0,0,1,0,0,1,0,0,1,0,10,A,7,5,A,7,16.7,A,7,13.3,A,7,80,A,7,993,A,7,40,A,7,2.1,A,7,16000,B,7,77777,A,7,2.8,E,8,0.000,F,8,0.00,F,8,0,1,D,9,00,C,8
07/28/1991,01:00,0,0,0,1,0,0,1,0,0,1,0,0,1,0,0,1,0,0,1,0,0,1,0,8,A,7,1,A,7,15.6,A,7,12.8,A,7,83,A,7,993,A,7,70,A,7,2.6,A,7,16000,B,7,77777,A,7,2.8,E,8,0.000,F,8,0.00,F,8,0,1,D,9,00,C,8
07/28/1991,02:00,0,0,0,1,0,0,1,0,0,1,0,0,1,0,0,1,0,0,1,0,0,1,0,10,A,7,7,A,7,16.7,A,7,13.3,A,7,80,A,7,993,A,7,70,A,7,2.1,A,7,16000,B,7,2591,A,7,2.8,E,8,0.000,F,8,0.00,F,8,0,1,D,9,00,C,8
07/28/1991,03:00,0,0,0,1,0,0,1,0,0,1,0,0,1,0,0,1,0,0,1,0,0,1,0,9,A,7,9,A,7,15.0,A,7,13.3,A,7,90,A,7,993,A,7,70,A,7,2.6,A,7,16000,B,7,4572,A,7,2.8,E,8,0.000,F,8,0.00,F,8,0,1,D,9,00,C,8
07/28/1991,04:00,0,0,0,1,0,0,1,0,0,1,0,0,1,0,0,1,0,0,1,0,0,1,0,6,A,7,4,A,7,14.4,A,7,12.8,A,7,90,A,7,992,A,7,80,A,7,2.6,A,7,16000,B,7,4572,A,7,2.9,E,8,0.000,F,8,0.00,F,8,0,1,D,9,00,C,8
07/28/1991,05:00,0,0,0,1,0,0,1,0,0,1,0,0,1,0,0,1,0,0,1,0,0,1,0,8,A,7,8,A,7,14.4,A,7,12.8,A,7,90,A,7,992,A,7,90,A,7,2.1,A,7,16000,B,7,4572,A,7,2.9,E,8,0.000,F,8,0.00,F,8,0,1,D,9,00,C,8
07/28/1991,06:00,32,740,5,1,10,0,1,16,5,1,10,6,1,10,0,1,16,6,1,10,20,1,21,10,A,7,10,A,7,14.4,A,7,12.8,A,7,90,A,7,992,A,7,90,A,7,2.6,A,7,16000,B,7,3658,A,7,2.9,E,8,0.000,F,8,0.00,F,8,0,1,D,9,00,C,8
07/28/1991,07:00,236,1325,68,1,10,43,1,16,60,1,10,74,1,10,34,1,16,68,1,10,150,1,21,9,A,7,8,A,7,16.1,A,7,12.8,A,7,81,A,7,992,A,7,130,A,7,2.6,A,7,24000,B,7,3658,A,7,2.9,E,8,0.000,F,8,0.00,F,8,0,1,D,9,00,C,8
07/28/1991,08:00,474,1325,179,1,10,71,1,16,154,1,10,197,1,10,67,1,16,172,1,10,413,1,21,9,A,7,7,A,7,19.4,A,7,12.8,A,7,66,A,7,992,A,7,110,A,7,3.6,A,7,24000,B,7,3658,A,7,2.9,E,8,0.000,F,8,0.00,F,8,0,1,D,9,00,C,8
07/28/1991,09:00,700,1325,312,1,10,247,1,16,182,1,10,340,1,10,259,1,16,203,1,10,408,1,21,9,A,7,8,A,7,21.1,A,7,11.1,A,7,53,A,7,992,A,7,140,A,7,5.7,A,7,24000,B,7,3658,A,7,2.9,E,8,0.000,F,8,0.00,F,8,0,1,D,9,00,C,8
07/28/1991,10:00,898,1325,424,1,10,222,1,16,273,1,10,460,1,10,239,1,16,298,1,10,749,1,21,9,A,7,7,A,7,22.8,A,7,11.7,A,7,50,A,7,992,A,7,120,A,7,4.1,A,7,24000,B,7,4267,A,7,2.9,E,8,0.000,F,8,0.00,F,8,0,1,D,9,00,C,8
07/28/1991,11:00,1056,1325,348,1,10,96,1,16,271,1,10,389,1,10,103,1,16,307,1,10,966,1,21,9,A,7,9,A,7,23.3,A,7,10.6,A,7,45,A,7,992,A,7,120,A,7,5.2,A,7,24000,B,7,3658,A,7,2.9,E,8,0.000,F,8,0.00,F,8,0,1,D,9,00,C,8
07/28/1991,12:00,1161,1325,376,1,10,97,1,16,291,1,10,423,1,10,104,1,16,331,1,10,1276,1,21,9,A,7,9,A,7,23.9,A,7,11.1,A,7,45,A,7,991,A,7,110,A,7,5.7,A,7,24000,B,7,3658,A,7,2.9,E,8,0.000,F,8,0.00,F,8,0,1,D,9,00,C,8
07/28/1991,13:00,1208,1325,435,1,10,163,1,16,286,1,10,490,1,10,178,1,16,327,1,10,1461,1,21,9,A,7,8,A,7,25.0,A,7,11.7,A,7,43,A,7,991,A,7,100,A,7,5.2,A,7,24000,B,7,3658,A,7,2.9,E,8,0.000,F,8,0.00,F,8,0,1,D,9,00,C,8
07/28/1991,14:00,1192,1325,765,1,10,503,1,16,312,1,10,828,1,10,526,1,16,353,1,10,1685,1,21,9,A,7,7,A,7,25.6,A,7,12.2,A,7,43,A,7,990,A,7,80,A,7,7.2,A,7,24000,B,7,3658,A,7,2.9,E,8,0.000,F,8,0.00,F,8,0,1,D,9,00,C,8
07/28/1991,15:00,1115,1325,326,1,10,94,1,16,247,1,10,369,1,10,101,1,16,284,1,10,977,1,21,10,A,7,9,A,7,25.0,A,7,11.7,A,7,43,A,7,990,A,7,70,A,7,5.2,A,7,24000,B,7,3658,A,7,2.9,E,8,0.000,F,8,0.00,F,8,0,1,D,9,00,C,8
07/28/1991,16:00,981,1325,260,1,10,0,1,16,260,1,10,306,1,10,0,1,16,306,1,10,1190,1,21,10,A,7,10,A,7,25.0,A,7,10.6,A,7,40,A,7,990,A,7,60,A,7,4.6,A,7,24000,B,7,3962,A,7,2.9,E,8,0.000,F,8,0.00,F,8,0,1,D,9,00,C,8
07/28/1991,17:00,801,1325,204,1,10,0,1,16,204,1,10,238,1,10,0,1,16,238,1,10,897,1,21,10,A,7,10,A,7,23.9,A,7,11.1,A,7,45,A,7,989,A,7,50,A,7,5.2,A,7,24000,B,7,3962,A,7,2.9,E,8,0.000,F,8,0.00,F,8,0,1,D,9,00,C,8
07/28/1991,18:00,587,1325,137,1,10,0,1,16,137,1,10,158,1,10,0,1,16,158,1,10,567,1,21,10,A,7,10,A,7,22.8,A,7,10.6,A,7,46,A,7,989,A,7,60,A,7,5.2,A,7,24000,B,7,3962,A,7,2.9,E,8,0.000,F,8,0.00,F,8,0,1,D,9,00,C,8
07/28/1991,19:00,352,1325,69,1,10,0,1,16,69,1,10,79,1,10,0,1,16,79,1,10,268,1,21,10,A,7,10,A,7,21.7,A,7,10.6,A,7,49,A,7,989,A,7,80,A,7,2.6,A,7,24000,B,7,4267,A,7,2.9,E,8,0.000,F,8,0.00,F,8,0,1,D,9,00,C,8
07/28/1991,20:00,117,1325,24,1,10,0,1,16,24,1,10,27,1,10,0,1,16,27,1,10,83,1,21,10,A,7,10,A,7,20.0,A,7,10.0,A,7,53,A,7,989,A,7,50,A,7,3.6,A,7,24000,B,7,3962,A,7,2.9,E,8,0.000,F,8,0.00,F,8,0,1,D,9,00,C,8
07/28/1991,21:00,0,55,0,1,10,0,1,16,0,1,10,0,1,10,0,1,16,0,1,10,0,1,21,10,A,7,10,A,7,18.9,A,7,10.6,A,7,59,A,7,989,A,7,40,A,7,3.1,A,7,24000,B,7,3962,A,7,2.9,E,8,0.000,F,8,0.00,F,8,0,1,D,9,00,C,8
07/28/1991,22:00,0,0,0,1,0,0,1,0,0,1,0,0,1,0,0,1,0,0,1,0,0,1,0,10,A,7,10,A,7,18.3,A,7,11.1,A,7,63,A,7,989,A,7,70,A,7,2.1,A,7,24000,B,7,3353,A,7,2.9,E,8,0.000,F,8,0.00,F,8,0,1,D,9,00,C,8
07/28/1991,23:00,0,0,0,1,0,0,1,0,0,1,0,0,1,0,0,1,0,0,1,0,0,1,0,10,A,7,10,A,7,17.2,A,7,11.1,A,7,67,A,7,988,A,7,70,A,7,5.2,A,7,24000,B,7,3048,A,7,2.9,E,8,0.000,F,8,0.00,F,8,0,1,D,9,00,C,8
07/28/1991,24:00,0,0,0,1,0,0,1,0,0,1,0,0,1,0,0,1,0,0,1,0,0,1,0,10,A,7,10,A,7,17.8,A,7,11.1,A,7,65,A,7,988,A,7,90,A,7,4.6,A,7,24000,B,7,3353,A,7,2.9,E,8,0.000,F,8,0.00,F,8,0,1,D,9,00,C,8
07/29/1991,01:00,0,0,0,1,0,0,1,0,0,1,0,0,1,0,0,1,0,0,1,0,0,1,0,10,A,7,10,A,7,17.2,A,7,11.7,A,7,70,A,7,987,A,7,80,A,7,4.6,A,7,24000,B,7,3048,A,7,2.9,E,8,0.000,F,8,0.00,F,8,0,1,D,9,00,C,8
07/29/1991,02:00,0,0,0,1,0,0,1,0,0,1,0,0,1,0,0,1,0,0,1,0,0,1,0,10,A,7,10,A,7,17.2,A,7,12.2,A,7,72,A,7,987,A,7,100,A,7,3.6,A,7,24000,B,7,3353,A,7,2.9,E,8,0.000,F,8,0.00,F,8,0,1,D,9,00,C,8
07/29/1991,03:00,0,0,0,1,0,0,1,0,0,1,0,0,1,0,0,1,0,0,1,0,0,1,0,10,A,7,10,A,7,16.7,A,7,12.8,A,7,78,A,7,986,A,7,40,A,7,2.1,A,7,24000,B,7,2896,A,7,2.8,E,8,0.000,F,8,0.00,F,8,0,1,D,9,61,C,8
07/29/1991,04:00,0,0,0,1,0,0,1,0,0,1,0,0,1,0,0,1,0,0,1,0,0,1,0,10,A,7,10,A,7,16.1,A,7,13.3,A,7,83,A,7,987,A,7,270,A,7,1.5,A,7,16000,B,7,2743,A,7,2.8,E,8,0.000,F,8,0.00,F,8,0,1,D,9,00,C,8
07/29/1991,05:00,0,0,0,1,0,0,1,0,0,1,0,0,1,0,0,1,0,0,1,0,0,1,0,10,A,7,10,A,7,15.0,A,7,14.4,A,7,96,A,7,986,A,7,360,A,7,2.6,A,7,16000,B,7,2591,A,7,2.8,E,8,0.000,F,8,0.00,F,8,3,1,D,9,61,C,8
07/29/1991,06:00,30,718,4,1,10,0,1,16,4,1,10,5,1,10,0,1,16,5,1,10,16,1,21,10,A,7,10,A,7,15.0,A,7,14.4,A,7,96,A,7,986,A,7,80,A,7,2.1,A,7,19200,B,7,2438,A,7,2.8,E,8,0.000,F,8,0.00,F,8,0,1,D,9,80,C,8
07/29/1991,07:00,233,1325,33,1,10,0,1,16,33,1,10,39,1,10,0,1,16,39,1,10,129,1,21,10,A,7,10,A,7,15.0,A,7,13.9,A,7,93,A,7,986,A,7,40,A,7,2.6,A,7,16000,B,7,2134,A,7,2.8,E,8,0.000,F,8,0.00,F,8,3,1,D,9,00,C,8
07/29/1991,08:00,471,1325,84,1,10,0,1,16,84,1,10,98,1,10,0,1,16,98,1,10,351,1,21,10,A,7,10,A,7,15.6,A,7,15.0,A,7,96,A,7,985,A,7,70,A,7,2.1,A,7,12800,B,7,1829,A,7,2.8,E,8,0.000,F,8,0.00,F,8,3,1,D,9,80,C,8
07/29/1991,09:00,697,1325,139,1,10,0,1,16,139,1,10,164,1,10,0,1,16,164,1,10,622,1,21,10,A,7,10,A,7,16.1,A,7,15.0,A,7,93,A,7,985,A,7,30,A,7,4.6,A,7,12800,B,7,1981,A,7,2.8,E,8,0.000,F,8,0.00,F,8,3,1,D,9,00,C,8
07/29/1991,10:00,896,1325,189,1,10,0,1,16,189,1,10,225,1,10,0,1,16,225,1,10,892,1,21,10,A,7,10,A,7,15.6,A,7,15.0,A,7,96,A,7,985,A,7,20,A,7,5.2,A,7,12800,B,7,1981,A,7,2.8,E,8,0.000,F,8,0.00,F,8,3,1,D,9,80,C,8
07/29/1991,11:00,1054,1325,228,1,10,0,1,16,228,1,10,274,1,10,0,1,16,274,1,10,1104,1,21,10,A,7,10,A,7,15.6,A,7,15.0,A,7,96,A,7,986,A,7,10,A,7,4.1,A,7,3200,B,7,1097,A,7,2.8,E,8,0.000,F,8,0.00,F,8,15,1,D,9,00,C,8
07/29/1991,12:00,1159,1325,253,1,10,0,1,16,253,1,10,306,1,10,0,1,16,306,1,10,1225,1,21,10,A,7,10,A,7,15.6,A,7,15.0,A,7,96,A,7,985,A,7,90,A,7,5.2,A,7,4800,B,7,1219,A,7,2.7,E,8,0.000,F,8,0.00,F,8,48,1,D,9,81,C,8
07/29/1991,13:00,1206,1325,264,1,10,0,1,16,264,1,10,320,1,10,0,1,16,320,1,10,1278,1,21,10,A,7,10,A,7,16.1,A,7,15.6,A,7,97,A,7,984,A,7,60,A,7,7.2,A,7,8000,B,7,914,A,7,2.7,E,8,0.000,F,8,0.00,F,8,25,1,D,9,45,C,8
07/29/1991,14:00,1190,1325,261,1,10,0,1,16,261,1,10,316,1,10,0,1,16,316,1,10,1263,1,21,10,A,7,10,A,7,16.1,A,7,15.6,A,7,97,A,7,983,A,7,80,A,7,5.2,A,7,8000,B,7,1524,A,7,2.7,E,8,0.000,F,8,0.00,F,8,25,1,D,9,45,C,8
07/29/1991,15:00,1112,1325,242,1,10,0,1,16,242,1,10,292,1,10,0,1,16,292,1,10,1173,1,21,10,A,7,10,A,7,16.7,A,7,15.6,A,7,93,A,7,983,A,7,90,A,7,4.1,A,7,9600,B,7,1676,A,7,2.7,E,8,0.000,F,8,0.00,F,8,13,1,D,9,45,C,8
07/29/1991,16:00,979,1325,209,1,10,0,1,16,209,1,10,250,1,10,0,1,16,250,1,10,1003,1,21,10,A,7,10,A,7,16.7,A,7,15.6,A,7,93,A,7,982,A,7,90,A,7,4.1,A,7,9600,B,7,701,A,7,2.7,E,8,0.000,F,8,0.00,F,8,0,1,D,9,45,C,8
07/29/1991,17:00,799,1325,164,1,10,0,1,16,164,1,10,194,1,10,0,1,16,194,1,10,756,1,21,10,A,7,10,A,7,16.7,A,7,15.0,A,7,90,A,7,983,A,7,80,A,7,2.1,A,7,9600,B,7,671,A,7,2.7,E,8,0.000,F,8,0.00,F,8,0,1,D,9,45,C,8
07/29/1991,18:00,584,1325,93,1,10,0,1,16,93,1,10,111,1,10,0,1,16,111,1,10,415,1,21,10,A,7,10,A,7,16.7,A,7,15.6,A,7,93,A,7,983,A,7,20,A,7,2.1,A,7,9600,B,7,213,A,7,2.7,E,8,0.000,F,8,0.00,F,8,0,1,D,9,45,C,8
07/29/1991,19:00,349,1325,47,1,10,0,1,16,47,1,10,56,1,10,0,1,16,56,1,10,195,1,21,10,A,7,10,A,7,16.1,A,7,15.6,A,7,97,A,7,983,A,7,360,A,7,2.6,A,7,4800,B,7,274,A,7,2.6,E,8,0.000,F,8,0.00,F,8,0,1,D,9,45,C,8
07/29/1991,20:00,113,1325,15,1,10,0,1,16,15,1,10,18,1,10,0,1,16,18,1,10,56,1,21,10,A,7,10,A,7,16.1,A,7,15.6,A,7,97,A,7,983,A,7,20,A,7,1.5,A,7,4800,B,7,305,A,7,2.6,E,8,0.000,F,8,0.00,F,8,0,1,D,9,45,C,8
07/29/1991,21:00,0,33,0,1,10,0,1,16,0,1,10,0,1,10,0,1,16,0,1,10,0,1,21,10,A,7,10,A,7,16.1,A,7,15.6,A,7,97,A,7,983,A,7,70,A,7,1.5,A,7,3200,B,7,61,A,7,2.6,E,8,0.000,F,8,0.00,F,8,0,1,D,9,45,C,8
07/29/1991,22:00,0,0,0,1,0,0,1,0,0,1,0,0,1,0,0,1,0,0,1,0,0,1,0,10,A,7,10,A,7,16.1,A,7,15.6,A,7,97,A,7,983,A,7,300,A,7,1.5,A,7,3200,B,7,244,A,7,2.6,E,8,0.000,F,8,0.00,F,8,0,1,D,9,45,C,8
07/29/1991,23:00,0,0,0,1,0,0,1,0,0,1,0,0,1,0,0,1,0,0,1,0,0,1,0,10,A,7,10,A,7,16.1,A,7,15.6,A,7,97,A,7,983,A,7,250,A,7,2.6,A,7,3200,B,7,244,A,7,2.6,E,8,0.000,F,8,0.00,F,8,0,1,D,9,45,C,8
07/29/1991,24:00,0,0,0,1,0,0,1,0,0,1,0,0,1,0,0,1,0,0,1,0,0,1,0,10,A,7,8,A,7,15.6,A,7,15.6,A,7,100,A,7,983,A,7,290,A,7,2.1,A,7,3200,B,7,91,A,7,2.6,E,8,0.000,F,8,0.00,F,8,0,1,D,9,45,C,8
07/30/1991,01:00,0,0,0,1,0,0,1,0,0,1,0,0,1,0,0,1,0,0,1,0,0,1,0,10,A,7,10,A,7,16.1,A,7,15.6,A,7,97,A,7,983,A,7,290,A,7,2.6,A,7,3200,B,7,1189,A,7,2.5,E,8,0.000,F,8,0.00,F,8,0,1,D,9,45,C,8
07/30/1991,02:00,0,0,0,1,0,0,1,0,0,1,0,0,1,0,0,1,0,0,1,0,0,1,0,10,A,7,10,A,7,16.1,A,7,16.1,A,7,100,A,7,983,A,7,300,A,7,3.6,A,7,3200,B,7,1524,A,7,2.5,E,8,0.000,F,8,0.00,F,8,0,1,D,9,45,C,8
07/30/1991,03:00,0,0,0,1,0,0,1,0,0,1,0,0,1,0,0,1,0,0,1,0,0,1,0,10,A,7,9,A,7,16.1,A,7,15.6,A,7,97,A,7,983,A,7,310,A,7,3.1,A,7,3200,B,7,122,A,7,2.5,E,8,0.000,F,8,0.00,F,8,0,1,D,9,45,C,8
07/30/1991,04:00,0,0,0,1,0,0,1,0,0,1,0,0,1,0,0,1,0,0,1,0,0,1,0,10,A,7,10,A,7,16.1,A,7,15.6,A,7,97,A,7,983,A,7,320,A,7,4.1,A,7,8000,B,7,152,A,7,2.5,E,8,0.000,F,8,0.00,F,8,0,1,D,9,45,C,8
07/30/1991,05:00,0,0,0,1,0,0,1,0,0,1,0,0,1,0,0,1,0,0,1,0,0,1,0,10,A,7,10,A,7,15.6,A,7,15.0,A,7,96,A,7,984,A,7,310,A,7,4.6,A,7,8000,B,7,122,A,7,2.5,E,8,0.000,F,8,0.00,F,8,0,1,D,9,45,C,8
07/30/1991,06:00,28,696,2,1,10,0,1,16,2,1,10,3,1,10,0,1,16,3,1,10,8,1,21,10,A,7,10,A,7,15.0,A,7,14.4,A,7,96,A,7,984,A,7,320,A,7,4.6,A,7,8000,B,7,152,A,7,2.5,E,8,0.000,F,8,0.00,F,8,0,1,D,9,45,C,8
07/30/1991,07:00,230,1325,28,1,10,0,1,16,28,1,10,33,1,10,0,1,16,33,1,10,111,1,21,10,A,7,10,A,7,15.0,A,7,13.9,A,7,93,A,7,985,A,7,310,A,7,3.6,A,7,9600,B,7,244,A,7,2.4,E,8,0.000,F,8,0.00,F,8,0,1,D,9,45,C,8
07/30/1991,08:00,468,1325,65,1,10,0,1,16,65,1,10,77,1,10,0,1,16,77,1,10,282,1,21,10,A,7,10,A,7,16.1,A,7,13.9,A,7,87,A,7,985,A,7,310,A,7,3.6,A,7,11200,B,7,335,A,7,2.5,E,8,0.000,F,8,0.00,F,8,0,1,D,9,45,C,8
07/30/1991,09:00,695,1325,307,1,10,212,1,16,196,1,10,332,1,10,222,1,16,215,1,10,444,1,21,5,A,7,5,A,7,16.7,A,7,13.9,A,7,84,A,7,985,A,7,330,A,7,4.6,A,7,12800,B,7,77777,A,7,2.5,E,8,0.000,F,8,0.00,F,8,0,1,D,9,00,C,8
07/30/1991,10:00,894,1325,558,1,10,476,1,16,237,1,10,594,1,10,492,1,16,262,1,10,632,1,21,6,A,7,6,A,7,19.4,A,7,14.4,A,7,73,A,7,986,A,7,330,A,7,4.1,A,7,16000,B,7,640,A,7,2.5,E,8,0.000,F,8,0.00,F,8,0,1,D,9,00,C,8
07/30/1991,11:00,1052,1325,666,1,10,562,1,16,220,1,10,702,1,10,570,1,16,249,1,10,763,1,21,6,A,7,6,A,7,20.6,A,7,13.9,A,7,65,A,7,986,A,7,320,A,7,5.7,A,7,16000,B,7,823,A,7,2.5,E,8,0.000,F,8,0.00,F,8,0,1,D,9,00,C,8
07/30/1991,12:00,1157,1325,527,1,10,283,1,16,279,1,10,591,1,10,309,1,16,321,1,10,1202,1,21,6,A,7,6,A,7,21.1,A,7,12.8,A,7,59,A,7,985,A,7,330,A,7,5.2,A,7,24000,B,7,1067,A,7,2.5,E,8,0.000,F,8,0.00,F,8,0,1,D,9,00,C,8
07/30/1991,13:00,1204,1325,603,1,10,234,1,16,390,1,10,663,1,10,255,1,16,431,1,10,2010,1,21,8,A,7,8,A,7,22.8,A,7,13.9,A,7,57,A,7,985,A,7,300,A,7,4.6,A,7,24000,B,7,2286,A,7,2.5,E,8,0.000,F,8,0.00,F,8,0,1,D,9,00,C,8
07/30/1991,14:00,1188,1325,680,1,10,484,1,16,246,1,10,753,1,10,508,1,16,297,1,10,1293,1,21,5,A,7,5,A,7,23.3,A,7,13.9,A,7,55,A,7,985,A,7,310,A,7,5.2,A,7,24000,B,7,77777,A,7,2.5,E,8,0.000,F,8,0.00,F,8,0,1,D,9,00,C,8
07/30/1991,15:00,1110,1325,326,1,10,79,1,16,259,1,10,367,1,10,85,1,16,296,1,10,1015,1,21,9,A,7,9,A,7,22.8,A,7,13.9,A,7,57,A,7,986,A,7,310,A,7,5.7,A,7,24000,B,7,2286,A,7,2.6,E,8,0.000,F,8,0.00,F,8,0,1,D,9,00,C,8
07/30/1991,16:00,977,1325,711,1,10,671,1,16,216,1,10,744,1,10,676,1,16,245,1,10,639,1,21,6,A,7,6,A,7,23.9,A,7,13.9,A,7,54,A,7,985,A,7,290,A,7,5.2,A,7,24000,B,7,1829,A,7,2.6,E,8,0.000,F,8,0.00,F,8,0,1,D,9,00,C,8
07/30/1991,17:00,796,1325,301,1,10,139,1,16,217,1,10,333,1,10,146,1,16,245,1,10,586,1,21,8,A,7,8,A,7,22.2,A,7,13.3,A,7,57,A,7,985,A,7,290,A,7,6.2,A,7,24000,B,7,2134,A,7,2.6,E,8,0.000,F,8,0.00,F,8,0,1,D,9,00,C,8
07/30/1991,18:00,580,1325,283,1,10,240,1,16,177,1,10,301,1,10,242,1,16,195,1,10,382,1,21,5,A,7,5,A,7,23.3,A,7,14.4,A,7,57,A,7,985,A,7,270,A,7,4.6,A,7,24000,B,7,77777,A,7,2.6,E,8,0.000,F,8,0.00,F,8,0,1,D,9,00,C,8
07/30/1991,19:00,345,1325,179,1,10,451,1,16,62,1,10,186,1,10,381,1,16,86,1,10,115,1,21,1,A,7,0,A,7,21.7,A,7,13.3,A,7,59,A,7,985,A,7,300,A,7,5.2,A,7,24000,B,7,77777,A,7,2.6,E,8,0.000,F,8,0.00,F,8,0,1,D,9,00,C,8
07/30/1991,20:00,109,1325,35,1,10,125,1,16,25,1,10,37,1,10,57,1,16,32,1,10,44,1,21,0,A,7,0,A,7,19.4,A,7,13.9,A,7,70,A,7,986,A,7,280,A,7,3.6,A,7,24000,B,7,77777,A,7,2.6,E,8,0.000,F,8,0.00,F,8,0,1,D,9,00,C,8
07/30/1991,21:00,0,11,0,1,0,0,1,0,0,1,0,0,1,1,0,1,2,0,1,2,0,1,1,0,A,7,0,A,7,17.2,A,7,13.9,A,7,81,A,7,986,A,7,250,A,7,3.1,A,7,24000,B,7,77777,A,7,2.6,E,8,0.000,F,8,0.00,F,8,0,1,D,9,00,C,8
07/30/1991,22:00,0,0,0,1,0,0,1,0,0,1,0,0,1,0,0,1,0,0,1,0,0,1,0,0,A,7,0,A,7,15.6,A,7,13.9,A,7,90,A,7,986,A,7,280,A,7,2.6,A,7,24000,B,7,77777,A,7,2.7,E,8,0.000,F,8,0.00,F,8,0,1,D,9,00,C,8
07/30/1991,23:00,0,0,0,1,0,0,1,0,0,1,0,0,1,0,0,1,0,0,1,0,0,1,0,0,A,7,0,A,7,14.4,A,7,13.3,A,7,93,A,7,986,A,7,270,A,7,2.6,A,7,24000,B,7,77777,A,7,2.7,E,8,0.000,F,8,0.00,F,8,0,1,D,9,00,C,8
07/30/1991,24:00,0,0,0,1,0,0,1,0,0,1,0,0,1,0,0,1,0,0,1,0,0,1,0,0,A,7,0,A,7,14.4,A,7,13.3,A,7,93,A,7,986,A,7,0,A,7,0.0,A,7,24000,B,7,77777,A,7,2.7,E,8,0.000,F,8,0.00,F,8,0,1,D,9,00,C,8
07/31/1991,01:00,0,0,0,1,0,0,1,0,0,1,0,0,1,0,0,1,0,0,1,0,0,1,0,0,A,7,0,A,7,12.8,A,7,12.2,A,7,96,A,7,987,A,7,250,A,7,2.1,A,7,24000,B,7,77777,A,7,2.7,E,8,0.000,F,8,0.00,F,8,0,1,D,9,00,C,8
07/31/1991,02:00,0,0,0,1,0,0,1,0,0,1,0,0,1,0,0,1,0,0,1,0,0,1,0,0,A,7,0,A,7,13.3,A,7,12.2,A,7,93,A,7,986,A,7,180,A,7,2.1,A,7,24000,B,7,77777,A,7,2.7,E,8,0.000,F,8,0.00,F,8,0,1,D,9,00,C,8
07/31/1991,03:00,0,0,0,1,0,0,1,0,0,1,0,0,1,0,0,1,0,0,1,0,0,1,0,0,A,7,0,A,7,11.7,A,7,11.7,A,7,100,A,7,987,A,7,0,A,7,0.0,A,7,24000,B,7,77777,A,7,2.7,E,8,0.000,F,8,0.00,F,8,0,1,D,9,00,C,8
07/31/1991,04:00,0,0,0,1,0,0,1,0,0,1,0,0,1,0,0,1,0,0,1,0,0,1,0,0,A,7,0,A,7,11.7,A,7,11.1,A,7,96,A,7,987,A,7,180,A,7,1.5,A,7,24000,B,7,77777,A,7,2.7,E,8,0.000,F,8,0.00,F,8,0,1,D,9,00,C,8
07/31/1991,05:00,0,0,0,1,0,0,1,0,0,1,0,0,1,0,0,1,0,0,1,0,0,1,0,4,A,7,2,A,7,11.1,A,7,10.6,A,7,97,A,7,987,A,7,200,A,7,1.5,A,7,24000,B,7,77777,A,7,2.8,E,8,0.000,F,8,0.00,F,8,0,1,D,9,00,C,8
07/31/1991,06:00,26,674,6,1,10,4,1,16,5,1,10,6,1,10,2,1,16,6,1,10,13,1,21,8,A,7,3,A,7,11.1,A,7,11.1,A,7,100,A,7,987,A,7,180,A,7,1.5,A,7,16000,B,7,77777,A,7,2.8,E,8,0.000,F,8,0.00,F,8,0,1,D,9,00,C,8
07/31/1991,07:00,226,1326,93,1,10,227,1,16,54,1,10,97,1,10,157,1,16,70,1,10,97,1,21,4,A,7,1,A,7,15.0,A,7,13.3,A,7,90,A,7,988,A,7,220,A,7,2.6,A,7,12800,B,7,77777,A,7,2.8,E,8,0.000,F,8,0.00,F,8,0,1,D,9,00,C,8
07/31/1991,08:00,465,1326,248,1,10,438,1,16,94,1,10,265,1,10,407,1,16,122,1,10,176,1,21,5,A,7,1,A,7,18.3,A,7,13.3,A,7,73,A,7,987,A,7,200,A,7,3.6,A,7,19200,B,7,77777,A,7,2.8,E,8,0.000,F,8,0.00,F,8,0,1,D,9,00,C,8
07/31/1991,09:00,692,1326,435,1,10,624,1,16,108,1,10,460,1,10,622,1,16,135,1,10,238,1,21,2,A,7,1,A,7,21.1,A,7,12.2,A,7,57,A,7,987,A,7,230,A,7,5.7,A,7,19200,B,7,77777,A,7,2.8,E,8,0.000,F,8,0.00,F,8,0,1,D,9,00,C,8
07/31/1991,10:00,891,1326,634,1,10,715,1,16,153,1,10,673,1,10,726,1,16,184,1,10,409,1,21,4,A,7,0,A,7,23.3,A,7,13.9,A,7,55,A,7,987,A,7,210,A,7,5.7,A,7,19200,B,7,77777,A,7,2.8,E,8,0.000,F,8,0.00,F,8,0,1,D,9,00,C,8
07/31/1991,11:00,1049,1326,756,1,10,756,1,16,157,1,10,791,1,10,759,1,16,189,1,10,502,1,21,2,A,7,0,A,7,25.0,A,7,14.4,A,7,52,A,7,987,A,7,240,A,7,6.7,A,7,19200,B,7,77777,A,7,2.8,E,8,0.000,F,8,0.00,F,8,0,1,D,9,00,C,8
07/31/1991,12:00,1155,1326,840,1,10,789,1,16,152,1,10,895,1,10,799,1,16,197,1,10,670,1,21,1,A,7,1,A,7,25.6,A,7,15.0,A,7,52,A,7,987,A,7,240,A,7,7.2,A,7,19200,B,7,77777,A,7,2.8,E,8,0.000,F,8,0.00,F,8,0,1,D,9,00,C,8
07/31/1991,13:00,1202,1326,857,1,10,709,1,16,214,1,10,920,1,10,726,1,16,260,1,10,1184,1,21,4,A,7,2,A,7,26.7,A,7,15.6,A,7,51,A,7,987,A,7,230,A,7,7.7,A,7,19200,B,7,77777,A,7,2.8,E,8,0.000,F,8,0.00,F,8,0,1,D,9,00,C,8
07/31/1991,14:00,1186,1326,831,1,10,615,1,16,281,1,10,874,1,10,621,1,16,317,1,10,1429,1,21,9,A,7,3,A,7,27.8,A,7,16.1,A,7,49,A,7,985,A,7,240,A,7,6.7,A,7,19200,B,7,77777,A,7,2.8,E,8,0.000,F,8,0.00,F,8,0,1,D,9,00,C,8
07/31/1991,15:00,1108,1326,764,1,10,654,1,16,217,1,10,811,1,10,666,1,16,253,1,10,872,1,21,7,A,7,2,A,7,28.3,A,7,16.1,A,7,48,A,7,984,A,7,220,A,7,8.2,A,7,19200,B,7,77777,A,7,2.8,E,8,0.000,F,8,0.00,F,8,0,1,D,9,00,C,8
07/31/1991,16:00,974,1326,634,1,10,577,1,16,210,1,10,665,1,10,582,1,16,236,1,10,620,1,21,6,A,7,3,A,7,28.3,A,7,15.6,A,7,46,A,7,984,A,7,220,A,7,8.2,A,7,24000,B,7,77777,A,7,2.8,E,8,0.000,F,8,0.00,F,8,0,1,D,9,00,C,8
07/31/1991,17:00,793,1326,376,1,10,166,1,16,277,1,10,410,1,10,173,1,16,306,1,10,747,1,21,7,A,7,7,A,7,27.8,A,7,15.6,A,7,47,A,7,984,A,7,230,A,7,8.8,A,7,24000,B,7,7620,A,7,2.8,E,8,0.000,F,8,0.00,F,8,0,1,D,9,00,C,8
07/31/1991,18:00,577,1326,303,1,10,357,1,16,147,1,10,318,1,10,349,1,16,166,1,10,295,1,21,5,A,7,3,A,7,28.3,A,7,16.1,A,7,48,A,7,984,A,7,210,A,7,8.2,A,7,24000,B,7,77777,A,7,2.8,E,8,0.000,F,8,0.00,F,8,0,1,D,9,00,C,8
07/31/1991,19:00,342,1326,159,1,10,299,1,16,81,1,10,166,1,10,250,1,16,101,1,10,149,1,21,6,A,7,2,A,7,27.8,A,7,16.1,A,7,49,A,7,984,A,7,220,A,7,4.6,A,7,24000,B,7,77777,A,7,2.8,E,8,0.000,F,8,0.00,F,8,0,1,D,9,00,C,8
07/31/1991,20:00,105,1293,33,1,10,102,1,16,25,1,10,36,1,10,43,1,16,32,1,10,44,1,21,0,A,7,0,A,7,25.6,A,7,16.7,A,7,58,A,7,983,A,7,190,A,7,4.1,A,7,24000,B,7,77777,A,7,2.8,E,8,0.000,F,8,0.00,F,8,0,1,D,9,00,C,8
07/31/1991,21:00,0,0,0,1,0,0,1,0,0,1,0,0,1,0,0,1,0,0,1,0,0,1,0,0,A,7,0,A,7,24.4,A,7,16.7,A,7,62,A,7,983,A,7,200,A,7,4.6,A,7,24000,B,7,77777,A,7,2.8,E,8,0.000,F,8,0.00,F,8,0,1,D,9,00,C,8
07/31/1991,22:00,0,0,0,1,0,0,1,0,0,1,0,0,1,0,0,1,0,0,1,0,0,1,0,5,A,7,5,A,7,23.9,A,7,17.1,A,7,64,A,7,984,A,7,200,A,7,4.4,A,7,24000,B,7,77777,A,7,2.8,E,8,0.000,F,8,0.00,F,8,0,1,D,9,00,C,8
07/31/1991,23:00,0,0,0,1,0,0,1,0,0,1,0,0,1,0,0,1,0,0,1,0,0,1,0,2,A,7,2,A,7,23.3,A,7,17.5,A,7,68,A,7,984,A,7,210,A,7,4.2,A,7,24000,B,7,77777,A,7,2.8,E,8,0.000,F,8,0.00,F,8,0,1,D,9,00,C,8
07/31/1991,24:00,0,0,0,1,0,0,1,0,0,1,0,0,1,0,0,1,0,0,1,0,0,1,0,5,A,7,5,A,7,22.8,A,7,17.9,A,7,71,A,7,984,A,7,210,A,7,4.0,A,7,24000,B,7,77777,A,7,2.8,E,8,0.000,F,8,0.00,F,8,0,1,D,9,00,C,8
08/01/1987,01:00,0,0,0,1,0,0,1,0,0,1,0,0,1,0,0,1,0,0,1,0,0,1,0,10,A,7,10,A,7,22.2,A,7,18.2,A,7,94,A,7,984,A,7,120,A,7,3.7,A,7,6400,B,7,1370,A,7,3.9,E,8,0.000,?,0,0.00,?,0,0,1,D,9,45,C,8
08/01/1987,02:00,0,0,0,1,0,0,1,0,0,1,0,0,1,0,0,1,0,0,1,0,0,1,0,10,A,7,10,A,7,21.7,A,7,18.6,A,7,87,A,7,984,A,7,100,A,7,3.5,A,7,6400,B,7,1520,A,7,3.6,E,8,0.000,?,0,0.00,?,0,0,1,D,9,45,C,8
08/01/1987,03:00,0,0,0,1,0,0,1,0,0,1,0,0,1,0,0,1,0,0,1,0,0,1,0,10,A,7,10,A,7,21.1,A,7,19.0,A,7,87,A,7,983,A,7,100,A,7,3.3,A,7,6400,B,7,1520,A,7,3.4,E,8,0.000,?,0,0.00,?,0,0,1,D,9,45,C,8
08/01/1987,04:00,0,0,0,1,0,0,1,0,0,1,0,0,1,0,0,1,0,0,1,0,0,1,0,10,A,7,10,A,7,20.6,A,7,19.4,A,7,93,A,7,983,A,7,100,A,7,3.1,A,7,6400,B,7,1520,A,7,3.4,E,8,0.000,?,0,0.00,?,0,0,1,D,9,45,C,8
08/01/1987,05:00,0,0,0,1,0,0,1,0,0,1,0,0,1,0,0,1,0,0,1,0,0,1,0,10,A,7,10,A,7,21.1,A,7,18.9,A,7,87,A,7,983,A,7,120,A,7,3.6,A,7,8000,B,7,1520,A,7,3.3,E,8,0.000,?,0,0.00,?,0,0,1,D,9,45,C,8
08/01/1987,06:00,25,652,13,1,13,0,1,9,13,1,13,0,1,13,0,1,9,0,1,13,0,1,21,10,A,7,10,A,7,21.1,A,7,19.4,A,7,90,A,7,983,A,7,120,A,7,4.6,A,7,8000,B,7,1520,A,7,3.4,E,8,0.000,F,8,0.00,?,0,0,1,D,9,45,C,8
08/01/1987,07:00,223,1326,56,1,13,0,1,9,56,1,13,63,1,13,0,1,9,63,1,13,191,1,21,10,A,7,10,A,7,21.1,A,7,18.9,A,7,87,A,7,984,A,7,120,A,7,3.6,A,7,8000,B,7,3050,A,7,3.3,E,8,0.000,F,8,0.00,?,0,0,1,D,9,45,C,8
08/01/1987,08:00,462,1326,96,1,9,4,1,9,94,1,13,110,1,9,2,1,9,109,1,13,380,1,18,10,A,7,10,A,7,21.1,A,7,18.9,A,7,87,A,7,984,A,7,140,A,7,3.1,A,7,8000,B,7,1520,A,7,3.3,E,8,0.000,F,8,0.00,?,0,0,1,D,9,45,C,8
08/01/1987,09:00,689,1326,111,1,9,0,1,9,110,1,13,132,1,9,0,1,9,132,1,13,510,1,18,10,A,7,10,A,7,21.7,A,7,18.9,A,7,84,A,7,984,A,7,140,A,7,4.6,A,7,8000,B,7,1520,A,7,3.3,E,8,0.000,F,8,0.00,?,0,0,1,D,9,45,C,8
08/01/1987,10:00,889,1326,302,1,9,4,1,9,299,1,13,346,1,9,4,1,9,343,1,13,1243,1,18,10,A,7,10,A,7,21.7,A,7,19.4,A,7,87,A,7,983,A,7,150,A,7,3.1,A,7,8000,B,7,1520,A,7,3.4,E,8,0.000,F,8,0.00,?,0,0,1,D,9,45,C,8
08/01/1987,11:00,1047,1326,348,1,9,2,1,9,346,1,13,404,1,9,2,1,9,402,1,13,1499,1,18,10,A,7,10,A,7,23.3,A,7,20.0,A,7,82,A,7,983,A,7,150,A,7,4.1,A,7,8000,B,7,1520,A,7,3.5,E,8,0.000,F,8,0.00,?,0,0,1,D,9,45,C,8
08/01/1987,12:00,1153,1326,382,1,9,2,1,9,381,1,13,448,1,9,2,1,9,447,1,13,1656,1,18,10,A,7,10,A,7,23.9,A,7,21.1,A,7,85,A,7,983,A,7,130,A,7,3.6,A,7,8000,B,7,340,A,7,3.7,E,8,0.000,F,8,0.00,?,0,0,1,D,9,45,C,8
08/01/1987,13:00,1200,1326,268,1,9,0,1,9,267,1,13,323,1,9,0,1,9,323,1,13,1288,1,18,10,A,7,10,A,7,23.9,A,7,21.1,A,7,85,A,7,983,A,7,140,A,7,3.1,A,7,4800,B,7,340,A,7,3.7,E,8,0.000,F,8,0.00,?,0,0,1,D,9,45,C,8
08/01/1987,14:00,1183,1326,249,1,9,1,1,9,249,1,13,304,1,9,1,1,9,303,1,13,1214,1,18,10,A,7,10,A,7,23.3,A,7,22.2,A,7,94,A,7,983,A,7,90,A,7,2.1,A,7,4000,B,7,340,A,7,4.0,E,8,0.000,F,8,0.00,?,0,30,1,D,9,45,C,8
08/01/1987,15:00,1106,1326,230,1,9,1,1,9,229,1,13,278,1,9,1,1,9,277,1,13,1120,1,18,10,A,7,10,A,7,23.3,A,7,22.2,A,7,94,A,7,982,A,7,80,A,7,2.1,A,7,4000,B,7,1520,A,7,4.0,E,8,0.000,F,8,0.00,?,0,8,1,D,9,45,C,8
08/01/1987,16:00,971,1326,212,1,9,1,1,9,211,1,13,253,1,9,1,1,9,252,1,13,1008,1,18,10,A,7,10,A,7,23.9,A,7,22.2,A,7,90,A,7,981,A,7,120,A,7,2.1,A,7,4000,B,7,1520,A,7,3.9,E,8,0.000,F,8,0.00,?,0,0,1,D,9,45,C,8
08/01/1987,17:00,790,1326,500,1,13,409,1,13,255,1,13,536,1,13,434,1,13,277,1,13,636,1,23,10,A,7,3,A,7,26.1,A,7,22.2,A,7,79,A,7,981,A,7,120,A,7,3.1,A,7,4800,B,7,77777,A,7,3.9,E,8,0.000,F,8,0.00,?,0,0,1,D,9,45,C,8
08/01/1987,18:00,574,1326,257,1,13,94,1,13,216,1,13,281,1,13,93,1,13,241,1,13,589,1,23,10,A,7,6,A,7,26.7,A,7,22.8,A,7,79,A,7,980,A,7,140,A,7,3.1,A,7,4800,B,7,7620,A,7,4.1,E,8,0.000,F,8,0.00,?,0,0,1,D,9,05,C,8
08/01/1987,19:00,338,1326,64,1,9,11,1,9,62,1,13,75,1,9,4,1,9,74,1,13,242,1,18,10,A,7,10,A,7,26.1,A,7,22.2,A,7,79,A,7,980,A,7,160,A,7,3.1,A,7,6400,B,7,7620,A,7,3.9,E,8,0.000,F,8,0.00,?,0,0,1,D,9,05,C,8
08/01/1987,20:00,102,1271,26,1,13,0,1,9,26,1,13,29,1,13,0,1,9,29,1,13,87,1,21,10,A,7,10,A,7,25.0,A,7,21.7,A,7,82,A,7,980,A,7,140,A,7,3.6,A,7,6400,B,7,7620,A,7,3.8,E,8,0.000,F,8,0.00,?,0,0,1,D,9,05,C,8
08/01/1987,21:00,0,0,0,1,0,0,1,0,0,1,0,0,1,0,0,1,0,0,1,0,0,1,0,10,A,7,5,A,7,23.9,A,7,21.7,A,7,87,A,7,980,A,7,140,A,7,4.6,A,7,6400,B,7,77777,A,7,3.8,E,8,0.000,?,0,0.00,?,0,0,1,D,9,05,C,8
08/01/1987,22:00,0,0,0,1,0,0,1,0,0,1,0,0,1,0,0,1,0,0,1,0,0,1,0,10,A,7,5,A,7,23.3,A,7,21.1,A,7,87,A,7,980,A,7,170,A,7,4.6,A,7,6400,B,7,77777,A,7,3.7,E,8,0.000,?,0,0.00,?,0,0,1,D,9,05,C,8
08/01/1987,23:00,0,0,0,1,0,0,1,0,0,1,0,0,1,0,0,1,0,0,1,0,0,1,0,10,A,7,5,A,7,22.8,A,7,21.1,A,7,90,A,7,980,A,7,170,A,7,4.6,A,7,6400,B,7,77777,A,7,3.7,E,8,0.000,?,0,0.00,?,0,0,1,D,9,45,C,8
08/01/1987,24:00,0,0,0,1,0,0,1,0,0,1,0,0,1,0,0,1,0,0,1,0,0,1,0,10,A,7,5,A,7,22.8,A,7,21.1,A,7,90,A,7,979,A,7,160,A,7,6.2,A,7,6400,B,7,77777,A,7,3.7,E,8,0.000,?,0,0.00,?,0,0,1,D,9,45,C,8
08/02/1987,01:00,0,0,0,1,0,0,1,0,0,1,0,0,1,0,0,1,0,0,1,0,0,1,0,10,A,7,9,A,7,22.8,A,7,21.1,A,7,90,A,7,979,A,7,170,A,7,6.2,A,7,6400,B,7,7620,A,7,3.7,E,8,0.000,?,0,0.00,?,0,0,1,D,9,45,C,8
08/02/1987,02:00,0,0,0,1,0,0,1,0,0,1,0,0,1,0,0,1,0,0,1,0,0,1,0,10,A,7,10,A,7,22.8,A,7,21.7,A,7,94,A,7,978,A,7,180,A,7,5.7,A,7,6400,B,7,7620,A,7,3.8,E,8,0.000,?,0,0.00,?,0,0,1,D,9,45,C,8
08/02/1987,03:00,0,0,0,1,0,0,1,0,0,1,0,0,1,0,0,1,0,0,1,0,0,1,0,10,A,7,10,A,7,23.3,A,7,21.7,A,7,90,A,7,977,A,7,180,A,7,5.7,A,7,6400,B,7,6100,A,7,3.8,E,8,0.000,?,0,0.00,?,0,0,1,D,9,45,C,8
08/02/1987,04:00,0,0,0,1,0,0,1,0,0,1,0,0,1,0,0,1,0,0,1,0,0,1,0,9,A,7,8,A,7,23.3,A,7,21.7,A,7,90,A,7,976,A,7,180,A,7,5.2,A,7,6400,B,7,6100,A,7,3.8,E,8,0.000,?,0,0.00,?,0,0,1,D,9,45,C,8
08/02/1987,05:00,0,0,0,1,0,0,1,0,0,1,0,0,1,0,0,1,0,0,1,0,0,1,0,10,A,7,10,A,7,23.9,A,7,22.2,A,7,90,A,7,976,A,7,200,A,7,5.2,A,7,6400,B,7,6100,A,7,3.9,E,8,0.000,?,0,0.00,?,0,0,1,D,9,45,C,8
08/02/1987,06:00,23,630,9,1,13,0,1,9,9,1,13,0,1,13,0,1,9,0,1,13,0,1,21,10,A,7,10,A,7,24.4,A,7,22.8,A,7,91,A,7,976,A,7,190,A,7,3.6,A,7,4000,B,7,340,A,7,4.1,E,8,0.000,F,8,0.00,?,0,0,1,D,9,45,C,8
08/02/1987,07:00,219,1326,53,1,13,1,1,9,53,1,13,60,1,13,0,1,9,60,1,13,183,1,21,10,A,7,10,A,7,23.9,A,7,22.8,A,7,94,A,7,976,A,7,190,A,7,3.1,A,7,6400,B,7,1520,A,7,4.1,E,8,0.000,F,8,0.00,?,0,0,1,D,9,45,C,8
08/02/1987,08:00,459,1326,143,1,9,4,1,9,141,1,13,159,1,9,3,1,9,158,1,13,505,1,18,10,A,7,10,A,7,25.0,A,7,22.8,A,7,88,A,7,975,A,7,190,A,7,4.6,A,7,6400,B,7,2130,A,7,4.1,E,8,0.000,F,8,0.00,?,0,0,1,D,9,45,C,8
08/02/1987,09:00,686,1326,254,1,9,23,1,9,242,1,13,286,1,9,21,1,9,275,1,13,915,1,18,9,A,7,9,A,7,27.2,A,7,23.3,A,7,79,A,7,976,A,7,220,A,7,7.2,A,7,6400,B,7,2440,A,7,4.2,E,8,0.000,F,8,0.00,?,0,0,1,D,9,45,C,8
08/02/1987,10:00,886,1326,384,1,9,218,1,9,238,1,13,421,1,9,234,1,9,264,1,13,631,1,18,9,A,7,9,A,7,28.3,A,7,23.3,A,7,74,A,7,975,A,7,250,A,7,7.2,A,7,8000,B,7,2440,A,7,4.2,E,8,0.000,F,8,0.00,?,0,0,1,D,9,05,C,8
08/02/1987,11:00,1045,1326,634,1,13,417,1,13,304,1,13,673,1,13,434,1,13,330,1,13,1066,1,23,9,A,7,6,A,7,31.1,A,7,22.8,A,7,61,A,7,975,A,7,250,A,7,7.7,A,7,11300,B,7,3050,A,7,4.0,E,8,0.000,F,8,0.00,?,0,0,1,D,9,05,C,8
08/02/1987,12:00,1151,1326,812,1,13,559,1,13,324,1,13,868,1,13,584,1,13,360,1,13,1509,1,23,8,A,7,6,A,7,31.7,A,7,21.1,A,7,54,A,7,975,A,7,250,A,7,7.7,A,7,16100,B,7,3050,A,7,3.7,E,8,0.000,F,8,0.00,?,0,0,1,D,9,00,C,8
08/02/1987,13:00,1198,1326,675,1,13,289,1,13,413,1,13,738,1,13,314,1,13,454,1,13,2089,1,23,9,A,7,7,A,7,32.8,A,7,20.6,A,7,49,A,7,975,A,7,270,A,7,8.8,A,7,16100,B,7,3660,A,7,3.6,E,8,0.000,F,8,0.00,?,0,0,1,D,9,00,C,8
08/02/1987,14:00,1181,1326,764,1,13,460,1,13,353,1,13,814,1,13,480,1,13,386,1,13,1832,1,23,9,A,7,4,A,7,32.8,A,7,21.7,A,7,52,A,7,975,A,7,250,A,7,7.2,A,7,16100,B,7,77777,A,7,3.8,E,8,0.000,F,8,0.00,?,0,0,1,D,9,00,C,8
08/02/1987,15:00,1103,1326,603,1,13,358,1,13,303,1,13,644,1,13,374,1,13,333,1,13,1221,1,23,9,A,7,4,A,7,32.8,A,7,22.2,A,7,54,A,7,975,A,7,270,A,7,7.7,A,7,16100,B,7,77777,A,7,3.9,E,8,0.000,F,8,0.00,?,0,0,1,D,9,00,C,8
08/02/1987,16:00,969,1326,633,1,13,554,1,13,226,1,13,683,1,13,577,1,13,261,1,13,671,1,23,6,A,7,3,A,7,32.8,A,7,22.2,A,7,54,A,7,975,A,7,260,A,7,5.2,A,7,16100,B,7,77777,A,7,3.9,E,8,0.000,F,8,0.00,?,0,0,1,D,9,00,C,8
08/02/1987,17:00,787,1326,490,1,9,532,1,9,172,1,13,527,1,9,546,1,9,203,1,13,397,1,18,3,A,7,2,A,7,32.2,A,7,21.7,A,7,54,A,7,975,A,7,300,A,7,5.2,A,7,16100,B,7,77777,A,7,3.8,E,8,0.000,F,8,0.00,?,0,0,1,D,9,00,C,8
08/02/1987,18:00,570,1326,321,1,9,480,1,9,113,1,13,345,1,9,469,1,9,143,1,13,220,1,18,2,A,7,1,A,7,31.7,A,7,22.2,A,7,57,A,7,974,A,7,310,A,7,5.7,A,7,16100,B,7,77777,A,7,3.9,E,8,0.000,F,8,0.00,?,0,0,1,D,9,00,C,8
08/02/1987,19:00,334,1326,151,1,13,303,1,9,73,1,13,158,1,13,251,1,9,94,1,13,133,1,21,1,A,7,1,A,7,30.0,A,7,22.2,A,7,63,A,7,975,A,7,290,A,7,4.1,A,7,16100,B,7,77777,A,7,3.9,E,8,0.000,F,8,0.00,?,0,0,1,D,9,00,C,8
08/02/1987,20:00,98,1249,33,1,13,52,1,9,28,1,13,35,1,13,26,1,9,33,1,13,58,1,21,0,A,7,0,A,7,28.3,A,7,21.7,A,7,67,A,7,976,A,7,290,A,7,3.1,A,7,16100,B,7,77777,A,7,3.8,E,8,0.000,F,8,0.00,?,0,0,1,D,9,00,C,8
08/02/1987,21:00,0,0,0,1,0,0,1,0,0,1,0,0,1,0,0,1,0,0,1,0,0,1,0,0,A,7,0,A,7,26.1,A,7,21.1,A,7,74,A,7,976,A,7,310,A,7,3.1,A,7,16100,B,7,77777,A,7,3.7,E,8,0.000,?,0,0.00,?,0,0,1,D,9,00,C,8
08/02/1987,22:00,0,0,0,1,0,0,1,0,0,1,0,0,1,0,0,1,0,0,1,0,0,1,0,0,A,7,0,A,7,24.4,A,7,20.6,A,7,79,A,7,977,A,7,310,A,7,2.1,A,7,16100,B,7,77777,A,7,3.6,E,8,0.000,?,0,0.00,?,0,0,1,D,9,00,C,8
08/02/1987,23:00,0,0,0,1,0,0,1,0,0,1,0,0,1,0,0,1,0,0,1,0,0,1,0,0,A,7,0,A,7,23.3,A,7,20.6,A,7,85,A,7,978,A,7,300,A,7,2.1,A,7,16100,B,7,77777,A,7,3.6,E,8,0.000,?,0,0.00,?,0,0,1,D,9,00,C,8
08/02/1987,24:00,0,0,0,1,0,0,1,0,0,1,0,0,1,0,0,1,0,0,1,0,0,1,0,0,A,7,0,A,7,22.8,A,7,20.6,A,7,87,A,7,979,A,7,330,A,7,2.1,A,7,16100,B,7,77777,A,7,3.6,E,8,0.000,?,0,0.00,?,0,0,1,D,9,00,C,8
08/03/1987,01:00,0,0,0,1,0,0,1,0,0,1,0,0,1,0,0,1,0,0,1,0,0,1,0,0,A,7,0,A,7,22.8,A,7,20.6,A,7,87,A,7,979,A,7,0,A,7,0.0,A,7,16100,B,7,77777,A,7,3.6,E,8,0.000,?,0,0.00,?,0,0,1,D,9,00,C,8
08/03/1987,02:00,0,0,0,1,0,0,1,0,0,1,0,0,1,0,0,1,0,0,1,0,0,1,0,0,A,7,0,A,7,21.1,A,7,20.0,A,7,93,A,7,979,A,7,330,A,7,2.1,A,7,16100,B,7,77777,A,7,3.5,E,8,0.000,?,0,0.00,?,0,0,1,D,9,00,C,8
08/03/1987,03:00,0,0,0,1,0,0,1,0,0,1,0,0,1,0,0,1,0,0,1,0,0,1,0,0,A,7,0,A,7,20.0,A,7,19.4,A,7,97,A,7,979,A,7,0,A,7,0.0,A,7,11300,B,7,77777,A,7,3.4,E,8,0.000,?,0,0.00,?,0,0,1,D,9,00,C,8
08/03/1987,04:00,0,0,0,1,0,0,1,0,0,1,0,0,1,0,0,1,0,0,1,0,0,1,0,0,A,7,0,A,7,20.0,A,7,18.9,A,7,93,A,7,979,A,7,0,A,7,0.0,A,7,11300,B,7,77777,A,7,3.2,E,8,0.000,?,0,0.00,?,0,0,1,D,9,00,C,8
08/03/1987,05:00,0,0,0,1,0,0,1,0,0,1,0,0,1,0,0,1,0,0,1,0,0,1,0,0,A,7,0,A,7,18.3,A,7,17.8,A,7,97,A,7,980,A,7,270,A,7,2.1,A,7,11300,B,7,77777,A,7,3.1,E,8,0.000,?,0,0.00,?,0,0,1,D,9,00,C,8
08/03/1987,06:00,21,608,9,1,13,14,1,9,7,1,13,0,1,13,0,1,9,0,1,13,0,1,21,1,A,7,1,A,7,18.9,A,7,18.3,A,7,97,A,7,981,A,7,280,A,7,2.1,A,7,11300,B,7,77777,A,7,3.2,E,8,0.000,F,8,0.00,?,0,0,1,D,9,00,C,8
08/03/1987,07:00,216,1327,74,1,13,117,1,13,55,1,13,78,1,13,78,1,13,66,1,13,102,1,23,4,A,7,4,A,7,21.1,A,7,20.6,A,7,97,A,7,981,A,7,270,A,7,2.1,A,7,11300,B,7,77777,A,7,3.6,E,8,0.000,F,8,0.00,?,0,0,1,D,9,00,C,8
08/03/1987,08:00,455,1327,253,1,9,495,1,9,83,1,13,262,1,9,453,1,9,107,1,13,158,1,18,2,A,7,2,A,7,23.9,A,7,21.1,A,7,85,A,7,981,A,7,300,A,7,2.6,A,7,12900,B,7,77777,A,7,3.7,E,8,0.000,F,8,0.00,?,0,0,1,D,9,00,C,8
08/03/1987,09:00,684,1327,455,1,9,691,1,9,98,1,13,484,1,9,690,1,9,128,1,13,217,1,18,0,A,7,0,A,7,26.1,A,7,20.0,A,7,69,A,7,981,A,7,300,A,7,2.6,A,7,16100,B,7,77777,A,7,3.5,E,8,0.000,F,8,0.00,?,0,0,1,D,9,00,C,8
08/03/1987,10:00,884,1327,592,1,13,606,1,13,187,1,13,618,1,13,609,1,13,211,1,13,480,1,23,3,A,7,3,A,7,26.7,A,7,20.0,A,7,67,A,7,981,A,7,360,A,7,4.1,A,7,16100,B,7,77777,A,7,3.5,E,8,0.000,F,8,0.00,?,0,0,1,D,9,00,C,8
08/03/1987,11:00,1043,1327,690,1,13,602,1,13,215,1,13,726,1,13,610,1,13,245,1,13,730,1,23,3,A,7,3,A,7,28.9,A,7,20.0,A,7,59,A,7,981,A,7,0,A,7,0.0,A,7,16100,B,7,77777,A,7,3.5,E,8,0.000,F,8,0.00,?,0,0,1,D,9,00,C,8
08/03/1987,12:00,1149,1327,799,1,13,598,1,13,279,1,13,835,1,13,602,1,13,312,1,13,1238,1,23,3,A,7,3,A,7,30.0,A,7,20.0,A,7,55,A,7,981,A,7,130,A,7,1.5,A,7,16100,B,7,77777,A,7,3.5,E,8,0.000,F,8,0.00,?,0,0,1,D,9,00,C,8
08/03/1987,13:00,1195,1327,857,1,9,752,1,9,177,1,13,900,1,9,757,1,9,216,1,13,880,1,18,2,A,7,2,A,7,30.0,A,7,20.0,A,7,55,A,7,981,A,7,360,A,7,1.5,A,7,16100,B,7,77777,A,7,3.5,E,8,0.000,F,8,0.00,?,0,0,1,D,9,00,C,8
08/03/1987,14:00,1179,1327,780,1,9,609,1,9,237,1,13,828,1,9,620,1,9,275,1,13,1187,1,18,2,A,7,2,A,7,31.1,A,7,20.0,A,7,52,A,7,981,A,7,210,A,7,3.1,A,7,16100,B,7,77777,A,7,3.5,E,8,0.000,F,8,0.00,?,0,0,1,D,9,00,C,8
08/03/1987,15:00,1101,1327,762,1,9,714,1,9,167,1,13,795,1,9,717,1,9,199,1,13,602,1,18,1,A,7,1,A,7,31.7,A,7,20.6,A,7,52,A,7,980,A,7,360,A,7,2.1,A,7,16100,B,7,77777,A,7,3.6,E,8,0.000,F,8,0.00,?,0,0,1,D,9,00,C,8
08/03/1987,16:00,966,1327,677,1,9,766,1,9,117,1,13,720,1,9,774,1,9,156,1,13,340,1,18,1,A,7,1,A,7,32.8,A,7,20.0,A,7,47,A,7,980,A,7,70,A,7,1.5,A,7,16100,B,7,77777,A,7,3.5,E,8,0.000,F,8,0.00,?,0,0,1,D,9,00,C,8
08/03/1987,17:00,784,1327,519,1,9,691,1,9,108,1,13,554,1,9,701,1,9,140,1,13,261,1,18,1,A,7,1,A,7,32.2,A,7,20.0,A,7,48,A,7,979,A,7,310,A,7,2.1,A,7,16100,B,7,77777,A,7,3.4,E,8,0.000,F,8,0.00,?,0,0,1,D,9,00,C,8
08/03/1987,18:00,567,1327,277,1,13,297,1,13,149,1,13,297,1,13,299,1,13,170,1,13,310,1,23,4,A,7,3,A,7,32.8,A,7,20.0,A,7,47,A,7,979,A,7,0,A,7,0.0,A,7,16100,B,7,77777,A,7,3.5,E,8,0.000,F,8,0.00,?,0,0,1,D,9,00,C,8
08/03/1987,19:00,330,1327,173,1,13,449,1,9,59,1,13,176,1,13,373,1,9,83,1,13,109,1,21,1,A,7,0,A,7,32.2,A,7,20.0,A,7,48,A,7,979,A,7,0,A,7,0.0,A,7,16100,B,7,77777,A,7,3.4,E,8,0.000,F,8,0.00,?,0,0,1,D,9,00,C,8
08/03/1987,20:00,94,1227,31,1,13,102,1,9,21,1,13,31,1,13,46,1,9,27,1,13,37,1,21,1,A,7,1,A,7,27.8,A,7,22.8,A,7,74,A,7,979,A,7,110,A,7,1.5,A,7,16100,B,7,77777,A,7,4.1,E,8,0.000,F,8,0.00,?,0,0,1,D,9,00,C,8
08/03/1987,21:00,0,0,0,1,0,0,1,0,0,1,0,0,1,0,0,1,0,0,1,0,0,1,0,2,A,7,2,A,7,25.0,A,7,22.2,A,7,85,A,7,979,A,7,290,A,7,1.5,A,7,16100,B,7,77777,A,7,4.0,E,8,0.000,?,0,0.00,?,0,0,1,D,9,00,C,8
08/03/1987,22:00,0,0,0,1,0,0,1,0,0,1,0,0,1,0,0,1,0,0,1,0,0,1,0,4,A,7,4,A,7,24.4,A,7,21.7,A,7,85,A,7,979,A,7,290,A,7,1.5,A,7,16100,B,7,77777,A,7,3.8,E,8,0.000,?,0,0.00,?,0,0,1,D,9,00,C,8
08/03/1987,23:00,0,0,0,1,0,0,1,0,0,1,0,0,1,0,0,1,0,0,1,0,0,1,0,7,A,7,7,A,7,23.9,A,7,22.2,A,7,90,A,7,979,A,7,0,A,7,0.0,A,7,16100,B,7,7620,A,7,3.9,E,8,0.000,?,0,0.00,?,0,0,1,D,9,00,C,8
08/03/1987,24:00,0,0,0,1,0,0,1,0,0,1,0,0,1,0,0,1,0,0,1,0,0,1,0,4,A,7,3,A,7,22.2,A,7,21.1,A,7,94,A,7,978,A,7,300,A,7,2.1,A,7,16100,B,7,77777,A,7,3.7,E,8,0.000,?,0,0.00,?,0,0,1,D,9,00,C,8
08/04/1987,01:00,0,0,0,1,0,0,1,0,0,1,0,0,1,0,0,1,0,0,1,0,0,1,0,4,A,7,3,A,7,23.3,A,7,21.1,A,7,87,A,7,979,A,7,270,A,7,2.1,A,7,16100,B,7,77777,A,7,3.7,E,8,0.000,?,0,0.00,?,0,0,1,D,9,00,C,8
08/04/1987,02:00,0,0,0,1,0,0,1,0,0,1,0,0,1,0,0,1,0,0,1,0,0,1,0,4,A,7,3,A,7,23.9,A,7,21.1,A,7,85,A,7,979,A,7,250,A,7,2.1,A,7,16100,B,7,77777,A,7,3.7,E,8,0.000,?,0,0.00,?,0,0,1,D,9,00,C,8
08/04/1987,03:00,0,0,0,1,0,0,1,0,0,1,0,0,1,0,0,1,0,0,1,0,0,1,0,10,A,7,10,A,7,23.3,A,7,21.1,A,7,87,A,7,978,A,7,270,A,7,2.1,A,7,16100,B,7,3050,A,7,3.7,E,8,0.000,?,0,0.00,?,0,0,1,D,9,00,C,8
08/04/1987,04:00,0,0,0,1,0,0,1,0,0,1,0,0,1,0,0,1,0,0,1,0,0,1,0,10,A,7,10,A,7,23.3,A,7,21.1,A,7,87,A,7,978,A,7,270,A,7,2.6,A,7,16100,B,7,3050,A,7,3.7,E,8,0.000,?,0,0.00,?,0,0,1,D,9,00,C,8
08/04/1987,05:00,0,0,0,1,0,0,1,0,0,1,0,0,1,0,0,1,0,0,1,0,0,1,0,10,A,7,10,A,7,23.9,A,7,21.7,A,7,87,A,7,979,A,7,240,A,7,4.1,A,7,11300,B,7,3050,A,7,3.8,E,8,0.000,?,0,0.00,?,0,0,1,D,9,00,C,8
08/04/1987,06:00,20,586,5,1,13,0,1,9,5,1,13,0,1,13,0,1,9,0,1,13,0,1,21,10,A,7,10,A,7,22.8,A,7,21.7,A,7,94,A,7,979,A,7,200,A,7,4.6,A,7,6400,B,7,3050,A,7,3.8,E,8,0.000,F,8,0.00,?,0,5,1,D,9,00,C,8
08/04/1987,07:00,212,1327,57,1,13,29,1,9,53,1,13,63,1,13,22,1,9,60,1,13,131,1,21,10,A,7,8,A,7,22.2,A,7,20.6,A,7,90,A,7,979,A,7,190,A,7,2.1,A,7,9700,B,7,3050,A,7,3.6,E,8,0.000,F,8,0.00,?,0,0,1,D,9,45,C,8
08/04/1987,08:00,452,1327,253,1,13,388,1,13,120,1,13,263,1,13,356,1,13,141,1,13,230,1,23,8,A,7,4,A,7,23.9,A,7,21.1,A,7,85,A,7,979,A,7,290,A,7,4.6,A,7,12900,B,7,77777,A,7,3.7,E,8,0.000,F,8,0.00,?,0,0,1,D,9,45,C,8
08/04/1987,09:00,681,1327,381,1,13,361,1,13,195,1,13,410,1,13,376,1,13,217,1,13,439,1,23,7,A,7,6,A,7,25.0,A,7,22.2,A,7,85,A,7,979,A,7,290,A,7,5.2,A,7,8000,B,7,270,A,7,4.0,E,8,0.000,F,8,0.00,?,0,0,1,D,9,00,C,8
08/04/1987,10:00,881,1327,575,1,13,551,1,13,207,1,13,618,1,13,570,1,13,238,1,13,537,1,23,5,A,7,3,A,7,27.2,A,7,19.4,A,7,63,A,7,980,A,7,330,A,7,5.2,A,7,16100,B,7,77777,A,7,3.4,E,8,0.000,F,8,0.00,?,0,0,1,D,9,05,C,8
08/04/1987,11:00,1040,1327,658,1,13,583,1,13,200,1,13,697,1,13,593,1,13,231,1,13,681,1,23,4,A,7,3,A,7,27.8,A,7,19.4,A,7,61,A,7,980,A,7,330,A,7,4.6,A,7,16100,B,7,77777,A,7,3.4,E,8,0.000,F,8,0.00,?,0,0,1,D,9,00,C,8
08/04/1987,12:00,1147,1327,746,1,13,568,1,13,254,1,13,785,1,13,575,1,13,287,1,13,1128,1,23,8,A,7,5,A,7,28.3,A,7,19.4,A,7,59,A,7,980,A,7,330,A,7,4.6,A,7,16100,B,7,7620,A,7,3.4,E,8,0.000,F,8,0.00,?,0,0,1,D,9,00,C,8
08/04/1987,13:00,1193,1327,707,1,13,430,1,13,319,1,13,762,1,13,450,1,13,357,1,13,1720,1,23,8,A,7,5,A,7,28.3,A,7,18.3,A,7,55,A,7,980,A,7,340,A,7,4.6,A,7,16100,B,7,7620,A,7,3.2,E,8,0.000,F,8,0.00,?,0,0,1,D,9,00,C,8
08/04/1987,14:00,1177,1327,683,1,13,422,1,13,307,1,13,737,1,13,442,1,13,345,1,13,1552,1,23,9,A,7,6,A,7,29.4,A,7,16.7,A,7,46,A,7,980,A,7,340,A,7,5.7,A,7,16100,B,7,7620,A,7,2.8,E,8,0.000,F,8,0.00,?,0,0,1,D,9,00,C,8
08/04/1987,15:00,1098,1327,648,1,13,409,1,13,307,1,13,691,1,13,427,1,13,337,1,13,1220,1,23,9,A,7,6,A,7,30.0,A,7,15.6,A,7,42,A,7,980,A,7,340,A,7,5.7,A,7,16100,B,7,7620,A,7,2.7,E,8,0.000,F,8,0.00,?,0,0,1,D,9,00,C,8
08/04/1987,16:00,963,1327,489,1,13,248,1,13,308,1,13,530,1,13,268,1,13,335,1,13,923,1,23,7,A,7,5,A,7,28.3,A,7,15.6,A,7,46,A,7,980,A,7,360,A,7,6.7,A,7,16100,B,7,7620,A,7,2.7,E,8,0.000,F,8,0.00,?,0,0,1,D,9,00,C,8
08/04/1987,17:00,780,1327,310,1,9,155,1,9,218,1,13,342,1,9,163,1,9,246,1,13,582,1,18,9,A,7,8,A,7,27.2,A,7,13.9,A,7,44,A,7,980,A,7,350,A,7,5.7,A,7,24100,B,7,7620,A,7,2.4,E,8,0.000,F,8,0.00,?,0,0,1,D,9,00,C,8
08/04/1987,18:00,563,1327,248,1,13,79,1,13,215,1,13,272,1,13,78,1,13,239,1,13,580,1,23,8,A,7,7,A,7,26.7,A,7,14.4,A,7,47,A,7,981,A,7,350,A,7,6.7,A,7,24100,B,7,7620,A,7,2.5,E,8,0.000,F,8,0.00,?,0,0,1,D,9,00,C,8
08/04/1987,19:00,326,1327,102,1,13,63,1,13,86,1,13,111,1,13,54,1,13,98,1,13,223,1,23,8,A,7,7,A,7,25.6,A,7,14.4,A,7,50,A,7,981,A,7,360,A,7,6.7,A,7,24100,B,7,7620,A,7,2.5,E,8,0.000,F,8,0.00,?,0,0,1,D,9,00,C,8
08/04/1987,20:00,90,1205,29,1,13,22,1,13,27,1,13,31,1,13,13,1,13,30,1,13,64,1,23,7,A,7,3,A,7,23.9,A,7,15.0,A,7,58,A,7,982,A,7,360,A,7,5.2,A,7,24100,B,7,77777,A,7,2.6,E,8,0.000,F,8,0.00,?,0,0,1,D,9,00,C,8
08/04/1987,21:00,0,0,0,1,0,0,1,0,0,1,0,0,1,0,0,1,0,0,1,0,0,1,0,5,A,7,4,A,7,22.2,A,7,17.2,A,7,73,A,7,982,A,7,10,A,7,4.6,A,7,24100,B,7,77777,A,7,2.9,E,8,0.000,?,0,0.00,?,0,0,1,D,9,00,C,8
08/04/1987,22:00,0,0,0,1,0,0,1,0,0,1,0,0,1,0,0,1,0,0,1,0,0,1,0,2,A,7,2,A,7,20.6,A,7,16.1,A,7,76,A,7,983,A,7,30,A,7,5.2,A,7,24100,B,7,77777,A,7,2.8,E,8,0.000,?,0,0.00,?,0,0,1,D,9,00,C,8
08/04/1987,23:00,0,0,0,1,0,0,1,0,0,1,0,0,1,0,0,1,0,0,1,0,0,1,0,10,A,7,10,A,7,20.0,A,7,15.0,A,7,73,A,7,983,A,7,40,A,7,5.2,A,7,19300,B,7,850,A,7,2.6,E,8,0.000,?,0,0.00,?,0,0,1,D,9,00,C,8
08/04/1987,24:00,0,0,0,1,0,0,1,0,0,1,0,0,1,0,0,1,0,0,1,0,0,1,0,8,A,7,8,A,7,19.4,A,7,14.4,A,7,73,A,7,984,A,7,60,A,7,5.7,A,7,19300,B,7,850,A,7,2.5,E,8,0.000,?,0,0.00,?,0,0,1,D,9,00,C,8
08/05/1987,01:00,0,0,0,1,0,0,1,0,0,1,0,0,1,0,0,1,0,0,1,0,0,1,0,8,A,7,8,A,7,18.3,A,7,13.9,A,7,76,A,7,984,A,7,50,A,7,3.1,A,7,19300,B,7,980,A,7,2.4,E,8,0.000,?,0,0.00,?,0,0,1,D,9,00,C,8
08/05/1987,02:00,0,0,0,1,0,0,1,0,0,1,0,0,1,0,0,1,0,0,1,0,0,1,0,0,A,7,0,A,7,16.7,A,7,13.9,A,7,84,A,7,984,A,7,30,A,7,2.1,A,7,19300,B,7,77777,A,7,2.4,E,8,0.000,?,0,0.00,?,0,0,1,D,9,00,C,8
08/05/1987,03:00,0,0,0,1,0,0,1,0,0,1,0,0,1,0,0,1,0,0,1,0,0,1,0,0,A,7,0,A,7,15.6,A,7,13.3,A,7,87,A,7,984,A,7,360,A,7,2.1,A,7,19300,B,7,77777,A,7,2.4,E,8,0.000,?,0,0.00,?,0,0,1,D,9,00,C,8
08/05/1987,04:00,0,0,0,1,0,0,1,0,0,1,0,0,1,0,0,1,0,0,1,0,0,1,0,0,A,7,0,A,7,14.4,A,7,13.3,A,7,93,A,7,984,A,7,30,A,7,2.1,A,7,19300,B,7,77777,A,7,2.3,E,8,0.000,?,0,0.00,?,0,0,1,D,9,00,C,8
08/05/1987,05:00,0,0,0,1,0,0,1,0,0,1,0,0,1,0,0,1,0,0,1,0,0,1,0,2,A,7,2,A,7,15.0,A,7,13.9,A,7,93,A,7,984,A,7,360,A,7,3.1,A,7,19300,B,7,77777,A,7,2.4,E,8,0.000,?,0,0.00,?,0,0,1,D,9,00,C,8
08/05/1987,06:00,18,564,9,1,13,14,1,13,8,1,13,0,1,13,0,1,13,0,1,13,0,1,23,4,A,7,4,A,7,13.9,A,7,12.8,A,7,93,A,7,984,A,7,30,A,7,2.1,A,7,19300,B,7,77777,A,7,2.3,E,8,0.000,F,8,0.00,?,0,0,1,D,9,00,C,8
08/05/1987,07:00,209,1327,86,1,13,245,1,13,48,1,13,90,1,13,163,1,13,65,1,13,86,1,23,4,A,7,4,A,7,16.1,A,7,14.4,A,7,90,A,7,984,A,7,50,A,7,4.1,A,7,19300,B,7,77777,A,7,2.5,E,8,0.000,F,8,0.00,?,0,0,1,D,9,00,C,8
08/05/1987,08:00,449,1327,165,1,13,170,1,13,107,1,13,177,1,13,160,1,13,123,1,13,209,1,23,7,A,7,7,A,7,18.3,A,7,14.4,A,7,78,A,7,985,A,7,60,A,7,4.6,A,7,19300,B,7,3050,A,7,2.5,E,8,0.000,F,8,0.00,?,0,0,1,D,9,00,C,8
08/05/1987,09:00,678,1327,396,1,13,499,1,13,140,1,13,427,1,13,503,1,13,170,1,13,292,1,23,5,A,7,5,A,7,20.0,A,7,13.9,A,7,68,A,7,985,A,7,30,A,7,4.1,A,7,19300,B,7,77777,A,7,2.4,E,8,0.000,F,8,0.00,?,0,0,1,D,9,00,C,8
08/05/1987,10:00,879,1327,597,1,13,659,1,13,158,1,13,629,1,13,667,1,13,186,1,13,412,1,23,5,A,7,5,A,7,21.7,A,7,13.3,A,7,59,A,7,985,A,7,30,A,7,5.2,A,7,19300,B,7,77777,A,7,2.4,E,8,0.000,F,8,0.00,?,0,0,1,D,9,00,C,8
08/05/1987,11:00,1038,1327,684,1,13,630,1,13,189,1,13,726,1,13,643,1,13,222,1,13,643,1,23,3,A,7,3,A,7,22.8,A,7,12.8,A,7,53,A,7,985,A,7,70,A,7,3.6,A,7,19300,B,7,77777,A,7,2.3,E,8,0.000,F,8,0.00,?,0,0,1,D,9,00,C,8
08/05/1987,12:00,1144,1327,802,1,13,674,1,13,219,1,13,853,1,13,688,1,13,258,1,13,977,1,23,5,A,7,5,A,7,23.9,A,7,12.8,A,7,50,A,7,985,A,7,60,A,7,5.2,A,7,19300,B,7,77777,A,7,2.3,E,8,0.000,F,8,0.00,?,0,0,1,D,9,00,C,8
08/05/1987,13:00,1191,1327,582,1,13,330,1,13,285,1,13,635,1,13,346,1,13,324,1,13,1514,1,23,6,A,7,6,A,7,24.4,A,7,12.2,A,7,47,A,7,985,A,7,40,A,7,5.7,A,7,19300,B,7,850,A,7,2.2,E,8,0.000,F,8,0.00,?,0,0,1,D,9,00,C,8
08/05/1987,14:00,1174,1327,792,1,13,639,1,13,225,1,13,843,1,13,652,1,13,265,1,13,1108,1,23,7,A,7,7,A,7,23.9,A,7,11.1,A,7,45,A,7,985,A,7,20,A,7,2.6,A,7,19300,B,7,910,A,7,2.1,E,8,0.000,F,8,0.00,?,0,0,1,D,9,00,C,8
08/05/1987,15:00,1095,1327,784,1,13,709,1,13,196,1,13,835,1,13,725,1,13,235,1,13,764,1,23,6,A,7,6,A,7,23.3,A,7,11.7,A,7,48,A,7,985,A,7,40,A,7,4.1,A,7,19300,B,7,910,A,7,2.1,E,8,0.000,F,8,0.00,?,0,0,1,D,9,00,C,8
08/05/1987,16:00,960,1327,599,1,13,491,1,13,242,1,13,641,1,13,510,1,13,272,1,13,711,1,23,7,A,7,6,A,7,25.0,A,7,12.2,A,7,45,A,7,984,A,7,360,A,7,4.1,A,7,19300,B,7,910,A,7,2.2,E,8,0.000,F,8,0.00,?,0,0,1,D,9,00,C,8
08/05/1987,17:00,777,1327,450,1,13,475,1,13,170,1,13,484,1,13,487,1,13,199,1,13,388,1,23,4,A,7,3,A,7,25.0,A,7,11.7,A,7,43,A,7,984,A,7,90,A,7,3.1,A,7,24100,B,7,77777,A,7,2.1,E,8,0.000,F,8,0.00,?,0,0,1,D,9,00,C,8
08/05/1987,18:00,559,1327,181,1,13,195,1,13,98,1,13,200,1,13,196,1,13,117,1,13,191,1,23,4,A,7,4,A,7,23.3,A,7,12.8,A,7,52,A,7,984,A,7,30,A,7,3.6,A,7,24100,B,7,77777,A,7,2.3,E,8,0.000,F,8,0.00,?,0,0,1,D,9,00,C,8
08/05/1987,19:00,322,1327,180,1,13,488,1,9,60,1,13,184,1,13,401,1,9,86,1,13,110,1,21,2,A,7,2,A,7,23.3,A,7,12.8,A,7,52,A,7,984,A,7,40,A,7,3.6,A,7,24100,B,7,77777,A,7,2.3,E,8,0.000,F,8,0.00,?,0,0,1,D,9,00,C,8
08/05/1987,20:00,86,1162,33,1,13,120,1,9,22,1,13,33,1,13,53,1,9,29,1,13,39,1,21,3,A,7,1,A,7,19.4,A,7,12.8,A,7,66,A,7,984,A,7,60,A,7,3.6,A,7,24100,B,7,77777,A,7,2.3,E,8,0.000,F,8,0.00,?,0,0,1,D,9,00,C,8
08/05/1987,21:00,0,0,0,1,0,0,1,0,0,1,0,0,1,0,0,1,0,0,1,0,0,1,0,4,A,7,3,A,7,17.8,A,7,12.2,A,7,70,A,7,985,A,7,70,A,7,3.6,A,7,24100,B,7,77777,A,7,2.2,E,8,0.000,?,0,0.00,?,0,0,1,D,9,00,C,8
08/05/1987,22:00,0,0,0,1,0,0,1,0,0,1,0,0,1,0,0,1,0,0,1,0,0,1,0,0,A,7,0,A,7,16.1,A,7,11.1,A,7,72,A,7,985,A,7,70,A,7,4.1,A,7,19300,B,7,77777,A,7,2.1,E,8,0.000,?,0,0.00,?,0,0,1,D,9,00,C,8
08/05/1987,23:00,0,0,0,1,0,0,1,0,0,1,0,0,1,0,0,1,0,0,1,0,0,1,0,0,A,7,0,A,7,15.0,A,7,11.1,A,7,78,A,7,985,A,7,100,A,7,4.1,A,7,24100,B,7,77777,A,7,2.1,E,8,0.000,?,0,0.00,?,0,0,1,D,9,00,C,8
08/05/1987,24:00,0,0,0,1,0,0,1,0,0,1,0,0,1,0,0,1,0,0,1,0,0,1,0,0,A,7,0,A,7,16.1,A,7,11.7,A,7,75,A,7,985,A,7,100,A,7,4.1,A,7,24100,B,7,77777,A,7,2.1,E,8,0.000,?,0,0.00,?,0,0,1,D,9,00,C,8
08/06/1987,01:00,0,0,0,1,0,0,1,0,0,1,0,0,1,0,0,1,0,0,1,0,0,1,0,0,A,7,0,A,7,16.1,A,7,11.7,A,7,75,A,7,985,A,7,130,A,7,4.6,A,7,24100,B,7,77777,A,7,2.1,E,8,0.000,?,0,0.00,?,0,0,1,D,9,00,C,8
08/06/1987,02:00,0,0,0,1,0,0,1,0,0,1,0,0,1,0,0,1,0,0,1,0,0,1,0,0,A,7,0,A,7,15.6,A,7,11.1,A,7,75,A,7,985,A,7,120,A,7,4.1,A,7,24100,B,7,77777,A,7,2.1,E,8,0.000,?,0,0.00,?,0,0,1,D,9,00,C,8
08/06/1987,03:00,0,0,0,1,0,0,1,0,0,1,0,0,1,0,0,1,0,0,1,0,0,1,0,0,A,7,0,A,7,13.9,A,7,11.1,A,7,84,A,7,986,A,7,120,A,7,2.1,A,7,24100,B,7,77777,A,7,2.1,E,8,0.000,?,0,0.00,?,0,0,1,D,9,00,C,8
08/06/1987,04:00,0,0,0,1,0,0,1,0,0,1,0,0,1,0,0,1,0,0,1,0,0,1,0,6,A,7,5,A,7,15.0,A,7,12.2,A,7,84,A,7,986,A,7,90,A,7,2.1,A,7,24100,B,7,1370,A,7,2.2,E,8,0.000,?,0,0.00,?,0,0,1,D,9,00,C,8
08/06/1987,05:00,0,0,0,1,0,0,1,0,0,1,0,0,1,0,0,1,0,0,1,0,0,1,0,6,A,7,5,A,7,15.0,A,7,12.2,A,7,84,A,7,986,A,7,110,A,7,2.1,A,7,24100,B,7,1370,A,7,2.2,E,8,0.000,?,0,0.00,?,0,0,1,D,9,00,C,8
08/06/1987,06:00,17,520,11,1,13,30,1,9,8,1,13,0,1,13,0,1,9,0,1,13,0,1,21,2,A,7,2,A,7,12.2,A,7,11.1,A,7,93,A,7,986,A,7,70,A,7,2.1,A,7,24100,B,7,77777,A,7,2.1,E,8,0.000,F,8,0.00,?,0,0,1,D,9,00,C,8
08/06/1987,07:00,205,1328,81,1,13,282,1,13,37,1,13,83,1,13,194,1,13,53,1,13,67,1,23,3,A,7,3,A,7,14.4,A,7,12.8,A,7,90,A,7,987,A,7,110,A,7,2.1,A,7,24100,B,7,77777,A,7,2.3,E,8,0.000,F,8,0.00,?,0,0,1,D,9,00,C,8
08/06/1987,08:00,446,1328,268,1,13,525,1,13,91,1,13,275,1,13,475,1,13,115,1,13,169,1,23,4,A,7,4,A,7,17.8,A,7,13.3,A,7,75,A,7,987,A,7,130,A,7,4.1,A,7,24100,B,7,77777,A,7,2.4,E,8,0.000,F,8,0.00,?,0,0,1,D,9,00,C,8
08/06/1987,09:00,675,1328,374,1,13,387,1,13,177,1,13,394,1,13,388,1,13,196,1,13,378,1,23,5,A,7,3,A,7,20.6,A,7,13.3,A,7,63,A,7,987,A,7,140,A,7,5.2,A,7,24100,B,7,77777,A,7,2.4,E,8,0.000,F,8,0.00,?,0,0,1,D,9,00,C,8
08/06/1987,10:00,876,1328,354,1,13,180,1,13,234,1,13,392,1,13,191,1,13,266,1,13,673,1,23,8,A,7,6,A,7,23.3,A,7,13.9,A,7,56,A,7,987,A,7,160,A,7,4.6,A,7,24100,B,7,7620,A,7,2.5,E,8,0.000,F,8,0.00,?,0,0,1,D,9,00,C,8
08/06/1987,11:00,1035,1328,593,1,13,356,1,13,314,1,13,648,1,13,386,1,13,347,1,13,1045,1,23,7,A,7,7,A,7,23.9,A,7,14.4,A,7,56,A,7,987,A,7,160,A,7,3.6,A,7,24100,B,7,1830,A,7,2.5,E,8,0.000,F,8,0.00,?,0,0,1,D,9,00,C,8
08/06/1987,12:00,1142,1328,755,1,13,546,1,13,283,1,13,817,1,13,571,1,13,325,1,13,1266,1,23,6,A,7,6,A,7,25.6,A,7,13.9,A,7,49,A,7,987,A,7,150,A,7,3.6,A,7,24100,B,7,1520,A,7,2.5,E,8,0.000,F,8,0.00,?,0,0,1,D,9,00,C,8
08/06/1987,13:00,1188,1328,860,1,13,717,1,13,215,1,13,918,1,13,734,1,13,260,1,13,1119,1,23,6,A,7,6,A,7,27.2,A,7,13.3,A,7,42,A,7,986,A,7,220,A,7,3.6,A,7,24100,B,7,1520,A,7,2.3,E,8,0.000,F,8,0.00,?,0,0,1,D,9,00,C,8
08/06/1987,14:00,1172,1328,513,1,9,102,1,9,423,1,13,566,1,9,105,1,9,473,1,13,1937,1,18,8,A,7,8,A,7,27.8,A,7,13.9,A,7,43,A,7,986,A,7,190,A,7,3.6,A,7,24100,B,7,1520,A,7,2.5,E,8,0.000,F,8,0.00,?,0,0,1,D,9,00,C,8
08/06/1987,15:00,1093,1328,687,1,13,557,1,13,227,1,13,724,1,13,565,1,13,258,1,13,866,1,23,7,A,7,4,A,7,26.7,A,7,13.9,A,7,45,A,7,985,A,7,170,A,7,3.1,A,7,16100,B,7,7620,A,7,2.4,E,8,0.000,F,8,0.00,?,0,0,1,D,9,00,C,8
08/06/1987,16:00,957,1328,614,1,13,587,1,13,189,1,13,645,1,13,594,1,13,216,1,13,547,1,23,8,A,7,4,A,7,27.2,A,7,13.3,A,7,42,A,7,985,A,7,250,A,7,4.6,A,7,16100,B,7,77777,A,7,2.3,E,8,0.000,F,8,0.00,?,0,0,1,D,9,00,C,8
08/06/1987,17:00,774,1328,553,1,13,744,1,13,116,1,13,586,1,13,751,1,13,148,1,13,275,1,23,5,A,7,4,A,7,28.3,A,7,12.2,A,7,37,A,7,985,A,7,240,A,7,4.6,A,7,24100,B,7,77777,A,7,2.2,E,8,0.000,F,8,0.00,?,0,0,1,D,9,00,C,8
08/06/1987,18:00,555,1328,350,1,13,578,1,13,106,1,13,361,1,13,551,1,13,130,1,13,209,1,23,3,A,7,3,A,7,27.8,A,7,11.7,A,7,37,A,7,985,A,7,200,A,7,5.2,A,7,24100,B,7,77777,A,7,2.1,E,8,0.000,F,8,0.00,?,0,0,1,D,9,00,C,8
08/06/1987,19:00,317,1328,152,1,13,331,1,9,71,1,13,158,1,13,269,1,9,94,1,13,129,1,21,2,A,7,2,A,7,26.7,A,7,12.8,A,7,42,A,7,985,A,7,240,A,7,4.1,A,7,24100,B,7,77777,A,7,2.3,E,8,0.000,F,8,0.00,?,0,0,1,D,9,00,C,8
08/06/1987,20:00,82,1140,33,1,13,132,1,9,21,1,13,33,1,13,57,1,9,28,1,13,37,1,21,2,A,7,2,A,7,23.3,A,7,13.3,A,7,54,A,7,985,A,7,210,A,7,3.1,A,7,24100,B,7,77777,A,7,2.4,E,8,0.000,F,8,0.00,?,0,0,1,D,9,00,C,8
08/06/1987,21:00,0,0,0,1,0,0,1,0,0,1,0,0,1,0,0,1,0,0,1,0,0,1,0,2,A,7,1,A,7,20.0,A,7,13.9,A,7,68,A,7,985,A,7,200,A,7,1.5,A,7,24100,B,7,77777,A,7,2.4,E,8,0.000,?,0,0.00,?,0,0,1,D,9,00,C,8
08/06/1987,22:00,0,0,0,1,0,0,1,0,0,1,0,0,1,0,0,1,0,0,1,0,0,1,0,0,A,7,0,A,7,19.4,A,7,13.9,A,7,70,A,7,985,A,7,190,A,7,1.5,A,7,24100,B,7,77777,A,7,2.4,E,8,0.000,?,0,0.00,?,0,0,1,D,9,00,C,8
08/06/1987,23:00,0,0,0,1,0,0,1,0,0,1,0,0,1,0,0,1,0,0,1,0,0,1,0,0,A,7,0,A,7,18.3,A,7,13.9,A,7,76,A,7,985,A,7,200,A,7,2.6,A,7,24100,B,7,77777,A,7,2.4,E,8,0.000,?,0,0.00,?,0,0,1,D,9,00,C,8
08/06/1987,24:00,0,0,0,1,0,0,1,0,0,1,0,0,1,0,0,1,0,0,1,0,0,1,0,0,A,7,0,A,7,19.4,A,7,14.4,A,7,73,A,7,986,A,7,170,A,7,4.6,A,7,24100,B,7,77777,A,7,2.5,E,8,0.000,?,0,0.00,?,0,0,1,D,9,00,C,8
08/07/1987,01:00,0,0,0,1,0,0,1,0,0,1,0,0,1,0,0,1,0,0,1,0,0,1,0,0,A,7,0,A,7,20.0,A,7,14.4,A,7,71,A,7,986,A,7,180,A,7,5.2,A,7,24100,B,7,77777,A,7,2.5,E,8,0.000,?,0,0.00,?,0,0,1,D,9,00,C,8
08/07/1987,02:00,0,0,0,1,0,0,1,0,0,1,0,0,1,0,0,1,0,0,1,0,0,1,0,0,A,7,0,A,7,18.9,A,7,14.4,A,7,76,A,7,985,A,7,180,A,7,3.6,A,7,24100,B,7,77777,A,7,2.5,E,8,0.000,?,0,0.00,?,0,0,1,D,9,00,C,8
08/07/1987,03:00,0,0,0,1,0,0,1,0,0,1,0,0,1,0,0,1,0,0,1,0,0,1,0,0,A,7,0,A,7,18.9,A,7,13.9,A,7,73,A,7,985,A,7,180,A,7,3.6,A,7,24100,B,7,77777,A,7,2.4,E,8,0.000,?,0,0.00,?,0,0,1,D,9,00,C,8
08/07/1987,04:00,0,0,0,1,0,0,1,0,0,1,0,0,1,0,0,1,0,0,1,0,0,1,0,0,A,7,0,A,7,17.8,A,7,13.9,A,7,78,A,7,985,A,7,180,A,7,3.1,A,7,24100,B,7,77777,A,7,2.4,E,8,0.000,?,0,0.00,?,0,0,1,D,9,00,C,8
08/07/1987,05:00,0,0,0,1,0,0,1,0,0,1,0,0,1,0,0,1,0,0,1,0,0,1,0,0,A,7,0,A,7,17.8,A,7,14.4,A,7,81,A,7,985,A,7,190,A,7,2.6,A,7,24100,B,7,77777,A,7,2.5,E,8,0.000,?,0,0.00,?,0,0,1,D,9,00,C,8
08/07/1987,06:00,15,498,6,1,13,0,1,13,6,1,13,0,1,13,0,1,13,0,1,13,0,1,23,4,A,7,4,A,7,17.8,A,7,14.4,A,7,81,A,7,985,A,7,190,A,7,3.1,A,7,24100,B,7,77777,A,7,2.5,E,8,0.000,F,8,0.00,?,0,0,1,D,9,00,C,8
08/07/1987,07:00,201,1328,55,1,13,28,1,13,51,1,13,60,1,13,21,1,13,57,1,13,125,1,23,4,A,7,4,A,7,20.0,A,7,15.0,A,7,73,A,7,986,A,7,220,A,7,5.2,A,7,24100,B,7,77777,A,7,2.6,E,8,0.000,F,8,0.00,?,0,0,1,D,9,00,C,8
08/07/1987,08:00,442,1328,154,1,13,48,1,13,138,1,13,169,1,13,45,1,13,154,1,13,367,1,23,5,A,7,5,A,7,22.2,A,7,16.1,A,7,69,A,7,986,A,7,240,A,7,5.2,A,7,24100,B,7,77777,A,7,2.8,E,8,0.000,F,8,0.00,?,0,0,1,D,9,00,C,8
08/07/1987,09:00,672,1328,373,1,13,343,1,13,199,1,13,400,1,13,356,1,13,220,1,13,448,1,23,5,A,7,5,A,7,24.4,A,7,16.7,A,7,62,A,7,986,A,7,240,A,7,7.2,A,7,12900,B,7,77777,A,7,2.9,E,8,0.000,F,8,0.00,?,0,0,1,D,9,00,C,8
08/07/1987,10:00,873,1328,594,1,9,610,1,9,192,1,13,618,1,9,611,1,9,216,1,13,483,1,18,1,A,7,0,A,7,26.7,A,7,16.7,A,7,54,A,7,986,A,7,250,A,7,7.2,A,7,16100,B,7,77777,A,7,2.9,E,8,0.000,F,8,0.00,?,0,0,1,D,9,00,C,8
08/07/1987,11:00,1033,1328,740,1,9,660,1,9,225,1,13,776,1,9,667,1,9,256,1,13,742,1,18,2,A,7,0,A,7,28.3,A,7,16.7,A,7,49,A,7,986,A,7,240,A,7,8.8,A,7,16100,B,7,77777,A,7,2.9,E,8,0.000,F,8,0.00,?,0,0,1,D,9,00,C,8
08/07/1987,12:00,1139,1328,792,1,9,639,1,9,242,1,13,836,1,9,648,1,9,278,1,13,1052,1,18,4,A,7,1,A,7,29.4,A,7,17.8,A,7,50,A,7,985,A,7,270,A,7,7.2,A,7,16100,B,7,77777,A,7,3.1,E,8,0.000,F,8,0.00,?,0,0,1,D,9,00,C,8
08/07/1987,13:00,1186,1328,817,1,9,560,1,9,315,1,13,881,1,9,586,1,9,357,1,13,1645,1,18,5,A,7,2,A,7,31.1,A,7,17.8,A,7,45,A,7,985,A,7,250,A,7,6.2,A,7,16100,B,7,77777,A,7,3.1,E,8,0.000,F,8,0.00,?,0,0,1,D,9,00,C,8
08/07/1987,14:00,1169,1328,765,1,13,478,1,13,342,1,13,815,1,13,499,1,13,375,1,13,1686,1,23,8,A,7,3,A,7,30.0,A,7,17.8,A,7,48,A,7,985,A,7,280,A,7,5.2,A,7,16100,B,7,77777,A,7,3.1,E,8,0.000,F,8,0.00,?,0,0,1,D,9,00,C,8
08/07/1987,15:00,1090,1328,728,1,13,601,1,13,233,1,13,766,1,13,609,1,13,265,1,13,879,1,23,7,A,7,4,A,7,31.1,A,7,17.8,A,7,45,A,7,985,A,7,270,A,7,6.7,A,7,16100,B,7,7620,A,7,3.1,E,8,0.000,F,8,0.00,?,0,0,1,D,9,00,C,8
08/07/1987,16:00,954,1328,620,1,13,454,1,13,293,1,13,651,1,13,470,1,13,313,1,13,865,1,23,8,A,7,4,A,7,31.1,A,7,17.8,A,7,45,A,7,984,A,7,250,A,7,7.7,A,7,16100,B,7,77777,A,7,3.1,E,8,0.000,F,8,0.00,?,0,0,1,D,9,00,C,8
08/07/1987,17:00,770,1328,395,1,13,240,1,13,255,1,13,431,1,13,250,1,13,285,1,13,676,1,23,8,A,7,4,A,7,30.6,A,7,17.8,A,7,46,A,7,984,A,7,250,A,7,8.2,A,7,16100,B,7,77777,A,7,3.0,E,8,0.000,F,8,0.00,?,0,0,1,D,9,00,C,8
08/07/1987,18:00,551,1328,252,1,13,201,1,13,168,1,13,274,1,13,200,1,13,191,1,13,397,1,23,8,A,7,3,A,7,28.9,A,7,17.8,A,7,51,A,7,984,A,7,290,A,7,7.2,A,7,16100,B,7,77777,A,7,3.1,E,8,0.000,F,8,0.00,?,0,0,1,D,9,00,C,8
08/07/1987,19:00,313,1328,111,1,13,52,1,13,99,1,13,122,1,13,45,1,13,111,1,13,245,1,23,9,A,7,7,A,7,27.2,A,7,16.1,A,7,51,A,7,985,A,7,280,A,7,6.2,A,7,16100,B,7,6100,A,7,2.8,E,8,0.000,F,8,0.00,?,0,0,1,D,9,00,C,8
08/07/1987,20:00,78,1118,25,1,13,4,1,13,25,1,13,28,1,13,0,1,13,28,1,13,81,1,23,10,A,7,5,A,7,24.4,A,7,15.6,A,7,58,A,7,985,A,7,270,A,7,4.6,A,7,16100,B,7,77777,A,7,2.7,E,8,0.000,F,8,0.00,?,0,0,1,D,9,00,C,8
08/07/1987,21:00,0,0,0,1,0,0,1,0,0,1,0,0,1,0,0,1,0,0,1,0,0,1,0,9,A,7,7,A,7,22.8,A,7,15.6,A,7,64,A,7,986,A,7,290,A,7,3.6,A,7,16100,B,7,6100,A,7,2.7,E,8,0.000,?,0,0.00,?,0,0,1,D,9,00,C,8
08/07/1987,22:00,0,0,0,1,0,0,1,0,0,1,0,0,1,0,0,1,0,0,1,0,0,1,0,5,A,7,4,A,7,22.2,A,7,14.4,A,7,62,A,7,986,A,7,340,A,7,3.6,A,7,16100,B,7,77777,A,7,2.5,E,8,0.000,?,0,0.00,?,0,0,1,D,9,00,C,8
08/07/1987,23:00,0,0,0,1,0,0,1,0,0,1,0,0,1,0,0,1,0,0,1,0,0,1,0,4,A,7,4,A,7,20.6,A,7,13.9,A,7,66,A,7,987,A,7,10,A,7,3.6,A,7,16100,B,7,77777,A,7,2.5,E,8,0.000,?,0,0.00,?,0,0,1,D,9,00,C,8
08/07/1987,24:00,0,0,0,1,0,0,1,0,0,1,0,0,1,0,0,1,0,0,1,0,0,1,0,5,A,7,5,A,7,20.0,A,7,13.3,A,7,66,A,7,987,A,7,30,A,7,2.6,A,7,16100,B,7,77777,A,7,2.4,E,8,0.000,?,0,0.00,?,0,0,1,D,9,00,C,8
08/08/1987,01:00,0,0,0,1,0,0,1,0,0,1,0,0,1,0,0,1,0,0,1,0,0,1,0,5,A,7,4,A,7,18.9,A,7,12.8,A,7,68,A,7,986,A,7,90,A,7,2.6,A,7,16100,B,7,77777,A,7,2.3,E,8,0.000,?,0,0.00,?,0,0,1,D,9,00,C,8
08/08/1987,02:00,0,0,0,1,0,0,1,0,0,1,0,0,1,0,0,1,0,0,1,0,0,1,0,5,A,7,4,A,7,18.9,A,7,12.8,A,7,68,A,7,987,A,7,10,A,7,2.6,A,7,16100,B,7,77777,A,7,2.3,E,8,0.000,?,0,0.00,?,0,0,1,D,9,00,C,8
08/08/1987,03:00,0,0,0,1,0,0,1,0,0,1,0,0,1,0,0,1,0,0,1,0,0,1,0,7,A,7,5,A,7,18.9,A,7,12.8,A,7,68,A,7,987,A,7,130,A,7,2.6,A,7,16100,B,7,7620,A,7,2.3,E,8,0.000,?,0,0.00,?,0,0,1,D,9,00,C,8
08/08/1987,04:00,0,0,0,1,0,0,1,0,0,1,0,0,1,0,0,1,0,0,1,0,0,1,0,8,A,7,6,A,7,18.9,A,7,12.8,A,7,68,A,7,987,A,7,30,A,7,2.6,A,7,16100,B,7,7620,A,7,2.3,E,8,0.000,?,0,0.00,?,0,0,1,D,9,00,C,8
08/08/1987,05:00,0,0,0,1,0,0,1,0,0,1,0,0,1,0,0,1,0,0,1,0,0,1,0,8,A,7,8,A,7,17.8,A,7,12.8,A,7,73,A,7,987,A,7,20,A,7,1.5,A,7,16100,B,7,7620,A,7,2.3,E,8,0.000,?,0,0.00,?,0,0,1,D,9,00,C,8
08/08/1987,06:00,14,476,0,1,13,0,1,9,0,1,13,0,1,13,0,1,9,0,1,13,0,1,21,10,A,7,10,A,7,17.2,A,7,13.3,A,7,78,A,7,987,A,7,60,A,7,1.5,A,7,24100,B,7,3050,A,7,2.4,E,8,0.000,F,8,0.00,?,0,0,1,D,9,00,C,8
08/08/1987,07:00,198,1329,26,1,13,3,1,9,25,1,13,30,1,13,0,1,9,30,1,13,98,1,21,10,A,7,10,A,7,17.8,A,7,13.9,A,7,78,A,7,987,A,7,0,A,7,0.0,A,7,24100,B,7,3050,A,7,2.4,E,8,0.000,F,8,0.00,?,0,0,1,D,9,00,C,8
08/08/1987,08:00,439,1329,100,1,9,8,1,9,97,1,13,114,1,9,5,1,9,113,1,13,381,1,18,10,A,7,10,A,7,18.9,A,7,13.9,A,7,73,A,7,987,A,7,80,A,7,2.1,A,7,24100,B,7,1220,A,7,2.4,E,8,0.000,F,8,0.00,?,0,0,1,D,9,00,C,8
08/08/1987,09:00,669,1329,101,1,9,2,1,9,100,1,13,121,1,9,1,1,9,121,1,13,465,1,18,10,A,7,10,A,7,18.9,A,7,15.0,A,7,78,A,7,988,A,7,90,A,7,2.1,A,7,12900,B,7,1220,A,7,2.6,E,8,0.000,F,8,0.00,?,0,0,1,D,9,00,C,8
08/08/1987,10:00,871,1329,151,1,9,5,1,9,147,1,13,181,1,9,4,1,9,179,1,13,716,1,18,10,A,7,10,A,7,18.9,A,7,16.7,A,7,87,A,7,987,A,7,90,A,7,2.6,A,7,11300,B,7,1830,A,7,2.9,E,8,0.000,F,8,0.00,?,0,3,1,D,9,61,C,8
08/08/1987,11:00,1030,1329,195,1,9,2,1,9,193,1,13,236,1,9,2,1,9,235,1,13,956,1,18,10,A,7,10,A,7,19.4,A,7,16.7,A,7,84,A,7,987,A,7,100,A,7,3.1,A,7,11300,B,7,1830,A,7,2.9,E,8,0.000,F,8,0.00,?,0,0,1,D,9,61,C,8
08/08/1987,12:00,1137,1329,200,1,9,0,1,9,200,1,13,245,1,9,0,1,9,245,1,13,1006,1,18,10,A,7,10,A,7,21.1,A,7,16.1,A,7,73,A,7,987,A,7,110,A,7,3.1,A,7,16100,B,7,1830,A,7,2.8,E,8,0.000,F,8,0.00,?,0,3,1,D,9,61,C,8
08/08/1987,13:00,1183,1329,235,1,9,3,1,9,233,1,13,288,1,9,2,1,9,286,1,13,1150,1,18,10,A,7,10,A,7,19.4,A,7,16.7,A,7,84,A,7,987,A,7,50,A,7,3.1,A,7,8000,B,7,1830,A,7,2.9,E,8,0.000,F,8,0.00,?,0,3,1,D,9,61,C,8
08/08/1987,14:00,1166,1329,244,1,9,2,1,9,242,1,13,296,1,9,2,1,9,295,1,13,1183,1,18,10,A,7,10,A,7,19.4,A,7,17.8,A,7,90,A,7,987,A,7,80,A,7,3.1,A,7,8000,B,7,1520,A,7,3.1,E,8,0.000,F,8,0.00,?,0,30,1,D,9,45,C,8
08/08/1987,15:00,1087,1329,251,1,9,0,1,9,250,1,13,299,1,9,0,1,9,299,1,13,1197,1,18,10,A,7,10,A,7,19.4,A,7,17.8,A,7,90,A,7,987,A,7,80,A,7,2.6,A,7,8000,B,7,1520,A,7,3.1,E,8,0.000,F,8,0.00,?,0,8,1,D,9,45,C,8
08/08/1987,16:00,950,1329,190,1,9,1,1,9,190,1,13,229,1,9,1,1,9,228,1,13,917,1,18,10,A,7,10,A,7,18.9,A,7,17.8,A,7,93,A,7,985,A,7,70,A,7,5.2,A,7,8000,B,7,1520,A,7,3.1,E,8,0.000,F,8,0.00,?,0,5,1,D,9,45,C,8
08/08/1987,17:00,766,1329,165,1,9,1,1,9,164,1,13,194,1,9,1,1,9,193,1,13,741,1,18,10,A,7,10,A,7,18.3,A,7,16.7,A,7,90,A,7,985,A,7,100,A,7,4.6,A,7,11300,B,7,1520,A,7,2.9,E,8,0.000,F,8,0.00,?,0,0,1,D,9,45,C,8
08/08/1987,18:00,547,1329,161,1,9,1,1,9,161,1,13,182,1,9,1,1,9,182,1,13,611,1,18,10,A,7,10,A,7,18.3,A,7,16.7,A,7,90,A,7,984,A,7,120,A,7,4.6,A,7,11300,B,7,1520,A,7,2.9,E,8,0.000,F,8,0.00,?,0,0,1,D,9,61,C,8
08/08/1987,19:00,308,1329,47,1,13,0,1,9,47,1,13,55,1,13,0,1,9,55,1,13,187,1,21,10,A,7,10,A,7,17.8,A,7,16.7,A,7,93,A,7,983,A,7,90,A,7,4.6,A,7,8000,B,7,1220,A,7,2.9,E,8,0.000,F,8,0.00,?,0,13,1,D,9,00,C,8
08/08/1987,20:00,74,1096,13,1,13,0,1,9,13,1,13,15,1,13,0,1,9,15,1,13,48,1,21,10,A,7,10,A,7,17.8,A,7,16.7,A,7,93,A,7,983,A,7,70,A,7,4.6,A,7,6400,B,7,120,A,7,2.9,E,8,0.000,F,8,0.00,?,0,0,1,D,9,45,C,8
08/08/1987,21:00,0,0,0,1,0,0,1,0,0,1,0,0,1,0,0,1,0,0,1,0,0,1,0,10,A,7,10,A,7,17.2,A,7,16.1,A,7,93,A,7,983,A,7,70,A,7,4.6,A,7,6400,B,7,1220,A,7,2.8,E,8,0.000,?,0,0.00,?,0,0,1,D,9,45,C,8
08/08/1987,22:00,0,0,0,1,0,0,1,0,0,1,0,0,1,0,0,1,0,0,1,0,0,1,0,10,A,7,10,A,7,17.2,A,7,16.1,A,7,93,A,7,982,A,7,110,A,7,5.2,A,7,8000,B,7,1160,A,7,2.8,E,8,0.000,?,0,0.00,?,0,0,1,D,9,45,C,8
08/08/1987,23:00,0,0,0,1,0,0,1,0,0,1,0,0,1,0,0,1,0,0,1,0,0,1,0,10,A,7,10,A,7,17.2,A,7,15.6,A,7,90,A,7,981,A,7,100,A,7,5.2,A,7,8000,B,7,980,A,7,2.7,E,8,0.000,?,0,0.00,?,0,0,1,D,9,45,C,8
08/08/1987,24:00,0,0,0,1,0,0,1,0,0,1,0,0,1,0,0,1,0,0,1,0,0,1,0,10,A,7,10,A,7,17.2,A,7,14.4,A,7,84,A,7,980,A,7,130,A,7,4.6,A,7,8000,B,7,980,A,7,2.5,E,8,0.000,?,0,0.00,?,0,0,1,D,9,45,C,8
08/09/1987,01:00,0,0,0,1,0,0,1,0,0,1,0,0,1,0,0,1,0,0,1,0,0,1,0,10,A,7,10,A,7,17.8,A,7,15.0,A,7,84,A,7,979,A,7,140,A,7,4.6,A,7,8000,B,7,980,A,7,2.6,E,8,0.000,?,0,0.00,?,0,3,1,D,9,45,C,8
08/09/1987,02:00,0,0,0,1,0,0,1,0,0,1,0,0,1,0,0,1,0,0,1,0,0,1,0,10,A,7,10,A,7,18.3,A,7,16.7,A,7,90,A,7,978,A,7,140,A,7,5.7,A,7,6400,B,7,760,A,7,2.8,E,8,0.000,?,0,0.00,?,0,8,1,D,9,45,C,8
08/09/1987,03:00,0,0,0,1,0,0,1,0,0,1,0,0,1,0,0,1,0,0,1,0,0,1,0,10,A,7,10,A,7,18.9,A,7,17.8,A,7,93,A,7,977,A,7,150,A,7,6.2,A,7,4000,B,7,180,A,7,3.0,E,8,0.000,?,0,0.00,?,0,53,1,D,9,45,C,8
08/09/1987,04:00,0,0,0,1,0,0,1,0,0,1,0,0,1,0,0,1,0,0,1,0,0,1,0,10,A,7,10,A,7,19.4,A,7,18.9,A,7,97,A,7,976,A,7,160,A,7,2.6,A,7,4000,B,7,180,A,7,3.2,E,8,0.000,?,0,0.00,?,0,18,1,D,9,45,C,8
08/09/1987,05:00,0,0,0,1,0,0,1,0,0,1,0,0,1,0,0,1,0,0,1,0,0,1,0,10,A,7,10,A,7,20.0,A,7,19.4,A,7,97,A,7,976,A,7,180,A,7,3.1,A,7,4000,B,7,240,A,7,3.4,E,8,0.000,?,0,0.00,?,0,36,1,D,9,45,C,8
08/09/1987,06:00,13,454,6,1,13,0,1,9,6,1,13,0,1,13,0,1,9,0,1,13,0,1,21,10,A,7,10,A,7,20.6,A,7,20.0,A,7,97,A,7,976,A,7,220,A,7,2.1,A,7,2400,B,7,120,A,7,3.5,E,8,0.000,F,8,0.00,?,0,20,1,D,9,45,C,8
08/09/1987,07:00,194,1329,49,1,13,0,1,9,49,1,13,55,1,13,0,1,9,55,1,13,164,1,21,10,A,7,10,A,7,21.1,A,7,20.6,A,7,97,A,7,976,A,7,180,A,7,2.6,A,7,2400,B,7,150,A,7,3.6,E,8,0.000,F,8,0.00,?,0,0,1,D,9,45,C,8
08/09/1987,08:00,436,1329,139,1,9,1,1,9,139,1,13,155,1,9,1,1,9,155,1,13,485,1,18,10,A,7,10,A,7,22.2,A,7,21.7,A,7,97,A,7,975,A,7,200,A,7,2.6,A,7,2400,B,7,150,A,7,3.8,E,8,0.000,F,8,0.00,?,0,0,1,D,9,45,C,8
08/09/1987,09:00,666,1329,211,1,9,1,1,9,210,1,13,238,1,9,1,1,9,238,1,13,820,1,18,10,A,7,10,A,7,22.8,A,7,21.7,A,7,94,A,7,975,A,7,230,A,7,3.6,A,7,2400,B,7,150,A,7,3.8,E,8,0.000,F,8,0.00,?,0,0,1,D,9,45,C,8
08/09/1987,10:00,868,1329,304,1,9,1,1,9,303,1,13,346,1,9,1,1,9,346,1,13,1232,1,18,10,A,7,10,A,7,24.4,A,7,22.8,A,7,91,A,7,975,A,7,260,A,7,4.1,A,7,2400,B,7,240,A,7,4.1,E,8,0.000,F,8,0.00,?,0,0,1,D,9,45,C,8
08/09/1987,11:00,1028,1329,419,1,9,116,1,9,328,1,13,461,1,9,124,1,9,365,1,13,1117,1,18,10,A,7,9,A,7,25.6,A,7,22.8,A,7,85,A,7,975,A,7,280,A,7,3.1,A,7,4800,B,7,240,A,7,4.1,E,8,0.000,F,8,0.00,?,0,0,1,D,9,45,C,8
08/09/1987,12:00,1135,1329,676,1,13,449,1,13,290,1,13,729,1,13,470,1,13,327,1,13,1266,1,23,7,A,7,5,A,7,25.6,A,7,22.8,A,7,85,A,7,975,A,7,330,A,7,3.1,A,7,4800,B,7,460,A,7,4.1,E,8,0.000,F,8,0.00,?,0,0,1,D,9,45,C,8
08/09/1987,13:00,1181,1329,789,1,13,640,1,13,218,1,13,842,1,13,654,1,13,259,1,13,1097,1,23,5,A,7,4,A,7,27.2,A,7,22.8,A,7,77,A,7,975,A,7,310,A,7,4.1,A,7,9700,B,7,77777,A,7,4.1,E,8,0.000,F,8,0.00,?,0,0,1,D,9,05,C,8
08/09/1987,14:00,1163,1329,663,1,13,427,1,13,287,1,13,719,1,13,447,1,13,326,1,13,1374,1,23,7,A,7,5,A,7,26.1,A,7,21.7,A,7,77,A,7,975,A,7,280,A,7,5.2,A,7,9700,B,7,610,A,7,3.8,E,8,0.000,F,8,0.00,?,0,0,1,D,9,05,C,8
08/09/1987,15:00,1084,1329,678,1,13,551,1,13,226,1,13,713,1,13,559,1,13,256,1,13,841,1,23,6,A,7,5,A,7,26.7,A,7,20.6,A,7,69,A,7,975,A,7,280,A,7,6.2,A,7,12900,B,7,610,A,7,3.6,E,8,0.000,F,8,0.00,?,0,0,1,D,9,05,C,8
08/09/1987,16:00,947,1329,577,1,13,358,1,13,320,1,13,621,1,13,386,1,13,346,1,13,945,1,23,5,A,7,5,A,7,27.2,A,7,19.4,A,7,63,A,7,975,A,7,260,A,7,8.2,A,7,12900,B,7,77777,A,7,3.4,E,8,0.000,F,8,0.00,?,0,0,1,D,9,00,C,8
08/09/1987,17:00,762,1329,297,1,9,131,1,9,222,1,13,327,1,9,137,1,9,248,1,13,585,1,18,9,A,7,8,A,7,25.0,A,7,19.4,A,7,71,A,7,976,A,7,270,A,7,7.2,A,7,12900,B,7,1220,A,7,3.3,E,8,0.000,F,8,0.00,?,0,0,1,D,9,00,C,8
08/09/1987,18:00,543,1329,229,1,9,183,1,9,154,1,13,251,1,9,181,1,9,176,1,13,362,1,18,9,A,7,8,A,7,25.0,A,7,20.0,A,7,74,A,7,976,A,7,280,A,7,6.2,A,7,12900,B,7,1520,A,7,3.5,E,8,0.000,F,8,0.00,?,0,0,1,D,9,00,C,8
08/09/1987,19:00,304,1329,79,1,13,10,1,9,76,1,13,88,1,13,4,1,9,87,1,13,270,1,21,9,A,7,9,A,7,23.9,A,7,19.4,A,7,76,A,7,977,A,7,290,A,7,5.2,A,7,11300,B,7,700,A,7,3.3,E,8,0.000,F,8,0.00,?,0,0,1,D,9,00,C,8
08/09/1987,20:00,70,1052,17,1,13,3,1,9,17,1,13,20,1,13,0,1,9,20,1,13,60,1,21,10,A,7,10,A,7,23.3,A,7,18.9,A,7,76,A,7,978,A,7,280,A,7,4.6,A,7,11300,B,7,850,A,7,3.2,E,8,0.000,F,8,0.00,?,0,0,1,D,9,00,C,8
08/09/1987,21:00,0,0,0,1,0,0,1,0,0,1,0,0,1,0,0,1,0,0,1,0,0,1,0,10,A,7,10,A,7,21.1,A,7,18.9,A,7,87,A,7,978,A,7,360,A,7,4.6,A,7,11300,B,7,240,A,7,3.2,E,8,0.000,?,0,0.00,?,0,0,1,D,9,00,C,8
08/09/1987,22:00,0,0,0,1,0,0,1,0,0,1,0,0,1,0,0,1,0,0,1,0,0,1,0,10,A,7,10,A,7,18.9,A,7,18.3,A,7,97,A,7,979,A,7,10,A,7,5.7,A,7,6400,B,7,150,A,7,3.2,E,8,0.000,?,0,0.00,?,0,3,1,D,9,00,C,8
08/09/1987,23:00,0,0,0,1,0,0,1,0,0,1,0,0,1,0,0,1,0,0,1,0,0,1,0,10,A,7,10,A,7,18.3,A,7,17.8,A,7,97,A,7,980,A,7,10,A,7,4.1,A,7,8000,B,7,240,A,7,3.1,E,8,0.000,?,0,0.00,?,0,0,1,D,9,45,C,8
08/09/1987,24:00,0,0,0,1,0,0,1,0,0,1,0,0,1,0,0,1,0,0,1,0,0,1,0,10,A,7,10,A,7,18.3,A,7,17.2,A,7,93,A,7,981,A,7,10,A,7,3.6,A,7,8000,B,7,150,A,7,2.9,E,8,0.000,?,0,0.00,?,0,0,1,D,9,45,C,8
08/10/1987,01:00,0,0,0,1,0,0,1,0,0,1,0,0,1,0,0,1,0,0,1,0,0,1,0,10,A,7,10,A,7,17.8,A,7,17.2,A,7,97,A,7,981,A,7,10,A,7,2.6,A,7,4800,B,7,150,A,7,3.0,E,8,0.000,?,0,0.00,?,0,0,1,D,9,45,C,8
08/10/1987,02:00,0,0,0,1,0,0,1,0,0,1,0,0,1,0,0,1,0,0,1,0,0,1,0,10,A,7,10,A,7,17.8,A,7,17.2,A,7,97,A,7,982,A,7,340,A,7,2.6,A,7,4800,B,7,150,A,7,3.0,E,8,0.000,?,0,0.00,?,0,0,1,D,9,45,C,8
08/10/1987,03:00,0,0,0,1,0,0,1,0,0,1,0,0,1,0,0,1,0,0,1,0,0,1,0,10,A,7,10,A,7,17.8,A,7,17.2,A,7,97,A,7,982,A,7,340,A,7,2.6,A,7,6400,B,7,580,A,7,3.0,E,8,0.000,?,0,0.00,?,0,0,1,D,9,45,C,8
08/10/1987,04:00,0,0,0,1,0,0,1,0,0,1,0,0,1,0,0,1,0,0,1,0,0,1,0,10,A,7,10,A,7,17.8,A,7,16.7,A,7,93,A,7,983,A,7,340,A,7,2.6,A,7,6400,B,7,580,A,7,2.9,E,8,0.000,?,0,0.00,?,0,0,1,D,9,45,C,8
08/10/1987,05:00,0,0,0,1,0,0,1,0,0,1,0,0,1,0,0,1,0,0,1,0,0,1,0,10,A,7,10,A,7,17.8,A,7,16.7,A,7,93,A,7,983,A,7,340,A,7,3.1,A,7,6400,B,7,210,A,7,2.9,E,8,0.000,?,0,0.00,?,0,0,1,D,9,45,C,8
08/10/1987,06:00,11,432,2,1,13,0,1,9,2,1,13,0,1,13,0,1,9,0,1,13,0,1,21,10,A,7,10,A,7,17.2,A,7,16.1,A,7,93,A,7,984,A,7,330,A,7,3.1,A,7,6400,B,7,150,A,7,2.8,E,8,0.000,F,8,0.00,?,0,0,1,D,9,45,C,8
08/10/1987,07:00,190,1330,41,1,13,3,1,9,41,1,13,47,1,13,0,1,9,47,1,13,144,1,21,10,A,7,10,A,7,17.8,A,7,16.1,A,7,90,A,7,985,A,7,360,A,7,2.6,A,7,6400,B,7,150,A,7,2.8,E,8,0.000,F,8,0.00,?,0,0,1,D,9,45,C,8
08/10/1987,08:00,432,1330,129,1,9,3,1,9,128,1,13,144,1,9,2,1,9,144,1,13,459,1,18,10,A,7,10,A,7,18.3,A,7,16.7,A,7,90,A,7,986,A,7,10,A,7,3.6,A,7,6400,B,7,150,A,7,2.9,E,8,0.000,F,8,0.00,?,0,0,1,D,9,45,C,8
08/10/1987,09:00,663,1330,179,1,9,7,1,9,175,1,13,205,1,9,6,1,9,202,1,13,722,1,18,10,A,7,10,A,7,18.9,A,7,16.7,A,7,87,A,7,987,A,7,10,A,7,5.2,A,7,6400,B,7,270,A,7,2.9,E,8,0.000,F,8,0.00,?,0,0,1,D,9,45,C,8
08/10/1987,10:00,865,1330,140,1,9,3,1,9,137,1,13,169,1,9,2,1,9,167,1,13,672,1,18,10,A,7,10,A,7,19.4,A,7,16.7,A,7,84,A,7,987,A,7,20,A,7,4.1,A,7,11300,B,7,270,A,7,2.9,E,8,0.000,F,8,0.00,?,0,0,1,D,9,45,C,8
08/10/1987,11:00,1025,1330,555,1,9,245,1,9,365,1,13,599,1,9,265,1,9,394,1,13,1220,1,18,9,A,7,8,A,7,21.7,A,7,16.7,A,7,73,A,7,987,A,7,10,A,7,5.2,A,7,16100,B,7,670,A,7,2.9,E,8,0.000,F,8,0.00,?,0,0,1,D,9,61,C,8
08/10/1987,12:00,1132,1330,470,1,13,176,1,13,319,1,13,523,1,13,189,1,13,362,1,13,1297,1,23,9,A,7,7,A,7,22.8,A,7,16.1,A,7,66,A,7,987,A,7,20,A,7,3.1,A,7,16100,B,7,670,A,7,2.8,E,8,0.000,F,8,0.00,?,0,0,1,D,9,00,C,8
08/10/1987,13:00,1178,1330,723,1,13,511,1,13,269,1,13,792,1,13,536,1,13,316,1,13,1350,1,23,7,A,7,5,A,7,23.9,A,7,16.7,A,7,64,A,7,987,A,7,60,A,7,4.1,A,7,16100,B,7,670,A,7,2.9,E,8,0.000,F,8,0.00,?,0,0,1,D,9,00,C,8
08/10/1987,14:00,1161,1330,756,1,13,501,1,13,317,1,13,812,1,13,524,1,13,354,1,13,1508,1,23,7,A,7,5,A,7,25.0,A,7,16.1,A,7,58,A,7,987,A,7,20,A,7,5.2,A,7,16100,B,7,670,A,7,2.8,E,8,0.000,F,8,0.00,?,0,0,1,D,9,00,C,8
08/10/1987,15:00,1081,1330,770,1,13,740,1,13,166,1,13,802,1,13,742,1,13,197,1,13,562,1,23,6,A,7,5,A,7,25.6,A,7,14.4,A,7,50,A,7,987,A,7,70,A,7,4.1,A,7,16100,B,7,760,A,7,2.5,E,8,0.000,F,8,0.00,?,0,0,1,D,9,00,C,8
08/10/1987,16:00,943,1330,590,1,13,529,1,13,212,1,13,638,1,13,550,1,13,247,1,13,599,1,23,6,A,7,6,A,7,26.7,A,7,15.0,A,7,49,A,7,987,A,7,30,A,7,4.6,A,7,16100,B,7,850,A,7,2.6,E,8,0.000,F,8,0.00,?,0,0,1,D,9,00,C,8
08/10/1987,17:00,758,1330,437,1,13,428,1,13,191,1,13,463,1,13,436,1,13,213,1,13,434,1,23,4,A,7,4,A,7,24.4,A,7,15.6,A,7,58,A,7,987,A,7,50,A,7,3.1,A,7,16100,B,7,77777,A,7,2.7,E,8,0.000,F,8,0.00,?,0,0,1,D,9,00,C,8
08/10/1987,18:00,538,1330,251,1,13,205,1,13,167,1,13,272,1,13,202,1,13,190,1,13,392,1,23,5,A,7,5,A,7,25.6,A,7,16.1,A,7,56,A,7,987,A,7,40,A,7,4.6,A,7,16100,B,7,77777,A,7,2.8,E,8,0.000,F,8,0.00,?,0,0,1,D,9,00,C,8
08/10/1987,19:00,299,1330,95,1,13,111,1,13,69,1,13,104,1,13,92,1,13,83,1,13,150,1,23,4,A,7,4,A,7,23.3,A,7,16.1,A,7,64,A,7,987,A,7,10,A,7,3.1,A,7,16100,B,7,77777,A,7,2.8,E,8,0.000,F,8,0.00,?,0,0,1,D,9,00,C,8
08/10/1987,20:00,66,1030,26,1,13,55,1,9,21,1,13,26,1,13,20,1,9,25,1,13,37,1,21,3,A,7,2,A,7,21.7,A,7,16.1,A,7,71,A,7,987,A,7,20,A,7,2.1,A,7,16100,B,7,77777,A,7,2.8,E,8,0.000,F,8,0.00,?,0,0,1,D,9,00,C,8
08/10/1987,21:00,0,0,0,1,0,0,1,0,0,1,0,0,1,0,0,1,0,0,1,0,0,1,0,3,A,7,0,A,7,20.0,A,7,16.7,A,7,81,A,7,987,A,7,30,A,7,1.5,A,7,16100,B,7,77777,A,7,2.9,E,8,0.000,?,0,0.00,?,0,0,1,D,9,00,C,8
08/10/1987,22:00,0,0,0,1,0,0,1,0,0,1,0,0,1,0,0,1,0,0,1,0,0,1,0,6,A,7,2,A,7,18.3,A,7,16.1,A,7,87,A,7,988,A,7,20,A,7,2.1,A,7,16100,B,7,77777,A,7,2.8,E,8,0.000,?,0,0.00,?,0,0,1,D,9,00,C,8
08/10/1987,23:00,0,0,0,1,0,0,1,0,0,1,0,0,1,0,0,1,0,0,1,0,0,1,0,6,A,7,1,A,7,17.8,A,7,16.1,A,7,90,A,7,988,A,7,50,A,7,1.5,A,7,16100,B,7,77777,A,7,2.8,E,8,0.000,?,0,0.00,?,0,0,1,D,9,00,C,8
08/10/1987,24:00,0,0,0,1,0,0,1,0,0,1,0,0,1,0,0,1,0,0,1,0,0,1,0,4,A,7,4,A,7,17.8,A,7,15.0,A,7,84,A,7,988,A,7,80,A,7,2.1,A,7,16100,B,7,77777,A,7,2.6,E,8,0.000,?,0,0.00,?,0,0,1,D,9,00,C,8
08/11/1987,01:00,0,0,0,1,0,0,1,0,0,1,0,0,1,0,0,1,0,0,1,0,0,1,0,2,A,7,2,A,7,16.7,A,7,15.0,A,7,90,A,7,989,A,7,100,A,7,1.5,A,7,16100,B,7,77777,A,7,2.6,E,8,0.000,?,0,0.00,?,0,0,1,D,9,00,C,8
08/11/1987,02:00,0,0,0,1,0,0,1,0,0,1,0,0,1,0,0,1,0,0,1,0,0,1,0,2,A,7,2,A,7,15.6,A,7,13.9,A,7,90,A,7,989,A,7,50,A,7,1.5,A,7,16100,B,7,77777,A,7,2.5,E,8,0.000,?,0,0.00,?,0,0,1,D,9,00,C,8
08/11/1987,03:00,0,0,0,1,0,0,1,0,0,1,0,0,1,0,0,1,0,0,1,0,0,1,0,0,A,7,0,A,7,15.0,A,7,13.9,A,7,93,A,7,988,A,7,60,A,7,1.5,A,7,16100,B,7,77777,A,7,2.4,E,8,0.000,?,0,0.00,?,0,0,1,D,9,00,C,8
08/11/1987,04:00,0,0,0,1,0,0,1,0,0,1,0,0,1,0,0,1,0,0,1,0,0,1,0,0,A,7,0,A,7,14.4,A,7,13.3,A,7,93,A,7,988,A,7,40,A,7,2.6,A,7,16100,B,7,77777,A,7,2.4,E,8,0.000,?,0,0.00,?,0,0,1,D,9,00,C,8
08/11/1987,05:00,0,0,0,1,0,0,1,0,0,1,0,0,1,0,0,1,0,0,1,0,0,1,0,4,A,7,0,A,7,15.0,A,7,13.9,A,7,93,A,7,989,A,7,160,A,7,2.1,A,7,16100,B,7,77777,A,7,2.4,E,8,0.000,?,0,0.00,?,0,0,1,D,9,00,C,8
08/11/1987,06:00,10,410,5,1,13,5,1,13,4,1,13,0,1,13,0,1,13,0,1,13,0,1,23,7,A,7,3,A,7,14.4,A,7,13.9,A,7,97,A,7,989,A,7,30,A,7,2.1,A,7,9700,B,7,77777,A,7,2.4,E,8,0.000,F,8,0.00,?,0,0,1,D,9,00,C,8
08/11/1987,07:00,186,1330,65,1,13,114,1,9,49,1,13,69,1,13,69,1,9,59,1,13,91,1,21,8,A,7,2,A,7,17.2,A,7,15.6,A,7,90,A,7,989,A,7,60,A,7,2.1,A,7,9700,B,7,77777,A,7,2.7,E,8,0.000,F,8,0.00,?,0,0,1,D,9,05,C,8
08/11/1987,08:00,429,1330,239,1,9,521,1,9,70,1,13,249,1,9,471,1,9,96,1,13,135,1,18,3,A,7,2,A,7,19.4,A,7,17.2,A,7,87,A,7,989,A,7,70,A,7,2.1,A,7,16100,B,7,77777,A,7,3.0,E,8,0.000,F,8,0.00,?,0,0,1,D,9,05,C,8
08/11/1987,09:00,660,1330,417,1,9,587,1,9,124,1,13,434,1,9,576,1,9,147,1,13,260,1,18,7,A,7,2,A,7,21.1,A,7,17.2,A,7,79,A,7,989,A,7,60,A,7,3.6,A,7,16100,B,7,77777,A,7,3.0,E,8,0.000,F,8,0.00,?,0,0,1,D,9,00,C,8
08/11/1987,10:00,862,1330,577,1,9,608,1,9,181,1,13,601,1,9,610,1,9,205,1,13,451,1,18,7,A,7,2,A,7,23.3,A,7,16.7,A,7,66,A,7,989,A,7,90,A,7,3.1,A,7,16100,B,7,77777,A,7,2.9,E,8,0.000,F,8,0.00,?,0,0,1,D,9,00,C,8
08/11/1987,11:00,1023,1330,633,1,9,577,1,9,188,1,13,671,1,9,588,1,9,218,1,13,617,1,18,5,A,7,2,A,7,24.4,A,7,16.1,A,7,60,A,7,989,A,7,20,A,7,2.6,A,7,24100,B,7,77777,A,7,2.8,E,8,0.000,F,8,0.00,?,0,0,1,D,9,00,C,8
08/11/1987,12:00,1129,1330,805,1,9,785,1,9,135,1,13,862,1,9,797,1,9,183,1,13,553,1,18,5,A,7,1,A,7,25.6,A,7,16.1,A,7,56,A,7,988,A,7,30,A,7,4.1,A,7,24100,B,7,77777,A,7,2.8,E,8,0.000,F,8,0.00,?,0,0,1,D,9,00,C,8
08/11/1987,13:00,1175,1330,849,1,9,776,1,9,160,1,13,898,1,9,784,1,9,204,1,13,741,1,18,5,A,7,2,A,7,25.6,A,7,14.4,A,7,50,A,7,988,A,7,70,A,7,3.6,A,7,24100,B,7,77777,A,7,2.5,E,8,0.000,F,8,0.00,?,0,0,1,D,9,00,C,8
08/11/1987,14:00,1158,1330,874,1,9,837,1,9,142,1,13,935,1,9,850,1,9,193,1,13,632,1,18,3,A,7,2,A,7,26.1,A,7,15.0,A,7,51,A,7,987,A,7,70,A,7,5.2,A,7,24100,B,7,77777,A,7,2.6,E,8,0.000,F,8,0.00,?,0,0,1,D,9,00,C,8
08/11/1987,15:00,1077,1330,785,1,13,749,1,13,175,1,13,840,1,13,769,1,13,216,1,13,655,1,23,5,A,7,4,A,7,27.2,A,7,14.4,A,7,46,A,7,987,A,7,40,A,7,5.2,A,7,24100,B,7,77777,A,7,2.5,E,8,0.000,F,8,0.00,?,0,0,1,D,9,00,C,8
08/11/1987,16:00,940,1330,603,1,13,538,1,13,220,1,13,649,1,13,559,1,13,253,1,13,620,1,23,4,A,7,4,A,7,25.0,A,7,15.0,A,7,54,A,7,986,A,7,50,A,7,4.1,A,7,24100,B,7,77777,A,7,2.6,E,8,0.000,F,8,0.00,?,0,0,1,D,9,00,C,8
08/11/1987,17:00,754,1330,445,1,13,509,1,13,154,1,13,481,1,13,520,1,13,185,1,13,342,1,23,4,A,7,4,A,7,26.1,A,7,16.1,A,7,54,A,7,986,A,7,50,A,7,3.6,A,7,24100,B,7,77777,A,7,2.8,E,8,0.000,F,8,0.00,?,0,0,1,D,9,00,C,8
08/11/1987,18:00,534,1330,323,1,13,546,1,13,101,1,13,332,1,13,517,1,13,125,1,13,197,1,23,4,A,7,4,A,7,26.7,A,7,16.1,A,7,52,A,7,986,A,7,30,A,7,2.1,A,7,24100,B,7,77777,A,7,2.8,E,8,0.000,F,8,0.00,?,0,0,1,D,9,00,C,8
08/11/1987,19:00,294,1330,139,1,13,299,1,13,72,1,13,144,1,13,234,1,13,92,1,13,132,1,23,3,A,7,3,A,7,23.9,A,7,15.6,A,7,60,A,7,985,A,7,90,A,7,3.1,A,7,24100,B,7,77777,A,7,2.7,E,8,0.000,F,8,0.00,?,0,0,1,D,9,00,C,8
08/11/1987,20:00,62,986,32,1,13,110,1,9,21,1,13,30,1,13,44,1,9,27,1,13,37,1,21,2,A,7,2,A,7,21.1,A,7,16.1,A,7,73,A,7,985,A,7,80,A,7,3.1,A,7,24100,B,7,77777,A,7,2.8,E,8,0.000,F,8,0.00,?,0,0,1,D,9,00,C,8
08/11/1987,21:00,0,0,0,1,0,0,1,0,0,1,0,0,1,0,0,1,0,0,1,0,0,1,0,0,A,7,0,A,7,18.9,A,7,16.7,A,7,87,A,7,985,A,7,90,A,7,3.6,A,7,24100,B,7,77777,A,7,2.9,E,8,0.000,?,0,0.00,?,0,0,1,D,9,00,C,8
08/11/1987,22:00,0,0,0,1,0,0,1,0,0,1,0,0,1,0,0,1,0,0,1,0,0,1,0,0,A,7,0,A,7,18.9,A,7,15.6,A,7,81,A,7,986,A,7,80,A,7,3.1,A,7,24100,B,7,77777,A,7,2.7,E,8,0.000,?,0,0.00,?,0,0,1,D,9,00,C,8
08/11/1987,23:00,0,0,0,1,0,0,1,0,0,1,0,0,1,0,0,1,0,0,1,0,0,1,0,0,A,7,0,A,7,18.3,A,7,16.1,A,7,87,A,7,986,A,7,110,A,7,3.1,A,7,24100,B,7,77777,A,7,2.8,E,8,0.000,?,0,0.00,?,0,0,1,D,9,00,C,8
08/11/1987,24:00,0,0,0,1,0,0,1,0,0,1,0,0,1,0,0,1,0,0,1,0,0,1,0,0,A,7,0,A,7,17.2,A,7,15.6,A,7,90,A,7,986,A,7,80,A,7,3.1,A,7,16100,B,7,77777,A,7,2.7,E,8,0.000,?,0,0.00,?,0,0,1,D,9,00,C,8
08/12/1987,01:00,0,0,0,1,0,0,1,0,0,1,0,0,1,0,0,1,0,0,1,0,0,1,0,0,A,7,0,A,7,16.7,A,7,15.6,A,7,93,A,7,986,A,7,110,A,7,3.1,A,7,16100,B,7,77777,A,7,2.7,E,8,0.000,?,0,0.00,?,0,0,1,D,9,00,C,8
08/12/1987,02:00,0,0,0,1,0,0,1,0,0,1,0,0,1,0,0,1,0,0,1,0,0,1,0,0,A,7,0,A,7,15.6,A,7,15.0,A,7,97,A,7,986,A,7,60,A,7,3.1,A,7,16100,B,7,77777,A,7,2.6,E,8,0.000,?,0,0.00,?,0,0,1,D,9,00,C,8
08/12/1987,03:00,0,0,0,1,0,0,1,0,0,1,0,0,1,0,0,1,0,0,1,0,0,1,0,0,A,7,0,A,7,15.0,A,7,14.4,A,7,97,A,7,986,A,7,50,A,7,2.6,A,7,11300,B,7,77777,A,7,2.5,E,8,0.000,?,0,0.00,?,0,0,1,D,9,00,C,8
08/12/1987,04:00,0,0,0,1,0,0,1,0,0,1,0,0,1,0,0,1,0,0,1,0,0,1,0,0,A,7,0,A,7,15.0,A,7,14.4,A,7,97,A,7,986,A,7,50,A,7,2.1,A,7,8000,B,7,77777,A,7,2.5,E,8,0.000,?,0,0.00,?,0,0,1,D,9,00,C,8
08/12/1987,05:00,0,0,0,1,0,0,1,0,0,1,0,0,1,0,0,1,0,0,1,0,0,1,0,0,A,7,0,A,7,12.8,A,7,12.8,A,7,100,A,7,986,A,7,40,A,7,2.1,A,7,8000,B,7,77777,A,7,2.3,E,8,0.000,?,0,0.00,?,0,0,1,D,9,45,C,8
08/12/1987,06:00,9,388,7,1,13,14,1,9,5,1,13,0,1,13,0,1,9,0,1,13,0,1,21,0,A,7,0,A,7,12.8,A,7,12.2,A,7,97,A,7,985,A,7,50,A,7,2.1,A,7,4800,B,7,77777,A,7,2.2,E,8,0.000,F,8,0.00,?,0,0,1,D,9,45,C,8
08/12/1987,07:00,183,1330,79,1,13,324,1,9,35,1,13,81,1,13,211,1,9,52,1,13,63,1,21,0,A,7,0,A,7,15.6,A,7,15.0,A,7,97,A,7,986,A,7,70,A,7,2.1,A,7,4800,B,7,77777,A,7,2.6,E,8,0.000,F,8,0.00,?,0,0,1,D,9,45,C,8
08/12/1987,08:00,425,1330,251,1,9,601,1,9,58,1,13,265,1,9,547,1,9,90,1,13,114,1,18,0,A,7,0,A,7,19.4,A,7,16.7,A,7,84,A,7,986,A,7,90,A,7,3.1,A,7,12900,B,7,77777,A,7,2.9,E,8,0.000,F,8,0.00,?,0,0,1,D,9,45,C,8
08/12/1987,09:00,657,1330,443,1,9,727,1,9,83,1,13,464,1,9,712,1,9,112,1,13,179,1,18,1,A,7,0,A,7,22.2,A,7,17.2,A,7,73,A,7,986,A,7,70,A,7,3.6,A,7,12900,B,7,77777,A,7,2.9,E,8,0.000,F,8,0.00,?,0,0,1,D,9,00,C,8
08/12/1987,10:00,859,1330,618,1,9,798,1,9,101,1,13,658,1,9,803,1,9,138,1,13,257,1,18,1,A,7,0,A,7,24.4,A,7,17.8,A,7,67,A,7,985,A,7,40,A,7,3.1,A,7,16100,B,7,77777,A,7,3.1,E,8,0.000,F,8,0.00,?,0,0,1,D,9,00,C,8
08/12/1987,11:00,1020,1330,689,1,13,637,1,13,198,1,13,727,1,13,647,1,13,229,1,13,642,1,23,4,A,7,3,A,7,25.6,A,7,16.7,A,7,58,A,7,985,A,7,60,A,7,4.1,A,7,16100,B,7,77777,A,7,2.9,E,8,0.000,F,8,0.00,?,0,0,1,D,9,00,C,8
08/12/1987,12:00,1127,1330,780,1,13,662,1,13,217,1,13,828,1,13,675,1,13,255,1,13,910,1,23,6,A,7,6,A,7,25.6,A,7,15.6,A,7,54,A,7,985,A,7,50,A,7,4.1,A,7,16100,B,7,1070,A,7,2.7,E,8,0.000,F,8,0.00,?,0,0,1,D,9,00,C,8
08/12/1987,13:00,1173,1330,673,1,13,396,1,13,322,1,13,722,1,13,414,1,13,356,1,13,1593,1,23,7,A,7,6,A,7,27.2,A,7,15.6,A,7,49,A,7,985,A,7,80,A,7,5.2,A,7,16100,B,7,1070,A,7,2.7,E,8,0.000,F,8,0.00,?,0,0,1,D,9,00,C,8
08/12/1987,14:00,1155,1330,498,1,9,199,1,9,324,1,13,551,1,9,217,1,9,362,1,13,1388,1,18,9,A,7,9,A,7,27.2,A,7,16.1,A,7,51,A,7,985,A,7,80,A,7,4.1,A,7,16100,B,7,1370,A,7,2.8,E,8,0.000,F,8,0.00,?,0,0,1,D,9,00,C,8
08/12/1987,15:00,1074,1330,613,1,13,395,1,13,292,1,13,655,1,13,412,1,13,321,1,13,1083,1,23,7,A,7,7,A,7,26.7,A,7,17.2,A,7,56,A,7,984,A,7,30,A,7,6.2,A,7,16100,B,7,1370,A,7,3.0,E,8,0.000,F,8,0.00,?,0,0,1,D,9,00,C,8
08/12/1987,16:00,936,1330,414,1,13,172,1,13,292,1,13,455,1,13,183,1,13,327,1,13,889,1,23,7,A,7,7,A,7,28.3,A,7,16.7,A,7,49,A,7,984,A,7,60,A,7,4.6,A,7,16100,B,7,1370,A,7,2.8,E,8,0.000,F,8,0.00,?,0,0,1,D,9,00,C,8
08/12/1987,17:00,750,1330,478,1,13,535,1,13,174,1,13,510,1,13,545,1,13,202,1,13,389,1,23,6,A,7,6,A,7,26.7,A,7,17.2,A,7,56,A,7,983,A,7,80,A,7,4.1,A,7,16100,B,7,1370,A,7,3.0,E,8,0.000,F,8,0.00,?,0,0,1,D,9,00,C,8
08/12/1987,18:00,529,1330,214,1,13,156,1,13,151,1,13,233,1,13,154,1,13,172,1,13,353,1,23,6,A,7,6,A,7,26.7,A,7,18.3,A,7,60,A,7,983,A,7,70,A,7,3.6,A,7,16100,B,7,1370,A,7,3.2,E,8,0.000,F,8,0.00,?,0,0,1,D,9,00,C,8
08/12/1987,19:00,289,1330,65,1,13,26,1,13,59,1,13,71,1,13,21,1,13,66,1,13,157,1,23,6,A,7,6,A,7,25.6,A,7,18.3,A,7,64,A,7,983,A,7,70,A,7,2.6,A,7,16100,B,7,1370,A,7,3.2,E,8,0.000,F,8,0.00,?,0,0,1,D,9,00,C,8
08/12/1987,20:00,59,965,23,1,13,27,1,13,20,1,13,24,1,13,12,1,13,23,1,13,41,1,23,6,A,7,6,A,7,22.8,A,7,17.8,A,7,74,A,7,983,A,7,80,A,7,3.6,A,7,16100,B,7,1370,A,7,3.1,E,8,0.000,F,8,0.00,?,0,0,1,D,9,00,C,8
08/12/1987,21:00,0,0,0,1,0,0,1,0,0,1,0,0,1,0,0,1,0,0,1,0,0,1,0,7,A,7,7,A,7,22.2,A,7,18.3,A,7,79,A,7,983,A,7,90,A,7,4.1,A,7,16100,B,7,1370,A,7,3.2,E,8,0.000,?,0,0.00,?,0,0,1,D,9,00,C,8
08/12/1987,22:00,0,0,0,1,0,0,1,0,0,1,0,0,1,0,0,1,0,0,1,0,0,1,0,7,A,7,1,A,7,22.8,A,7,18.3,A,7,76,A,7,983,A,7,120,A,7,5.2,A,7,11300,B,7,77777,A,7,3.2,E,8,0.000,?,0,0.00,?,0,0,1,D,9,00,C,8
08/12/1987,23:00,0,0,0,1,0,0,1,0,0,1,0,0,1,0,0,1,0,0,1,0,0,1,0,6,A,7,1,A,7,22.2,A,7,18.3,A,7,79,A,7,984,A,7,130,A,7,3.6,A,7,11300,B,7,77777,A,7,3.2,E,8,0.000,?,0,0.00,?,0,0,1,D,9,00,C,8
08/12/1987,24:00,0,0,0,1,0,0,1,0,0,1,0,0,1,0,0,1,0,0,1,0,0,1,0,7,A,7,2,A,7,20.0,A,7,17.8,A,7,87,A,7,984,A,7,110,A,7,2.1,A,7,9700,B,7,77777,A,7,3.1,E,8,0.000,?,0,0.00,?,0,0,1,D,9,00,C,8
08/13/1987,01:00,0,0,0,1,0,0,1,0,0,1,0,0,1,0,0,1,0,0,1,0,0,1,0,8,A,7,3,A,7,18.3,A,7,17.2,A,7,93,A,7,984,A,7,110,A,7,1.5,A,7,9700,B,7,77777,A,7,2.9,E,8,0.000,?,0,0.00,?,0,0,1,D,9,05,C,8
08/13/1987,02:00,0,0,0,1,0,0,1,0,0,1,0,0,1,0,0,1,0,0,1,0,0,1,0,8,A,7,5,A,7,18.3,A,7,17.2,A,7,93,A,7,984,A,7,30,A,7,2.1,A,7,9700,B,7,7620,A,7,2.9,E,8,0.000,?,0,0.00,?,0,0,1,D,9,05,C,8
08/13/1987,03:00,0,0,0,1,0,0,1,0,0,1,0,0,1,0,0,1,0,0,1,0,0,1,0,8,A,7,5,A,7,17.2,A,7,16.7,A,7,97,A,7,984,A,7,70,A,7,2.1,A,7,9700,B,7,7620,A,7,2.9,E,8,0.000,?,0,0.00,?,0,0,1,D,9,05,C,8
08/13/1987,04:00,0,0,0,1,0,0,1,0,0,1,0,0,1,0,0,1,0,0,1,0,0,1,0,8,A,7,5,A,7,17.2,A,7,16.7,A,7,97,A,7,984,A,7,60,A,7,1.5,A,7,6400,B,7,7620,A,7,2.9,E,8,0.000,?,0,0.00,?,0,0,1,D,9,05,C,8
08/13/1987,05:00,0,0,0,1,0,0,1,0,0,1,0,0,1,0,0,1,0,0,1,0,0,1,0,6,A,7,4,A,7,17.8,A,7,16.7,A,7,93,A,7,984,A,7,90,A,7,1.5,A,7,8000,B,7,7620,A,7,2.9,E,8,0.000,?,0,0.00,?,0,0,1,D,9,45,C,8
08/13/1987,06:00,8,366,0,1,13,0,1,9,0,1,13,0,1,13,0,1,9,0,1,13,0,1,21,10,A,7,10,A,7,16.7,A,7,16.1,A,7,97,A,7,984,A,7,20,A,7,1.5,A,7,2000,B,7,7620,A,7,2.8,E,8,0.000,F,8,0.00,?,0,0,1,D,9,45,C,8
08/13/1987,07:00,179,1331,37,1,13,1,1,9,37,1,13,42,1,13,0,1,9,42,1,13,130,1,21,10,A,7,10,A,7,17.8,A,7,17.2,A,7,97,A,7,984,A,7,0,A,7,0.0,A,7,2000,B,7,270,A,7,3.0,E,8,0.000,F,8,0.00,?,0,0,1,D,9,45,C,8
08/13/1987,08:00,422,1331,192,1,13,227,1,13,120,1,13,204,1,13,209,1,13,138,1,13,240,1,23,9,A,7,4,A,7,21.1,A,7,19.4,A,7,90,A,7,984,A,7,170,A,7,1.5,A,7,3200,B,7,77777,A,7,3.4,E,8,0.000,F,8,0.00,?,0,0,1,D,9,45,C,8
08/13/1987,09:00,654,1331,375,1,13,404,1,13,175,1,13,392,1,13,403,1,13,194,1,13,369,1,23,9,A,7,4,A,7,24.4,A,7,20.0,A,7,76,A,7,984,A,7,160,A,7,3.1,A,7,3200,B,7,77777,A,7,3.5,E,8,0.000,F,8,0.00,?,0,0,1,D,9,45,C,8
08/13/1987,10:00,857,1331,563,1,13,615,1,13,166,1,13,591,1,13,619,1,13,191,1,13,415,1,23,6,A,7,3,A,7,26.1,A,7,20.0,A,7,69,A,7,984,A,7,240,A,7,3.1,A,7,6400,B,7,77777,A,7,3.5,E,8,0.000,F,8,0.00,?,0,0,1,D,9,05,C,8
08/13/1987,11:00,1017,1331,511,1,13,323,1,13,263,1,13,565,1,13,350,1,13,296,1,13,827,1,23,8,A,7,4,A,7,28.3,A,7,18.9,A,7,57,A,7,984,A,7,280,A,7,3.1,A,7,6400,B,7,77777,A,7,3.3,E,8,0.000,F,8,0.00,?,0,0,1,D,9,05,C,8
08/13/1987,12:00,1124,1331,803,1,13,687,1,13,221,1,13,851,1,13,700,1,13,259,1,13,917,1,23,5,A,7,4,A,7,28.9,A,7,17.2,A,7,49,A,7,984,A,7,220,A,7,5.2,A,7,9700,B,7,77777,A,7,2.9,E,8,0.000,F,8,0.00,?,0,0,1,D,9,05,C,8
08/13/1987,13:00,1170,1331,651,1,13,339,1,13,352,1,13,718,1,13,369,1,13,393,1,13,1585,1,23,9,A,7,7,A,7,28.9,A,7,16.1,A,7,46,A,7,984,A,7,240,A,7,6.2,A,7,11300,B,7,3050,A,7,2.8,E,8,0.000,F,8,0.00,?,0,0,1,D,9,05,C,8
08/13/1987,14:00,1152,1331,700,1,13,419,1,13,336,1,13,746,1,13,437,1,13,367,1,13,1552,1,23,7,A,7,5,A,7,30.6,A,7,15.6,A,7,40,A,7,984,A,7,240,A,7,4.6,A,7,11300,B,7,7620,A,7,2.7,E,8,0.000,F,8,0.00,?,0,0,1,D,9,00,C,8
08/13/1987,15:00,1071,1331,753,1,13,688,1,13,197,1,13,799,1,13,702,1,13,233,1,13,716,1,23,6,A,7,4,A,7,29.4,A,7,17.2,A,7,48,A,7,984,A,7,280,A,7,4.6,A,7,11300,B,7,7620,A,7,3.0,E,8,0.000,F,8,0.00,?,0,0,1,D,9,00,C,8
08/13/1987,16:00,932,1331,441,1,13,232,1,13,277,1,13,479,1,13,250,1,13,304,1,13,785,1,23,6,A,7,6,A,7,31.1,A,7,16.7,A,7,42,A,7,984,A,7,240,A,7,4.1,A,7,11300,B,7,7620,A,7,2.9,E,8,0.000,F,8,0.00,?,0,0,1,D,9,00,C,8
08/13/1987,17:00,746,1331,350,1,13,270,1,13,198,1,13,380,1,13,285,1,13,220,1,13,459,1,23,6,A,7,6,A,7,30.0,A,7,16.7,A,7,45,A,7,984,A,7,270,A,7,4.1,A,7,11300,B,7,7620,A,7,2.9,E,8,0.000,F,8,0.00,?,0,0,1,D,9,00,C,8
08/13/1987,18:00,525,1331,301,1,13,442,1,13,125,1,13,316,1,13,423,1,13,149,1,13,243,1,23,5,A,7,5,A,7,27.8,A,7,17.8,A,7,55,A,7,984,A,7,310,A,7,3.6,A,7,11300,B,7,77777,A,7,3.1,E,8,0.000,F,8,0.00,?,0,0,1,D,9,00,C,8
08/13/1987,19:00,284,1331,119,1,13,158,1,13,84,1,13,124,1,13,122,1,13,98,1,13,164,1,23,8,A,7,7,A,7,27.2,A,7,19.4,A,7,63,A,7,984,A,7,40,A,7,2.1,A,7,11300,B,7,3660,A,7,3.4,E,8,0.000,F,8,0.00,?,0,0,1,D,9,00,C,8
08/13/1987,20:00,55,943,16,1,13,2,1,9,16,1,13,18,1,13,0,1,9,18,1,13,56,1,21,8,A,7,8,A,7,24.4,A,7,19.4,A,7,74,A,7,984,A,7,60,A,7,2.6,A,7,11300,B,7,3660,A,7,3.4,E,8,0.000,F,8,0.00,?,0,0,1,D,9,00,C,8
08/13/1987,21:00,0,0,0,1,0,0,1,0,0,1,0,0,1,0,0,1,0,0,1,0,0,1,0,10,A,7,10,A,7,23.3,A,7,19.4,A,7,79,A,7,984,A,7,50,A,7,2.1,A,7,9700,B,7,3660,A,7,3.4,E,8,0.000,?,0,0.00,?,0,0,1,D,9,00,C,8
08/13/1987,22:00,0,0,0,1,0,0,1,0,0,1,0,0,1,0,0,1,0,0,1,0,0,1,0,10,A,7,10,A,7,22.8,A,7,19.4,A,7,82,A,7,984,A,7,80,A,7,2.6,A,7,9700,B,7,3660,A,7,3.4,E,8,0.000,?,0,0.00,?,0,0,1,D,9,05,C,8
08/13/1987,23:00,0,0,0,1,0,0,1,0,0,1,0,0,1,0,0,1,0,0,1,0,0,1,0,10,A,7,10,A,7,22.8,A,7,18.3,A,7,76,A,7,984,A,7,90,A,7,2.6,A,7,9700,B,7,3660,A,7,3.2,E,8,0.000,?,0,0.00,?,0,0,1,D,9,05,C,8
08/13/1987,24:00,0,0,0,1,0,0,1,0,0,1,0,0,1,0,0,1,0,0,1,0,0,1,0,10,A,7,10,A,7,23.3,A,7,18.3,A,7,74,A,7,984,A,7,90,A,7,2.1,A,7,9700,B,7,1520,A,7,3.2,E,8,0.000,?,0,0.00,?,0,0,1,D,9,05,C,8
08/14/1987,01:00,0,0,0,1,0,0,1,0,0,1,0,0,1,0,0,1,0,0,1,0,0,1,0,10,A,7,10,A,7,23.9,A,7,17.8,A,7,69,A,7,984,A,7,140,A,7,2.6,A,7,9700,B,7,1520,A,7,3.1,E,8,0.000,?,0,0.00,?,0,0,1,D,9,05,C,8
08/14/1987,02:00,0,0,0,1,0,0,1,0,0,1,0,0,1,0,0,1,0,0,1,0,0,1,0,10,A,7,10,A,7,24.4,A,7,17.8,A,7,67,A,7,984,A,7,140,A,7,2.6,A,7,9700,B,7,1520,A,7,3.1,E,8,0.000,?,0,0.00,?,0,0,1,D,9,05,C,8
08/14/1987,03:00,0,0,0,1,0,0,1,0,0,1,0,0,1,0,0,1,0,0,1,0,0,1,0,10,A,7,10,A,7,23.9,A,7,18.3,A,7,71,A,7,985,A,7,300,A,7,4.1,A,7,9700,B,7,700,A,7,3.2,E,8,0.000,?,0,0.00,?,0,0,1,D,9,05,C,8
08/14/1987,04:00,0,0,0,1,0,0,1,0,0,1,0,0,1,0,0,1,0,0,1,0,0,1,0,10,A,7,10,A,7,22.2,A,7,18.9,A,7,82,A,7,985,A,7,340,A,7,2.6,A,7,9700,B,7,580,A,7,3.3,E,8,0.000,?,0,0.00,?,0,0,1,D,9,05,C,8
08/14/1987,05:00,0,0,0,1,0,0,1,0,0,1,0,0,1,0,0,1,0,0,1,0,0,1,0,10,A,7,10,A,7,21.7,A,7,20.6,A,7,93,A,7,985,A,7,0,A,7,0.0,A,7,9700,B,7,580,A,7,3.6,E,8,0.000,?,0,0.00,?,0,0,1,D,9,05,C,8
08/14/1987,06:00,7,344,2,1,13,0,1,9,2,1,13,0,1,13,0,1,9,0,1,13,0,1,21,10,A,7,10,A,7,21.7,A,7,20.6,A,7,93,A,7,985,A,7,100,A,7,2.6,A,7,9700,B,7,580,A,7,3.6,E,8,0.000,F,8,0.00,?,0,0,1,D,9,05,C,8
08/14/1987,07:00,175,1331,40,1,13,0,1,9,40,1,13,45,1,13,0,1,9,45,1,13,137,1,21,10,A,7,10,A,7,22.2,A,7,20.6,A,7,90,A,7,985,A,7,120,A,7,2.6,A,7,9700,B,7,640,A,7,3.6,E,8,0.000,F,8,0.00,?,0,0,1,D,9,05,C,8
08/14/1987,08:00,418,1331,101,1,9,2,1,9,100,1,13,114,1,9,1,1,9,114,1,13,381,1,18,10,A,7,10,A,7,22.8,A,7,20.6,A,7,87,A,7,985,A,7,120,A,7,3.6,A,7,9700,B,7,1520,A,7,3.6,E,8,0.000,F,8,0.00,?,0,0,1,D,9,05,C,8
08/14/1987,09:00,650,1331,145,1,9,1,1,9,145,1,13,169,1,9,1,1,9,169,1,13,621,1,18,10,A,7,10,A,7,25.0,A,7,21.1,A,7,79,A,7,984,A,7,130,A,7,3.6,A,7,8000,B,7,1520,A,7,3.7,E,8,0.000,F,8,0.00,?,0,0,1,D,9,05,C,8
08/14/1987,10:00,854,1331,140,1,9,2,1,9,139,1,13,170,1,9,1,1,9,169,1,13,677,1,18,10,A,7,10,A,7,22.8,A,7,21.7,A,7,94,A,7,985,A,7,340,A,7,5.2,A,7,3200,B,7,700,A,7,3.9,E,8,0.000,F,8,0.00,?,0,0,1,D,9,05,C,8
08/14/1987,11:00,1014,1331,310,1,9,2,1,9,309,1,13,362,1,9,2,1,9,361,1,13,1365,1,18,10,A,7,10,A,7,22.8,A,7,22.2,A,7,97,A,7,985,A,7,300,A,7,2.6,A,7,3200,B,7,760,A,7,4.0,E,8,0.000,F,8,0.00,?,0,15,1,D,9,45,C,8
08/14/1987,12:00,1121,1331,214,1,9,3,1,9,211,1,13,260,1,9,2,1,9,258,1,13,1049,1,18,10,A,7,10,A,7,23.9,A,7,22.8,A,7,94,A,7,985,A,7,340,A,7,2.1,A,7,3200,B,7,760,A,7,4.1,E,8,0.000,F,8,0.00,?,0,5,1,D,9,45,C,8
08/14/1987,13:00,1167,1331,226,1,9,2,1,9,224,1,13,276,1,9,2,1,9,274,1,13,1110,1,18,10,A,7,10,A,7,23.3,A,7,22.2,A,7,94,A,7,985,A,7,250,A,7,6.7,A,7,1400,B,7,700,A,7,4.0,E,8,0.000,F,8,0.00,?,0,122,1,D,9,45,C,8
08/14/1987,14:00,1149,1331,391,1,9,2,1,9,390,1,13,457,1,9,2,1,9,456,1,13,1677,1,18,10,A,7,10,A,7,24.4,A,7,22.8,A,7,91,A,7,984,A,7,220,A,7,3.1,A,7,3200,B,7,850,A,7,4.1,E,8,0.000,F,8,0.00,?,0,25,1,D,9,45,C,8
08/14/1987,15:00,1067,1331,394,1,9,1,1,9,393,1,13,454,1,9,1,1,9,453,1,13,1637,1,18,10,A,7,10,A,7,25.0,A,7,22.8,A,7,88,A,7,984,A,7,160,A,7,2.6,A,7,4800,B,7,1220,A,7,4.1,E,8,0.000,F,8,0.00,?,0,0,1,D,9,45,C,8
08/14/1987,16:00,928,1331,301,1,9,0,1,9,301,1,13,347,1,9,0,1,9,347,1,13,1279,1,18,10,A,7,10,A,7,26.7,A,7,23.3,A,7,82,A,7,984,A,7,160,A,7,2.1,A,7,4800,B,7,2440,A,7,4.2,E,8,0.000,F,8,0.00,?,0,0,1,D,9,45,C,8
08/14/1987,17:00,742,1331,259,1,9,0,1,9,259,1,13,293,1,9,0,1,9,293,1,13,1004,1,18,10,A,7,10,A,7,26.7,A,7,22.8,A,7,79,A,7,984,A,7,180,A,7,6.2,A,7,4800,B,7,1220,A,7,4.1,E,8,0.000,F,8,0.00,?,0,0,1,D,9,45,C,8
08/14/1987,18:00,520,1331,144,1,9,0,1,9,144,1,13,163,1,9,0,1,9,163,1,13,550,1,18,10,A,7,10,A,7,25.6,A,7,21.7,A,7,79,A,7,983,A,7,170,A,7,3.6,A,7,4800,B,7,1520,A,7,3.8,E,8,0.000,F,8,0.00,?,0,0,1,D,9,05,C,8
08/14/1987,19:00,278,1331,72,1,13,0,1,9,72,1,13,81,1,13,0,1,9,81,1,13,250,1,21,10,A,7,10,A,7,25.6,A,7,22.8,A,7,85,A,7,983,A,7,150,A,7,3.1,A,7,4800,B,7,910,A,7,4.1,E,8,0.000,F,8,0.00,?,0,0,1,D,9,05,C,8
08/14/1987,20:00,51,899,22,1,13,0,1,9,22,1,13,24,1,13,0,1,9,24,1,13,70,1,21,10,A,7,10,A,7,25.0,A,7,23.3,A,7,91,A,7,983,A,7,150,A,7,2.1,A,7,4000,B,7,2130,A,7,4.2,E,8,0.000,F,8,0.00,?,0,0,1,D,9,05,C,8
08/14/1987,21:00,0,0,0,1,0,0,1,0,0,1,0,0,1,0,0,1,0,0,1,0,0,1,0,10,A,7,10,A,7,23.9,A,7,23.3,A,7,97,A,7,983,A,7,90,A,7,2.1,A,7,4800,B,7,2130,A,7,4.2,E,8,0.000,?,0,0.00,?,0,0,1,D,9,45,C,8
08/14/1987,22:00,0,0,0,1,0,0,1,0,0,1,0,0,1,0,0,1,0,0,1,0,0,1,0,10,A,7,10,A,7,25.6,A,7,22.2,A,7,82,A,7,984,A,7,180,A,7,4.1,A,7,4800,B,7,2130,A,7,4.0,E,8,0.000,?,0,0.00,?,0,0,1,D,9,45,C,8
08/14/1987,23:00,0,0,0,1,0,0,1,0,0,1,0,0,1,0,0,1,0,0,1,0,0,1,0,9,A,7,9,A,7,25.6,A,7,21.1,A,7,77,A,7,984,A,7,180,A,7,4.1,A,7,8000,B,7,2130,A,7,3.8,E,8,0.000,?,0,0.00,?,0,0,1,D,9,45,C,8
08/14/1987,24:00,0,0,0,1,0,0,1,0,0,1,0,0,1,0,0,1,0,0,1,0,0,1,0,10,A,7,8,A,7,25.6,A,7,20.6,A,7,74,A,7,984,A,7,180,A,7,4.6,A,7,8000,B,7,2740,A,7,3.6,E,8,0.000,?,0,0.00,?,0,0,1,D,9,05,C,8
08/15/1987,01:00,0,0,0,1,0,0,1,0,0,1,0,0,1,0,0,1,0,0,1,0,0,1,0,10,A,7,10,A,7,25.0,A,7,20.6,A,7,76,A,7,984,A,7,190,A,7,5.2,A,7,8000,B,7,2740,A,7,3.6,E,8,0.000,?,0,0.00,?,0,0,1,D,9,05,C,8
08/15/1987,02:00,0,0,0,1,0,0,1,0,0,1,0,0,1,0,0,1,0,0,1,0,0,1,0,10,A,7,4,A,7,24.4,A,7,20.6,A,7,79,A,7,983,A,7,180,A,7,4.1,A,7,8000,B,7,77777,A,7,3.6,E,8,0.000,?,0,0.00,?,0,0,1,D,9,05,C,8
08/15/1987,03:00,0,0,0,1,0,0,1,0,0,1,0,0,1,0,0,1,0,0,1,0,0,1,0,8,A,7,3,A,7,24.4,A,7,20.0,A,7,76,A,7,983,A,7,190,A,7,4.1,A,7,8000,B,7,77777,A,7,3.5,E,8,0.000,?,0,0.00,?,0,0,1,D,9,05,C,8
08/15/1987,04:00,0,0,0,1,0,0,1,0,0,1,0,0,1,0,0,1,0,0,1,0,0,1,0,10,A,7,8,A,7,24.4,A,7,20.0,A,7,76,A,7,984,A,7,190,A,7,4.1,A,7,8000,B,7,7620,A,7,3.5,E,8,0.000,?,0,0.00,?,0,0,1,D,9,05,C,8
08/15/1987,05:00,0,0,0,1,0,0,1,0,0,1,0,0,1,0,0,1,0,0,1,0,0,1,0,10,A,7,10,A,7,24.4,A,7,19.4,A,7,74,A,7,984,A,7,190,A,7,4.1,A,7,8000,B,7,7620,A,7,3.4,E,8,0.000,?,0,0.00,?,0,0,1,D,9,05,C,8
08/15/1987,06:00,6,322,4,1,13,0,1,9,4,1,13,0,1,13,0,1,9,0,1,13,0,1,21,10,A,7,10,A,7,23.9,A,7,19.4,A,7,76,A,7,984,A,7,180,A,7,5.2,A,7,6400,B,7,7620,A,7,3.4,E,8,0.000,F,8,0.00,?,0,0,1,D,9,05,C,8
08/15/1987,07:00,171,1332,59,1,13,30,1,13,55,1,13,64,1,13,21,1,13,62,1,13,126,1,23,10,A,7,4,A,7,24.4,A,7,19.4,A,7,74,A,7,984,A,7,180,A,7,4.1,A,7,6400,B,7,77777,A,7,3.4,E,8,0.000,F,8,0.00,?,0,0,1,D,9,05,C,8
08/15/1987,08:00,415,1332,154,1,13,138,1,13,111,1,13,169,1,13,128,1,13,129,1,13,249,1,23,7,A,7,6,A,7,26.1,A,7,20.0,A,7,69,A,7,984,A,7,200,A,7,5.2,A,7,6400,B,7,2130,A,7,3.5,E,8,0.000,F,8,0.00,?,0,0,1,D,9,05,C,8
08/15/1987,09:00,647,1332,410,1,9,601,1,9,117,1,13,428,1,9,589,1,9,141,1,13,244,1,18,0,A,7,0,A,7,27.2,A,7,20.6,A,7,67,A,7,984,A,7,190,A,7,5.2,A,7,6400,B,7,77777,A,7,3.6,E,8,0.000,F,8,0.00,?,0,0,1,D,9,05,C,8
08/15/1987,10:00,851,1332,566,1,9,633,1,9,160,1,13,594,1,9,638,1,9,186,1,13,399,1,18,2,A,7,2,A,7,28.9,A,7,20.6,A,7,61,A,7,984,A,7,200,A,7,5.7,A,7,8000,B,7,77777,A,7,3.6,E,8,0.000,F,8,0.00,?,0,0,1,D,9,05,C,8
08/15/1987,11:00,1011,1332,641,1,13,485,1,13,271,1,13,684,1,13,505,1,13,300,1,13,874,1,23,7,A,7,6,A,7,30.0,A,7,21.1,A,7,59,A,7,984,A,7,220,A,7,5.7,A,7,8000,B,7,1520,A,7,3.7,E,8,0.000,F,8,0.00,?,0,0,1,D,9,05,C,8
08/15/1987,12:00,1118,1332,762,1,13,561,1,13,289,1,13,821,1,13,586,1,13,327,1,13,1196,1,23,7,A,7,5,A,7,31.1,A,7,21.1,A,7,55,A,7,983,A,7,220,A,7,5.2,A,7,9700,B,7,1520,A,7,3.7,E,8,0.000,F,8,0.00,?,0,0,1,D,9,05,C,8
08/15/1987,13:00,1164,1332,787,1,13,612,1,13,250,1,13,830,1,13,621,1,13,286,1,13,1163,1,23,4,A,7,3,A,7,30.6,A,7,21.7,A,7,59,A,7,983,A,7,210,A,7,6.2,A,7,9700,B,7,77777,A,7,3.8,E,8,0.000,F,8,0.00,?,0,0,1,D,9,05,C,8
08/15/1987,14:00,1145,1332,827,1,9,721,1,9,204,1,13,882,1,9,738,1,9,246,1,13,907,1,18,3,A,7,2,A,7,31.7,A,7,21.1,A,7,54,A,7,982,A,7,210,A,7,5.7,A,7,9700,B,7,77777,A,7,3.7,E,8,0.000,F,8,0.00,?,0,0,1,D,9,05,C,8
08/15/1987,15:00,1064,1332,739,1,9,646,1,9,220,1,13,777,1,9,655,1,9,253,1,13,776,1,18,2,A,7,2,A,7,31.7,A,7,20.6,A,7,52,A,7,982,A,7,180,A,7,5.7,A,7,9700,B,7,77777,A,7,3.6,E,8,0.000,F,8,0.00,?,0,0,1,D,9,05,C,8
08/15/1987,16:00,924,1332,539,1,13,409,1,13,253,1,13,571,1,13,424,1,13,276,1,13,704,1,23,5,A,7,5,A,7,32.2,A,7,20.0,A,7,48,A,7,981,A,7,180,A,7,8.2,A,7,11300,B,7,77777,A,7,3.4,E,8,0.000,F,8,0.00,?,0,0,1,D,9,05,C,8
08/15/1987,17:00,737,1332,486,1,13,528,1,13,191,1,13,512,1,13,536,1,13,214,1,13,427,1,23,7,A,7,5,A,7,31.7,A,7,20.6,A,7,52,A,7,981,A,7,220,A,7,6.7,A,7,11300,B,7,7620,A,7,3.6,E,8,0.000,F,8,0.00,?,0,0,1,D,9,00,C,8
08/15/1987,18:00,515,1332,223,1,13,228,1,13,133,1,13,238,1,13,224,1,13,151,1,13,270,1,23,6,A,7,3,A,7,31.1,A,7,20.6,A,7,53,A,7,981,A,7,210,A,7,7.7,A,7,11300,B,7,77777,A,7,3.6,E,8,0.000,F,8,0.00,?,0,0,1,D,9,00,C,8
08/15/1987,19:00,273,1332,116,1,13,217,1,9,71,1,13,122,1,13,165,1,9,89,1,13,134,1,21,4,A,7,2,A,7,30.0,A,7,21.1,A,7,59,A,7,981,A,7,210,A,7,5.2,A,7,9700,B,7,77777,A,7,3.7,E,8,0.000,F,8,0.00,?,0,0,1,D,9,00,C,8
08/15/1987,20:00,48,877,16,1,13,6,1,13,15,1,13,17,1,13,3,1,13,17,1,13,37,1,23,6,A,7,3,A,7,28.9,A,7,20.6,A,7,61,A,7,981,A,7,210,A,7,4.1,A,7,9700,B,7,77777,A,7,3.6,E,8,0.000,F,8,0.00,?,0,0,1,D,9,05,C,8
08/15/1987,21:00,0,0,0,1,0,0,1,0,0,1,0,0,1,0,0,1,0,0,1,0,0,1,0,4,A,7,2,A,7,27.2,A,7,21.1,A,7,69,A,7,981,A,7,190,A,7,3.6,A,7,9700,B,7,77777,A,7,3.7,E,8,0.000,?,0,0.00,?,0,0,1,D,9,05,C,8
08/15/1987,22:00,0,0,0,1,0,0,1,0,0,1,0,0,1,0,0,1,0,0,1,0,0,1,0,4,A,7,2,A,7,26.7,A,7,21.1,A,7,72,A,7,982,A,7,190,A,7,4.1,A,7,9700,B,7,77777,A,7,3.7,E,8,0.000,?,0,0.00,?,0,0,1,D,9,05,C,8
08/15/1987,23:00,0,0,0,1,0,0,1,0,0,1,0,0,1,0,0,1,0,0,1,0,0,1,0,6,A,7,3,A,7,26.7,A,7,21.1,A,7,72,A,7,982,A,7,180,A,7,4.1,A,7,8000,B,7,77777,A,7,3.7,E,8,0.000,?,0,0.00,?,0,0,1,D,9,05,C,8
08/15/1987,24:00,0,0,0,1,0,0,1,0,0,1,0,0,1,0,0,1,0,0,1,0,0,1,0,8,A,7,6,A,7,26.1,A,7,21.1,A,7,74,A,7,982,A,7,190,A,7,5.2,A,7,8000,B,7,7620,A,7,3.7,E,8,0.000,?,0,0.00,?,0,0,1,D,9,05,C,8
08/16/1987,01:00,0,0,0,1,0,0,1,0,0,1,0,0,1,0,0,1,0,0,1,0,0,1,0,10,A,7,10,A,7,26.1,A,7,21.1,A,7,74,A,7,983,A,7,230,A,7,3.1,A,7,8000,B,7,700,A,7,3.7,E,8,0.000,?,0,0.00,?,0,0,1,D,9,05,C,8
08/16/1987,02:00,0,0,0,1,0,0,1,0,0,1,0,0,1,0,0,1,0,0,1,0,0,1,0,10,A,7,10,A,7,25.0,A,7,21.1,A,7,79,A,7,982,A,7,210,A,7,3.6,A,7,8000,B,7,700,A,7,3.7,E,8,0.000,?,0,0.00,?,0,0,1,D,9,05,C,8
08/16/1987,03:00,0,0,0,1,0,0,1,0,0,1,0,0,1,0,0,1,0,0,1,0,0,1,0,10,A,7,10,A,7,23.9,A,7,20.6,A,7,82,A,7,982,A,7,230,A,7,4.1,A,7,8000,B,7,2130,A,7,3.6,E,8,0.000,?,0,0.00,?,0,0,1,D,9,05,C,8
08/16/1987,04:00,0,0,0,1,0,0,1,0,0,1,0,0,1,0,0,1,0,0,1,0,0,1,0,7,A,7,2,A,7,22.8,A,7,20.0,A,7,84,A,7,981,A,7,190,A,7,5.2,A,7,9700,B,7,77777,A,7,3.5,E,8,0.000,?,0,0.00,?,0,0,1,D,9,05,C,8
08/16/1987,05:00,0,0,0,1,0,0,1,0,0,1,0,0,1,0,0,1,0,0,1,0,0,1,0,8,A,7,8,A,7,22.8,A,7,20.0,A,7,84,A,7,982,A,7,280,A,7,3.1,A,7,9700,B,7,2130,A,7,3.5,E,8,0.000,?,0,0.00,?,0,0,1,D,9,05,C,8
08/16/1987,06:00,5,300,3,1,13,0,1,13,3,1,13,0,1,13,0,1,13,0,1,13,0,1,23,10,A,7,5,A,7,22.2,A,7,20.0,A,7,87,A,7,981,A,7,180,A,7,4.1,A,7,9700,B,7,77777,A,7,3.5,E,8,0.000,F,8,0.00,?,0,0,1,D,9,05,C,8
08/16/1987,07:00,167,1332,63,1,13,145,1,9,45,1,13,66,1,13,82,1,9,56,1,13,84,1,21,4,A,7,0,A,7,24.4,A,7,21.1,A,7,82,A,7,981,A,7,180,A,7,3.6,A,7,9700,B,7,77777,A,7,3.7,E,8,0.000,F,8,0.00,?,0,0,1,D,9,05,C,8
08/16/1987,08:00,411,1332,220,1,9,456,1,9,78,1,13,226,1,9,405,1,9,101,1,13,145,1,18,0,A,7,0,A,7,25.6,A,7,21.7,A,7,79,A,7,981,A,7,200,A,7,6.7,A,7,9700,B,7,77777,A,7,3.8,E,8,0.000,F,8,0.00,?,0,0,1,D,9,05,C,8
08/16/1987,09:00,644,1332,406,1,9,608,1,9,111,1,13,425,1,9,597,1,9,136,1,13,233,1,18,0,A,7,0,A,7,27.8,A,7,22.2,A,7,72,A,7,981,A,7,220,A,7,6.2,A,7,11300,B,7,77777,A,7,4.0,E,8,0.000,F,8,0.00,?,0,0,1,D,9,05,C,8
08/16/1987,10:00,848,1332,586,1,9,703,1,9,137,1,13,622,1,9,713,1,9,167,1,13,347,1,18,0,A,7,0,A,7,28.9,A,7,22.8,A,7,70,A,7,981,A,7,220,A,7,6.2,A,7,11300,B,7,77777,A,7,4.1,E,8,0.000,F,8,0.00,?,0,0,1,D,9,00,C,8
08/16/1987,11:00,1008,1332,697,1,9,718,1,9,152,1,13,749,1,9,737,1,9,190,1,13,493,1,18,1,A,7,1,A,7,30.6,A,7,23.3,A,7,65,A,7,981,A,7,220,A,7,7.2,A,7,11300,B,7,77777,A,7,4.2,E,8,0.000,F,8,0.00,?,0,0,1,D,9,00,C,8
08/16/1987,12:00,1115,1332,670,1,13,401,1,13,333,1,13,711,1,13,418,1,13,360,1,13,1377,1,23,5,A,7,5,A,7,31.7,A,7,22.2,A,7,57,A,7,981,A,7,230,A,7,7.2,A,7,11300,B,7,77777,A,7,3.9,E,8,0.000,F,8,0.00,?,0,0,1,D,9,00,C,8
08/16/1987,13:00,1161,1332,568,1,13,222,1,13,374,1,13,623,1,13,241,1,13,412,1,13,1647,1,23,6,A,7,6,A,7,32.2,A,7,22.8,A,7,58,A,7,980,A,7,230,A,7,7.7,A,7,11300,B,7,1220,A,7,4.1,E,8,0.000,F,8,0.00,?,0,0,1,D,9,00,C,8
08/16/1987,14:00,1142,1332,473,1,9,163,1,9,332,1,13,525,1,9,175,1,9,375,1,13,1373,1,18,9,A,7,9,A,7,28.3,A,7,22.8,A,7,72,A,7,981,A,7,320,A,7,6.2,A,7,11300,B,7,3050,A,7,4.1,E,8,0.000,F,8,0.00,?,0,0,1,D,9,00,C,8
08/16/1987,15:00,1060,1332,343,1,9,19,1,9,328,1,13,401,1,9,17,1,9,387,1,13,1451,1,18,10,A,7,10,A,7,27.2,A,7,22.8,A,7,77,A,7,980,A,7,0,A,7,0.0,A,7,11300,B,7,2440,A,7,4.1,E,8,0.000,F,8,0.00,?,0,0,1,D,9,00,C,8
08/16/1987,16:00,920,1332,255,1,9,1,1,9,254,1,13,297,1,9,1,1,9,296,1,13,1131,1,18,10,A,7,10,A,7,26.7,A,7,23.3,A,7,82,A,7,980,A,7,60,A,7,2.6,A,7,11300,B,7,2440,A,7,4.2,E,8,0.000,F,8,0.00,?,0,0,1,D,9,00,C,8
08/16/1987,17:00,733,1332,137,1,9,8,1,9,132,1,13,162,1,9,6,1,9,159,1,13,608,1,18,10,A,7,10,A,7,26.1,A,7,23.9,A,7,88,A,7,980,A,7,300,A,7,5.2,A,7,1600,B,7,700,A,7,4.4,E,8,0.000,F,8,0.00,?,0,33,1,D,9,00,C,8
08/16/1987,18:00,510,1332,95,1,9,1,1,9,94,1,13,110,1,9,1,1,9,110,1,13,396,1,18,10,A,7,10,A,7,23.9,A,7,22.8,A,7,94,A,7,981,A,7,250,A,7,5.2,A,7,3200,B,7,910,A,7,4.1,E,8,0.000,F,8,0.00,?,0,30,1,D,9,80,C,8
08/16/1987,19:00,268,1332,39,1,13,1,1,9,39,1,13,46,1,13,0,1,9,46,1,13,154,1,21,10,A,7,10,A,7,22.2,A,7,21.1,A,7,94,A,7,980,A,7,200,A,7,5.7,A,7,9700,B,7,2440,A,7,3.7,E,8,0.000,F,8,0.00,?,0,10,1,D,9,80,C,8
08/16/1987,20:00,44,833,9,1,13,1,1,9,9,1,13,11,1,13,0,1,9,11,1,13,34,1,21,9,A,7,9,A,7,22.2,A,7,20.0,A,7,87,A,7,978,A,7,180,A,7,5.7,A,7,8000,B,7,2440,A,7,3.5,E,8,0.000,F,8,0.00,?,0,0,1,D,9,61,C,8
08/16/1987,21:00,0,0,0,1,0,0,1,0,0,1,0,0,1,0,0,1,0,0,1,0,0,1,0,6,A,7,6,A,7,21.7,A,7,20.0,A,7,90,A,7,978,A,7,170,A,7,4.1,A,7,16100,B,7,6100,A,7,3.5,E,8,0.000,?,0,0.00,?,0,0,1,D,9,61,C,8
08/16/1987,22:00,0,0,0,1,0,0,1,0,0,1,0,0,1,0,0,1,0,0,1,0,0,1,0,7,A,7,6,A,7,21.7,A,7,19.4,A,7,87,A,7,978,A,7,170,A,7,3.6,A,7,16100,B,7,6710,A,7,3.4,E,8,0.000,?,0,0.00,?,0,0,1,D,9,00,C,8
08/16/1987,23:00,0,0,0,1,0,0,1,0,0,1,0,0,1,0,0,1,0,0,1,0,0,1,0,10,A,7,10,A,7,23.3,A,7,19.4,A,7,79,A,7,978,A,7,180,A,7,6.2,A,7,16100,B,7,3050,A,7,3.4,E,8,0.000,?,0,0.00,?,0,0,1,D,9,00,C,8
08/16/1987,24:00,0,0,0,1,0,0,1,0,0,1,0,0,1,0,0,1,0,0,1,0,0,1,0,10,A,7,10,A,7,23.3,A,7,20.0,A,7,82,A,7,979,A,7,310,A,7,4.1,A,7,16100,B,7,1520,A,7,3.5,E,8,0.000,?,0,0.00,?,0,0,1,D,9,00,C,8
08/17/1987,01:00,0,0,0,1,0,0,1,0,0,1,0,0,1,0,0,1,0,0,1,0,0,1,0,10,A,7,10,A,7,20.6,A,7,18.9,A,7,90,A,7,979,A,7,320,A,7,5.7,A,7,3200,B,7,700,A,7,3.3,E,8,0.000,?,0,0.00,?,0,48,1,D,9,00,C,8
08/17/1987,02:00,0,0,0,1,0,0,1,0,0,1,0,0,1,0,0,1,0,0,1,0,0,1,0,10,A,7,10,A,7,20.0,A,7,19.4,A,7,97,A,7,979,A,7,40,A,7,2.1,A,7,8000,B,7,980,A,7,3.4,E,8,0.000,?,0,0.00,?,0,38,1,D,9,81,C,8
08/17/1987,03:00,0,0,0,1,0,0,1,0,0,1,0,0,1,0,0,1,0,0,1,0,0,1,0,10,A,7,10,A,7,20.6,A,7,19.4,A,7,93,A,7,978,A,7,170,A,7,3.6,A,7,6400,B,7,980,A,7,3.4,E,8,0.000,?,0,0.00,?,0,8,1,D,9,45,C,8
08/17/1987,04:00,0,0,0,1,0,0,1,0,0,1,0,0,1,0,0,1,0,0,1,0,0,1,0,10,A,7,10,A,7,20.6,A,7,19.4,A,7,93,A,7,977,A,7,180,A,7,4.1,A,7,9700,B,7,2130,A,7,3.3,E,8,0.000,?,0,0.00,?,0,10,1,D,9,45,C,8
08/17/1987,05:00,0,0,0,1,0,0,1,0,0,1,0,0,1,0,0,1,0,0,1,0,0,1,0,10,A,7,10,A,7,21.1,A,7,20.0,A,7,93,A,7,977,A,7,190,A,7,4.6,A,7,9700,B,7,850,A,7,3.4,E,8,0.000,?,0,0.00,?,0,0,1,D,9,45,C,8
08/17/1987,06:00,4,278,3,1,13,0,1,9,3,1,13,0,1,13,0,1,9,0,1,13,0,1,21,10,A,7,10,A,7,21.1,A,7,20.0,A,7,93,A,7,977,A,7,210,A,7,4.1,A,7,9700,B,7,760,A,7,3.4,E,8,0.000,F,8,0.00,?,0,0,1,D,9,45,C,8
08/17/1987,07:00,163,1333,30,1,13,0,1,9,30,1,13,34,1,13,0,1,9,34,1,13,108,1,21,10,A,7,10,A,7,21.7,A,7,20.0,A,7,90,A,7,978,A,7,210,A,7,6.2,A,7,11300,B,7,400,A,7,3.5,E,8,0.000,F,8,0.00,?,0,0,1,D,9,45,C,8
08/17/1987,08:00,408,1333,94,1,9,6,1,9,93,1,13,108,1,9,3,1,9,107,1,13,356,1,18,10,A,7,10,A,7,22.2,A,7,21.1,A,7,94,A,7,978,A,7,230,A,7,4.1,A,7,8000,B,7,400,A,7,3.7,E,8,0.000,F,8,0.00,?,0,0,1,D,9,00,C,8
08/17/1987,09:00,641,1333,230,1,9,78,1,9,193,1,13,253,1,9,77,1,9,216,1,13,576,1,18,8,A,7,8,A,7,22.8,A,7,21.7,A,7,94,A,7,979,A,7,250,A,7,5.7,A,7,9700,B,7,210,A,7,3.8,E,8,0.000,F,8,0.00,?,0,0,1,D,9,45,C,8
08/17/1987,10:00,845,1333,462,1,13,298,1,13,272,1,13,497,1,13,318,1,13,295,1,13,709,1,23,6,A,7,6,A,7,25.6,A,7,21.1,A,7,77,A,7,979,A,7,260,A,7,6.7,A,7,16100,B,7,520,A,7,3.7,E,8,0.000,F,8,0.00,?,0,0,1,D,9,45,C,8
08/17/1987,11:00,1006,1333,555,1,13,294,1,13,332,1,13,601,1,13,318,1,13,361,1,13,1059,1,23,6,A,7,6,A,7,26.7,A,7,19.4,A,7,65,A,7,980,A,7,270,A,7,7.7,A,7,16100,B,7,520,A,7,3.4,E,8,0.000,F,8,0.00,?,0,0,1,D,9,00,C,8
08/17/1987,12:00,1112,1333,739,1,13,483,1,13,334,1,13,783,1,13,503,1,13,362,1,13,1369,1,23,6,A,7,6,A,7,25.0,A,7,17.8,A,7,64,A,7,981,A,7,290,A,7,6.2,A,7,16100,B,7,670,A,7,3.0,E,8,0.000,F,8,0.00,?,0,0,1,D,9,00,C,8
08/17/1987,13:00,1158,1333,778,1,13,505,1,13,338,1,13,830,1,13,527,1,13,371,1,13,1584,1,23,4,A,7,4,A,7,26.7,A,7,16.7,A,7,54,A,7,981,A,7,290,A,7,6.2,A,7,16100,B,7,77777,A,7,2.9,E,8,0.000,F,8,0.00,?,0,0,1,D,9,00,C,8
08/17/1987,14:00,1139,1333,784,1,13,556,1,13,306,1,13,841,1,13,581,1,13,343,1,13,1344,1,23,3,A,7,3,A,7,26.7,A,7,15.6,A,7,51,A,7,982,A,7,290,A,7,8.8,A,7,16100,B,7,77777,A,7,2.7,E,8,0.000,F,8,0.00,?,0,0,1,D,9,00,C,8
08/17/1987,15:00,1056,1333,689,1,9,465,1,9,318,1,13,727,1,9,484,1,9,343,1,13,1134,1,18,2,A,7,2,A,7,26.7,A,7,15.0,A,7,49,A,7,982,A,7,270,A,7,7.7,A,7,16100,B,7,77777,A,7,2.6,E,8,0.000,F,8,0.00,?,0,0,1,D,9,00,C,8
08/17/1987,16:00,916,1333,601,1,9,495,1,9,258,1,13,634,1,9,512,1,9,281,1,13,710,1,18,2,A,7,2,A,7,26.1,A,7,14.4,A,7,49,A,7,982,A,7,260,A,7,7.2,A,7,16100,B,7,77777,A,7,2.5,E,8,0.000,F,8,0.00,?,0,0,1,D,9,00,C,8
08/17/1987,17:00,728,1333,431,1,9,397,1,9,212,1,13,463,1,9,417,1,9,234,1,13,493,1,18,2,A,7,2,A,7,25.6,A,7,15.0,A,7,52,A,7,982,A,7,250,A,7,7.7,A,7,16100,B,7,77777,A,7,2.6,E,8,0.000,F,8,0.00,?,0,0,1,D,9,00,C,8
08/17/1987,18:00,505,1333,248,1,9,297,1,9,134,1,13,264,1,9,290,1,9,155,1,13,272,1,18,1,A,7,1,A,7,24.4,A,7,15.0,A,7,56,A,7,982,A,7,270,A,7,6.7,A,7,16100,B,7,77777,A,7,2.6,E,8,0.000,F,8,0.00,?,0,0,1,D,9,00,C,8
08/17/1987,19:00,262,1333,99,1,13,119,1,9,74,1,13,106,1,13,92,1,9,88,1,13,159,1,21,0,A,7,0,A,7,23.3,A,7,15.0,A,7,60,A,7,983,A,7,270,A,7,6.2,A,7,16100,B,7,77777,A,7,2.6,E,8,0.000,F,8,0.00,?,0,0,1,D,9,00,C,8
08/17/1987,20:00,41,811,18,1,13,1,1,9,18,1,13,20,1,13,0,1,9,20,1,13,59,1,21,0,A,7,0,A,7,20.6,A,7,15.0,A,7,71,A,7,983,A,7,270,A,7,4.1,A,7,16100,B,7,77777,A,7,2.6,E,8,0.000,F,8,0.00,?,0,0,1,D,9,00,C,8
08/17/1987,21:00,0,0,0,1,0,0,1,0,0,1,0,0,1,0,0,1,0,0,1,0,0,1,0,0,A,7,0,A,7,18.3,A,7,14.4,A,7,78,A,7,984,A,7,270,A,7,3.1,A,7,16100,B,7,77777,A,7,2.5,E,8,0.000,?,0,0.00,?,0,0,1,D,9,00,C,8
08/17/1987,22:00,0,0,0,1,0,0,1,0,0,1,0,0,1,0,0,1,0,0,1,0,0,1,0,0,A,7,0,A,7,17.2,A,7,14.4,A,7,84,A,7,985,A,7,270,A,7,3.1,A,7,16100,B,7,77777,A,7,2.5,E,8,0.000,?,0,0.00,?,0,0,1,D,9,00,C,8
08/17/1987,23:00,0,0,0,1,0,0,1,0,0,1,0,0,1,0,0,1,0,0,1,0,0,1,0,0,A,7,0,A,7,16.7,A,7,14.4,A,7,87,A,7,985,A,7,250,A,7,3.1,A,7,16100,B,7,77777,A,7,2.5,E,8,0.000,?,0,0.00,?,0,0,1,D,9,00,C,8
08/17/1987,24:00,0,0,0,1,0,0,1,0,0,1,0,0,1,0,0,1,0,0,1,0,0,1,0,0,A,7,0,A,7,16.1,A,7,14.4,A,7,90,A,7,986,A,7,270,A,7,3.1,A,7,16100,B,7,77777,A,7,2.5,E,8,0.000,?,0,0.00,?,0,0,1,D,9,00,C,8
08/18/1987,01:00,0,0,0,1,0,0,1,0,0,1,0,0,1,0,0,1,0,0,1,0,0,1,0,0,A,7,0,A,7,16.1,A,7,14.4,A,7,90,A,7,986,A,7,270,A,7,3.1,A,7,16100,B,7,77777,A,7,2.5,E,8,0.000,?,0,0.00,?,0,0,1,D,9,00,C,8
08/18/1987,02:00,0,0,0,1,0,0,1,0,0,1,0,0,1,0,0,1,0,0,1,0,0,1,0,0,A,7,0,A,7,15.6,A,7,14.4,A,7,93,A,7,986,A,7,260,A,7,3.1,A,7,16100,B,7,77777,A,7,2.5,E,8,0.000,?,0,0.00,?,0,0,1,D,9,00,C,8
08/18/1987,03:00,0,0,0,1,0,0,1,0,0,1,0,0,1,0,0,1,0,0,1,0,0,1,0,0,A,7,0,A,7,15.6,A,7,14.4,A,7,93,A,7,986,A,7,260,A,7,3.1,A,7,12900,B,7,77777,A,7,2.5,E,8,0.000,?,0,0.00,?,0,0,1,D,9,00,C,8
08/18/1987,04:00,0,0,0,1,0,0,1,0,0,1,0,0,1,0,0,1,0,0,1,0,0,1,0,0,A,7,0,A,7,15.0,A,7,13.9,A,7,93,A,7,986,A,7,260,A,7,2.6,A,7,12900,B,7,77777,A,7,2.4,E,8,0.000,?,0,0.00,?,0,0,1,D,9,00,C,8
08/18/1987,05:00,0,0,0,1,0,0,1,0,0,1,0,0,1,0,0,1,0,0,1,0,0,1,0,0,A,7,0,A,7,15.6,A,7,15.0,A,7,97,A,7,986,A,7,200,A,7,3.1,A,7,12900,B,7,77777,A,7,2.6,E,8,0.000,?,0,0.00,?,0,0,1,D,9,00,C,8
08/18/1987,06:00,4,256,3,1,13,5,1,9,2,1,13,0,1,13,0,1,9,0,1,13,0,1,21,2,A,7,0,A,7,14.4,A,7,13.9,A,7,97,A,7,986,A,7,200,A,7,2.1,A,7,11300,B,7,77777,A,7,2.4,E,8,0.000,F,8,0.00,?,0,0,1,D,9,00,C,8
08/18/1987,07:00,159,1333,62,1,13,231,1,9,34,1,13,65,1,13,132,1,9,49,1,13,60,1,21,3,A,7,1,A,7,16.7,A,7,15.6,A,7,93,A,7,987,A,7,210,A,7,2.1,A,7,12900,B,7,77777,A,7,2.7,E,8,0.000,F,8,0.00,?,0,0,1,D,9,00,C,8
08/18/1987,08:00,404,1333,234,1,9,561,1,9,63,1,13,244,1,9,500,1,9,92,1,13,121,1,18,2,A,7,0,A,7,19.4,A,7,16.7,A,7,84,A,7,987,A,7,240,A,7,2.1,A,7,12900,B,7,77777,A,7,2.9,E,8,0.000,F,8,0.00,?,0,0,1,D,9,00,C,8
08/18/1987,09:00,637,1333,419,1,9,689,1,9,88,1,13,445,1,9,681,1,9,119,1,13,190,1,18,2,A,7,0,A,7,22.2,A,7,16.1,A,7,69,A,7,987,A,7,260,A,7,3.1,A,7,16100,B,7,77777,A,7,2.8,E,8,0.000,F,8,0.00,?,0,0,1,D,9,00,C,8
08/18/1987,10:00,842,1333,590,1,13,692,1,13,152,1,13,622,1,13,698,1,13,180,1,13,377,1,23,4,A,7,4,A,7,23.3,A,7,13.3,A,7,54,A,7,987,A,7,250,A,7,2.1,A,7,16100,B,7,77777,A,7,2.4,E,8,0.000,F,8,0.00,?,0,0,1,D,9,00,C,8
08/18/1987,11:00,1003,1333,594,1,13,549,1,13,180,1,13,630,1,13,559,1,13,209,1,13,566,1,23,5,A,7,5,A,7,24.4,A,7,13.9,A,7,52,A,7,987,A,7,230,A,7,4.1,A,7,16100,B,7,77777,A,7,2.4,E,8,0.000,F,8,0.00,?,0,0,1,D,9,00,C,8
08/18/1987,12:00,1109,1333,499,1,13,185,1,13,345,1,13,553,1,13,198,1,13,388,1,13,1333,1,23,7,A,7,7,A,7,25.6,A,7,14.4,A,7,50,A,7,987,A,7,250,A,7,5.2,A,7,16100,B,7,2440,A,7,2.5,E,8,0.000,F,8,0.00,?,0,0,1,D,9,00,C,8
08/18/1987,13:00,1155,1333,522,1,9,247,1,9,308,1,13,581,1,9,269,1,9,347,1,13,1304,1,18,9,A,7,8,A,7,25.0,A,7,15.0,A,7,54,A,7,987,A,7,270,A,7,5.2,A,7,16100,B,7,2440,A,7,2.6,E,8,0.000,F,8,0.00,?,0,0,1,D,9,00,C,8
08/18/1987,14:00,1135,1333,319,1,9,13,1,9,308,1,13,379,1,9,11,1,9,369,1,13,1417,1,18,10,A,7,10,A,7,23.9,A,7,15.6,A,7,60,A,7,987,A,7,300,A,7,5.7,A,7,16100,B,7,1220,A,7,2.7,E,8,0.000,F,8,0.00,?,0,0,1,D,9,00,C,8
08/18/1987,15:00,1052,1333,246,1,9,9,1,9,238,1,13,293,1,9,7,1,9,287,1,13,1140,1,18,10,A,7,10,A,7,18.9,A,7,16.7,A,7,87,A,7,988,A,7,310,A,7,6.7,A,7,9700,B,7,1220,A,7,2.9,E,8,0.000,F,8,0.00,?,0,0,1,D,9,00,C,8
08/18/1987,16:00,912,1333,163,1,9,2,1,9,162,1,13,197,1,9,2,1,9,196,1,13,790,1,18,10,A,7,10,A,7,18.3,A,7,16.1,A,7,87,A,7,987,A,7,120,A,7,2.1,A,7,6400,B,7,1220,A,7,2.8,E,8,0.000,F,8,0.00,?,0,10,1,D,9,80,C,8
08/18/1987,17:00,723,1333,340,1,9,220,1,9,219,1,13,371,1,9,228,1,9,247,1,13,563,1,18,8,A,7,8,A,7,18.9,A,7,16.1,A,7,84,A,7,985,A,7,110,A,7,2.6,A,7,16100,B,7,1220,A,7,2.8,E,8,0.000,F,8,0.00,?,0,0,1,D,9,80,C,8
08/18/1987,18:00,500,1333,207,1,13,93,1,13,172,1,13,227,1,13,89,1,13,193,1,13,459,1,23,7,A,7,7,A,7,20.6,A,7,15.6,A,7,73,A,7,984,A,7,150,A,7,4.1,A,7,16100,B,7,3050,A,7,2.7,E,8,0.000,F,8,0.00,?,0,0,1,D,9,00,C,8
08/18/1987,19:00,256,1333,84,1,13,41,1,13,75,1,13,91,1,13,33,1,13,84,1,13,183,1,23,5,A,7,5,A,7,19.4,A,7,15.0,A,7,76,A,7,984,A,7,160,A,7,4.1,A,7,16100,B,7,77777,A,7,2.6,E,8,0.000,F,8,0.00,?,0,0,1,D,9,00,C,8
08/18/1987,20:00,37,767,16,1,13,31,1,13,13,1,13,16,1,13,9,1,13,15,1,13,22,1,23,6,A,7,6,A,7,18.3,A,7,15.0,A,7,81,A,7,984,A,7,200,A,7,3.6,A,7,16100,B,7,1520,A,7,2.6,E,8,0.000,F,8,0.00,?,0,0,1,D,9,00,C,8
08/18/1987,21:00,0,0,0,1,0,0,1,0,0,1,0,0,1,0,0,1,0,0,1,0,0,1,0,5,A,7,5,A,7,17.2,A,7,15.0,A,7,87,A,7,985,A,7,220,A,7,3.1,A,7,16100,B,7,77777,A,7,2.6,E,8,0.000,?,0,0.00,?,0,0,1,D,9,00,C,8
08/18/1987,22:00,0,0,0,1,0,0,1,0,0,1,0,0,1,0,0,1,0,0,1,0,0,1,0,4,A,7,4,A,7,16.1,A,7,14.4,A,7,90,A,7,985,A,7,230,A,7,2.1,A,7,16100,B,7,77777,A,7,2.5,E,8,0.000,?,0,0.00,?,0,0,1,D,9,00,C,8
08/18/1987,23:00,0,0,0,1,0,0,1,0,0,1,0,0,1,0,0,1,0,0,1,0,0,1,0,0,A,7,0,A,7,16.1,A,7,15.0,A,7,93,A,7,985,A,7,190,A,7,2.6,A,7,16100,B,7,77777,A,7,2.6,E,8,0.000,?,0,0.00,?,0,0,1,D,9,00,C,8
08/18/1987,24:00,0,0,0,1,0,0,1,0,0,1,0,0,1,0,0,1,0,0,1,0,0,1,0,0,A,7,0,A,7,16.7,A,7,15.0,A,7,90,A,7,985,A,7,220,A,7,4.6,A,7,16100,B,7,77777,A,7,2.6,E,8,0.000,?,0,0.00,?,0,0,1,D,9,00,C,8
08/19/1987,01:00,0,0,0,1,0,0,1,0,0,1,0,0,1,0,0,1,0,0,1,0,0,1,0,0,A,7,0,A,7,16.7,A,7,15.0,A,7,90,A,7,985,A,7,230,A,7,3.6,A,7,16100,B,7,77777,A,7,2.6,E,8,0.000,?,0,0.00,?,0,0,1,D,9,00,C,8
08/19/1987,02:00,0,0,0,1,0,0,1,0,0,1,0,0,1,0,0,1,0,0,1,0,0,1,0,0,A,7,0,A,7,16.7,A,7,15.0,A,7,90,A,7,984,A,7,240,A,7,4.1,A,7,16100,B,7,77777,A,7,2.6,E,8,0.000,?,0,0.00,?,0,0,1,D,9,00,C,8
08/19/1987,03:00,0,0,0,1,0,0,1,0,0,1,0,0,1,0,0,1,0,0,1,0,0,1,0,0,A,7,0,A,7,16.7,A,7,15.0,A,7,90,A,7,984,A,7,230,A,7,3.6,A,7,11300,B,7,77777,A,7,2.6,E,8,0.000,?,0,0.00,?,0,0,1,D,9,00,C,8
08/19/1987,04:00,0,0,0,1,0,0,1,0,0,1,0,0,1,0,0,1,0,0,1,0,0,1,0,2,A,7,2,A,7,16.1,A,7,15.0,A,7,93,A,7,984,A,7,230,A,7,3.6,A,7,9700,B,7,77777,A,7,2.6,E,8,0.000,?,0,0.00,?,0,0,1,D,9,00,C,8
08/19/1987,05:00,0,0,0,1,0,0,1,0,0,1,0,0,1,0,0,1,0,0,1,0,0,1,0,5,A,7,4,A,7,16.1,A,7,15.0,A,7,93,A,7,984,A,7,250,A,7,3.6,A,7,8000,B,7,77777,A,7,2.6,E,8,0.000,?,0,0.00,?,0,0,1,D,9,45,C,8
08/19/1987,06:00,3,233,2,1,13,7,1,9,1,1,13,0,1,13,0,1,9,0,1,13,0,1,21,3,A,7,2,A,7,13.3,A,7,12.8,A,7,97,A,7,985,A,7,260,A,7,3.1,A,7,3200,B,7,77777,A,7,2.3,E,8,0.000,F,8,0.00,?,0,0,1,D,9,45,C,8
08/19/1987,07:00,155,1334,67,1,13,333,1,9,28,1,13,68,1,13,201,1,9,45,1,13,51,1,21,0,A,7,0,A,7,16.7,A,7,15.6,A,7,93,A,7,985,A,7,240,A,7,3.6,A,7,3200,B,7,77777,A,7,2.7,E,8,0.000,F,8,0.00,?,0,0,1,D,9,45,C,8
08/19/1987,08:00,400,1334,237,1,9,624,1,9,49,1,13,247,1,9,560,1,9,79,1,13,101,1,18,0,A,7,0,A,7,18.9,A,7,16.1,A,7,84,A,7,986,A,7,270,A,7,3.6,A,7,11300,B,7,77777,A,7,2.8,E,8,0.000,F,8,0.00,?,0,0,1,D,9,45,C,8
08/19/1987,09:00,634,1334,431,1,9,763,1,9,68,1,13,460,1,9,749,1,9,104,1,13,154,1,18,0,A,7,0,A,7,21.1,A,7,16.1,A,7,73,A,7,986,A,7,290,A,7,5.2,A,7,16100,B,7,77777,A,7,2.8,E,8,0.000,F,8,0.00,?,0,0,1,D,9,00,C,8
08/19/1987,10:00,838,1334,604,1,9,843,1,9,71,1,13,630,1,9,837,1,9,103,1,13,186,1,18,1,A,7,1,A,7,22.2,A,7,13.9,A,7,59,A,7,986,A,7,290,A,7,5.2,A,7,16100,B,7,77777,A,7,2.4,E,8,0.000,F,8,0.00,?,0,0,1,D,9,00,C,8
08/19/1987,11:00,999,1334,652,1,13,604,1,13,198,1,13,687,1,13,612,1,13,227,1,13,612,1,23,5,A,7,5,A,7,23.3,A,7,13.3,A,7,54,A,7,986,A,7,300,A,7,6.7,A,7,16100,B,7,77777,A,7,2.4,E,8,0.000,F,8,0.00,?,0,0,1,D,9,00,C,8
08/19/1987,12:00,1106,1334,678,1,13,483,1,13,276,1,13,733,1,13,505,1,13,313,1,13,1098,1,23,7,A,7,7,A,7,23.3,A,7,12.2,A,7,50,A,7,986,A,7,270,A,7,6.2,A,7,16100,B,7,910,A,7,2.2,E,8,0.000,F,8,0.00,?,0,0,1,D,9,00,C,8
08/19/1987,13:00,1151,1334,523,1,9,184,1,9,363,1,13,578,1,9,197,1,9,408,1,13,1528,1,18,8,A,7,8,A,7,24.4,A,7,12.8,A,7,48,A,7,986,A,7,260,A,7,7.7,A,7,16100,B,7,910,A,7,2.3,E,8,0.000,F,8,0.00,?,0,0,1,D,9,00,C,8
08/19/1987,14:00,1132,1334,819,1,13,715,1,13,209,1,13,871,1,13,730,1,13,250,1,13,885,1,23,7,A,7,7,A,7,23.9,A,7,11.1,A,7,45,A,7,986,A,7,280,A,7,8.8,A,7,16100,B,7,910,A,7,2.1,E,8,0.000,F,8,0.00,?,0,0,1,D,9,00,C,8
08/19/1987,15:00,1049,1334,772,1,13,705,1,13,214,1,13,811,1,13,715,1,13,248,1,13,728,1,23,6,A,7,6,A,7,24.4,A,7,11.1,A,7,43,A,7,986,A,7,280,A,7,7.7,A,7,16100,B,7,910,A,7,2.0,E,8,0.000,F,8,0.00,?,0,0,1,D,9,00,C,8
08/19/1987,16:00,908,1334,564,1,13,564,1,13,177,1,13,590,1,13,570,1,13,202,1,13,472,1,23,5,A,7,5,A,7,23.3,A,7,11.1,A,7,46,A,7,986,A,7,280,A,7,7.2,A,7,16100,B,7,77777,A,7,2.1,E,8,0.000,F,8,0.00,?,0,0,1,D,9,00,C,8
08/19/1987,17:00,719,1334,454,1,13,626,1,13,113,1,13,478,1,13,626,1,13,140,1,13,253,1,23,7,A,7,3,A,7,23.3,A,7,10.6,A,7,45,A,7,987,A,7,280,A,7,6.2,A,7,16100,B,7,77777,A,7,2.0,E,8,0.000,F,8,0.00,?,0,0,1,D,9,00,C,8
08/19/1987,18:00,494,1334,294,1,9,470,1,9,117,1,13,307,1,9,443,1,9,143,1,13,224,1,18,7,A,7,2,A,7,22.2,A,7,10.0,A,7,46,A,7,987,A,7,280,A,7,5.2,A,7,16100,B,7,77777,A,7,1.9,E,8,0.000,F,8,0.00,?,0,0,1,D,9,00,C,8
08/19/1987,19:00,251,1334,104,1,13,143,1,9,77,1,13,112,1,13,108,1,9,92,1,13,165,1,21,8,A,7,2,A,7,20.6,A,7,10.0,A,7,51,A,7,987,A,7,280,A,7,4.1,A,7,16100,B,7,77777,A,7,1.9,E,8,0.000,F,8,0.00,?,0,0,1,D,9,00,C,8
08/19/1987,20:00,34,745,20,1,13,75,1,9,12,1,13,17,1,13,26,1,9,16,1,13,21,1,21,1,A,7,1,A,7,17.8,A,7,10.6,A,7,63,A,7,988,A,7,300,A,7,2.6,A,7,24100,B,7,77777,A,7,2.0,E,8,0.000,F,8,0.00,?,0,0,1,D,9,00,C,8
08/19/1987,21:00,0,0,0,1,0,0,1,0,0,1,0,0,1,0,0,1,0,0,1,0,0,1,0,1,A,7,1,A,7,16.1,A,7,10.6,A,7,70,A,7,988,A,7,290,A,7,2.6,A,7,24100,B,7,77777,A,7,2.0,E,8,0.000,?,0,0.00,?,0,0,1,D,9,00,C,8
08/19/1987,22:00,0,0,0,1,0,0,1,0,0,1,0,0,1,0,0,1,0,0,1,0,0,1,0,0,A,7,0,A,7,14.4,A,7,11.1,A,7,81,A,7,989,A,7,290,A,7,1.5,A,7,32200,B,7,77777,A,7,2.1,E,8,0.000,?,0,0.00,?,0,0,1,D,9,00,C,8
08/19/1987,23:00,0,0,0,1,0,0,1,0,0,1,0,0,1,0,0,1,0,0,1,0,0,1,0,0,A,7,0,A,7,13.3,A,7,11.1,A,7,87,A,7,989,A,7,290,A,7,1.5,A,7,32200,B,7,77777,A,7,2.1,E,8,0.000,?,0,0.00,?,0,0,1,D,9,00,C,8
08/19/1987,24:00,0,0,0,1,0,0,1,0,0,1,0,0,1,0,0,1,0,0,1,0,0,1,0,0,A,7,0,A,7,12.8,A,7,11.1,A,7,90,A,7,989,A,7,300,A,7,2.1,A,7,24100,B,7,77777,A,7,2.1,E,8,0.000,?,0,0.00,?,0,0,1,D,9,00,C,8
08/20/1987,01:00,0,0,0,1,0,0,1,0,0,1,0,0,1,0,0,1,0,0,1,0,0,1,0,0,A,7,0,A,7,12.2,A,7,11.1,A,7,93,A,7,989,A,7,260,A,7,2.1,A,7,24100,B,7,77777,A,7,2.1,E,8,0.000,?,0,0.00,?,0,0,1,D,9,00,C,8
08/20/1987,02:00,0,0,0,1,0,0,1,0,0,1,0,0,1,0,0,1,0,0,1,0,0,1,0,0,A,7,0,A,7,11.7,A,7,10.6,A,7,93,A,7,989,A,7,60,A,7,2.1,A,7,24100,B,7,77777,A,7,2.0,E,8,0.000,?,0,0.00,?,0,0,1,D,9,00,C,8
08/20/1987,03:00,0,0,0,1,0,0,1,0,0,1,0,0,1,0,0,1,0,0,1,0,0,1,0,0,A,7,0,A,7,11.7,A,7,10.6,A,7,93,A,7,990,A,7,180,A,7,2.1,A,7,24100,B,7,77777,A,7,2.0,E,8,0.000,?,0,0.00,?,0,0,1,D,9,00,C,8
08/20/1987,04:00,0,0,0,1,0,0,1,0,0,1,0,0,1,0,0,1,0,0,1,0,0,1,0,0,A,7,0,A,7,11.1,A,7,10.0,A,7,93,A,7,990,A,7,110,A,7,2.1,A,7,16100,B,7,77777,A,7,1.9,E,8,0.000,?,0,0.00,?,0,0,1,D,9,00,C,8
08/20/1987,05:00,0,0,0,1,0,0,1,0,0,1,0,0,1,0,0,1,0,0,1,0,0,1,0,0,A,7,0,A,7,12.8,A,7,11.1,A,7,90,A,7,990,A,7,190,A,7,2.6,A,7,16100,B,7,77777,A,7,2.1,E,8,0.000,?,0,0.00,?,0,0,1,D,9,00,C,8
08/20/1987,06:00,2,189,1,1,13,0,1,9,1,1,13,0,1,13,0,1,9,0,1,13,0,1,21,0,A,7,0,A,7,12.2,A,7,10.6,A,7,90,A,7,990,A,7,250,A,7,2.1,A,7,16100,B,7,77777,A,7,2.0,E,8,0.000,F,8,0.00,?,0,0,1,D,9,00,C,8
08/20/1987,07:00,151,1334,53,1,13,136,1,9,37,1,13,56,1,13,71,1,9,47,1,13,67,1,21,0,A,7,0,A,7,15.0,A,7,12.8,A,7,87,A,7,991,A,7,240,A,7,3.1,A,7,12900,B,7,77777,A,7,2.3,E,8,0.000,F,8,0.00,?,0,0,1,D,9,00,C,8
08/20/1987,08:00,397,1334,210,1,9,443,1,9,78,1,13,216,1,9,388,1,9,100,1,13,144,1,18,0,A,7,0,A,7,17.2,A,7,13.9,A,7,81,A,7,991,A,7,250,A,7,4.1,A,7,16100,B,7,77777,A,7,2.4,E,8,0.000,F,8,0.00,?,0,0,1,D,9,00,C,8
08/20/1987,09:00,631,1334,401,1,9,609,1,9,112,1,13,419,1,9,595,1,9,137,1,13,232,1,18,0,A,7,0,A,7,20.0,A,7,15.0,A,7,73,A,7,992,A,7,260,A,7,3.6,A,7,16100,B,7,77777,A,7,2.6,E,8,0.000,F,8,0.00,?,0,0,1,D,9,00,C,8
08/20/1987,10:00,835,1334,493,1,9,526,1,9,163,1,13,517,1,9,528,1,9,185,1,13,396,1,18,1,A,7,1,A,7,22.2,A,7,14.4,A,7,62,A,7,992,A,7,310,A,7,3.1,A,7,16100,B,7,77777,A,7,2.5,E,8,0.000,F,8,0.00,?,0,0,1,D,9,00,C,8
08/20/1987,11:00,996,1334,695,1,9,679,1,9,186,1,13,735,1,9,690,1,9,218,1,13,575,1,18,1,A,7,1,A,7,23.3,A,7,11.7,A,7,48,A,7,992,A,7,300,A,7,3.1,A,7,16100,B,7,77777,A,7,2.1,E,8,0.000,F,8,0.00,?,0,0,1,D,9,00,C,8
08/20/1987,12:00,1103,1334,730,1,13,604,1,13,229,1,13,770,1,13,613,1,13,262,1,13,886,1,23,3,A,7,3,A,7,24.4,A,7,11.7,A,7,45,A,7,992,A,7,300,A,7,5.2,A,7,16100,B,7,77777,A,7,2.1,E,8,0.000,F,8,0.00,?,0,0,1,D,9,00,C,8
08/20/1987,13:00,1148,1334,795,1,13,615,1,13,263,1,13,833,1,13,621,1,13,297,1,13,1146,1,23,3,A,7,3,A,7,25.0,A,7,11.1,A,7,42,A,7,992,A,7,230,A,7,2.6,A,7,16100,B,7,77777,A,7,2.1,E,8,0.000,F,8,0.00,?,0,0,1,D,9,00,C,8
08/20/1987,14:00,1128,1334,826,1,13,718,1,13,216,1,13,876,1,13,732,1,13,256,1,13,901,1,23,3,A,7,3,A,7,25.0,A,7,11.7,A,7,43,A,7,991,A,7,250,A,7,6.2,A,7,16100,B,7,77777,A,7,2.1,E,8,0.000,F,8,0.00,?,0,0,1,D,9,00,C,8
08/20/1987,15:00,1045,1334,766,1,9,742,1,9,182,1,13,815,1,9,758,1,9,220,1,13,623,1,18,2,A,7,2,A,7,25.6,A,7,11.7,A,7,42,A,7,991,A,7,250,A,7,3.6,A,7,16100,B,7,77777,A,7,2.2,E,8,0.000,F,8,0.00,?,0,0,1,D,9,00,C,8
08/20/1987,16:00,903,1334,634,1,9,659,1,9,185,1,13,662,1,9,664,1,9,212,1,13,487,1,18,2,A,7,2,A,7,26.1,A,7,12.2,A,7,42,A,7,990,A,7,220,A,7,2.6,A,7,16100,B,7,77777,A,7,2.2,E,8,0.000,F,8,0.00,?,0,0,1,D,9,00,C,8
08/20/1987,17:00,714,1334,397,1,9,485,1,9,135,1,13,431,1,9,492,1,9,167,1,13,287,1,18,1,A,7,1,A,7,26.1,A,7,12.2,A,7,42,A,7,990,A,7,260,A,7,5.2,A,7,16100,B,7,77777,A,7,2.2,E,8,0.000,F,8,0.00,?,0,0,1,D,9,00,C,8
08/20/1987,18:00,489,1334,288,1,9,525,1,9,92,1,13,295,1,9,487,1,9,116,1,13,176,1,18,0,A,7,0,A,7,25.6,A,7,12.2,A,7,44,A,7,990,A,7,260,A,7,3.1,A,7,16100,B,7,77777,A,7,2.2,E,8,0.000,F,8,0.00,?,0,0,1,D,9,00,C,8
08/20/1987,19:00,245,1334,108,1,13,277,1,9,56,1,13,112,1,13,199,1,9,75,1,13,101,1,21,0,A,7,0,A,7,24.4,A,7,12.8,A,7,48,A,7,989,A,7,250,A,7,2.6,A,7,16100,B,7,77777,A,7,2.3,E,8,0.000,F,8,0.00,?,0,0,1,D,9,00,C,8
08/20/1987,20:00,31,701,16,1,13,14,1,9,14,1,13,16,1,13,7,1,9,16,1,13,34,1,21,0,A,7,0,A,7,20.6,A,7,15.0,A,7,71,A,7,989,A,7,0,A,7,0.0,A,7,16100,B,7,77777,A,7,2.6,E,8,0.000,F,8,0.00,?,0,0,1,D,9,00,C,8
08/20/1987,21:00,0,0,0,1,0,0,1,0,0,1,0,0,1,0,0,1,0,0,1,0,0,1,0,2,A,7,1,A,7,18.3,A,7,15.0,A,7,81,A,7,990,A,7,90,A,7,1.5,A,7,16100,B,7,77777,A,7,2.6,E,8,0.000,?,0,0.00,?,0,0,1,D,9,00,C,8
08/20/1987,22:00,0,0,0,1,0,0,1,0,0,1,0,0,1,0,0,1,0,0,1,0,0,1,0,6,A,7,3,A,7,17.8,A,7,15.0,A,7,84,A,7,990,A,7,0,A,7,0.0,A,7,16100,B,7,77777,A,7,2.6,E,8,0.000,?,0,0.00,?,0,0,1,D,9,00,C,8
08/20/1987,23:00,0,0,0,1,0,0,1,0,0,1,0,0,1,0,0,1,0,0,1,0,0,1,0,6,A,7,6,A,7,18.3,A,7,15.0,A,7,81,A,7,990,A,7,50,A,7,1.5,A,7,16100,B,7,3050,A,7,2.6,E,8,0.000,?,0,0.00,?,0,0,1,D,9,00,C,8
08/20/1987,24:00,0,0,0,1,0,0,1,0,0,1,0,0,1,0,0,1,0,0,1,0,0,1,0,10,A,7,10,A,7,18.9,A,7,14.4,A,7,76,A,7,990,A,7,80,A,7,3.1,A,7,12900,B,7,1370,A,7,2.5,E,8,0.000,?,0,0.00,?,0,0,1,D,9,00,C,8
08/21/1987,01:00,0,0,0,1,0,0,1,0,0,1,0,0,1,0,0,1,0,0,1,0,0,1,0,10,A,7,10,A,7,20.0,A,7,13.3,A,7,66,A,7,990,A,7,140,A,7,3.6,A,7,16100,B,7,1520,A,7,2.4,E,8,0.000,?,0,0.00,?,0,0,1,D,9,61,C,8
08/21/1987,02:00,0,0,0,1,0,0,1,0,0,1,0,0,1,0,0,1,0,0,1,0,0,1,0,2,A,7,2,A,7,19.4,A,7,12.2,A,7,63,A,7,989,A,7,130,A,7,3.6,A,7,16100,B,7,77777,A,7,2.2,E,8,0.000,?,0,0.00,?,0,0,1,D,9,00,C,8
08/21/1987,03:00,0,0,0,1,0,0,1,0,0,1,0,0,1,0,0,1,0,0,1,0,0,1,0,3,A,7,2,A,7,18.9,A,7,12.2,A,7,65,A,7,988,A,7,160,A,7,4.1,A,7,24100,B,7,77777,A,7,2.2,E,8,0.000,?,0,0.00,?,0,0,1,D,9,00,C,8
08/21/1987,04:00,0,0,0,1,0,0,1,0,0,1,0,0,1,0,0,1,0,0,1,0,0,1,0,10,A,7,10,A,7,19.4,A,7,12.8,A,7,66,A,7,988,A,7,130,A,7,3.6,A,7,24100,B,7,3050,A,7,2.3,E,8,0.000,?,0,0.00,?,0,0,1,D,9,00,C,8
08/21/1987,05:00,0,0,0,1,0,0,1,0,0,1,0,0,1,0,0,1,0,0,1,0,0,1,0,4,A,7,3,A,7,18.9,A,7,12.8,A,7,68,A,7,988,A,7,140,A,7,3.6,A,7,24100,B,7,77777,A,7,2.3,E,8,0.000,?,0,0.00,?,0,0,1,D,9,00,C,8
08/21/1987,06:00,2,167,0,1,13,0,1,9,0,1,13,0,1,13,0,1,9,0,1,13,0,1,21,10,A,7,10,A,7,18.9,A,7,13.9,A,7,73,A,7,988,A,7,140,A,7,4.1,A,7,24100,B,7,1520,A,7,2.4,E,8,0.000,F,8,0.00,?,0,0,1,D,9,00,C,8
08/21/1987,07:00,147,1335,22,1,13,0,1,9,22,1,13,26,1,13,0,1,9,26,1,13,82,1,21,10,A,7,10,A,7,21.1,A,7,13.9,A,7,64,A,7,988,A,7,160,A,7,5.2,A,7,24100,B,7,3050,A,7,2.5,E,8,0.000,F,8,0.00,?,0,0,1,D,9,00,C,8
08/21/1987,08:00,393,1335,105,1,9,4,1,9,104,1,13,118,1,9,2,1,9,118,1,13,379,1,18,10,A,7,10,A,7,22.2,A,7,14.4,A,7,62,A,7,988,A,7,200,A,7,4.1,A,7,24100,B,7,1370,A,7,2.5,E,8,0.000,F,8,0.00,?,0,0,1,D,9,00,C,8
08/21/1987,09:00,627,1335,243,1,13,172,1,13,162,1,13,268,1,13,175,1,13,186,1,13,395,1,23,9,A,7,7,A,7,21.7,A,7,15.6,A,7,68,A,7,988,A,7,200,A,7,6.2,A,7,24100,B,7,7620,A,7,2.7,E,8,0.000,F,8,0.00,?,0,0,1,D,9,00,C,8
08/21/1987,10:00,832,1335,505,1,13,466,1,13,213,1,13,536,1,13,479,1,13,237,1,13,521,1,23,8,A,7,3,A,7,22.8,A,7,17.2,A,7,71,A,7,988,A,7,190,A,7,5.2,A,7,24100,B,7,77777,A,7,3.0,E,8,0.000,F,8,0.00,?,0,0,1,D,9,00,C,8
08/21/1987,11:00,993,1335,690,1,9,706,1,9,163,1,13,736,1,9,722,1,9,198,1,13,508,1,18,6,A,7,2,A,7,25.0,A,7,18.3,A,7,67,A,7,987,A,7,150,A,7,4.6,A,7,24100,B,7,77777,A,7,3.2,E,8,0.000,F,8,0.00,?,0,0,1,D,9,00,C,8
08/21/1987,12:00,1100,1335,782,1,9,775,1,9,140,1,13,830,1,9,785,1,9,182,1,13,517,1,18,1,A,7,1,A,7,26.1,A,7,18.3,A,7,62,A,7,987,A,7,200,A,7,5.2,A,7,24100,B,7,77777,A,7,3.2,E,8,0.000,F,8,0.00,?,0,0,1,D,9,00,C,8
08/21/1987,13:00,1145,1335,607,1,13,361,1,13,296,1,13,654,1,13,377,1,13,330,1,13,1314,1,23,7,A,7,7,A,7,26.7,A,7,19.4,A,7,65,A,7,986,A,7,250,A,7,6.7,A,7,24100,B,7,760,A,7,3.4,E,8,0.000,F,8,0.00,?,0,0,1,D,9,00,C,8
08/21/1987,14:00,1124,1335,758,1,13,615,1,13,237,1,13,798,1,13,624,1,13,271,1,13,969,1,23,6,A,7,6,A,7,28.9,A,7,17.8,A,7,51,A,7,986,A,7,220,A,7,8.2,A,7,24100,B,7,850,A,7,3.1,E,8,0.000,F,8,0.00,?,0,0,1,D,9,00,C,8
08/21/1987,15:00,1040,1335,532,1,13,398,1,13,220,1,13,582,1,13,416,1,13,257,1,13,738,1,23,4,A,7,4,A,7,28.9,A,7,17.2,A,7,49,A,7,985,A,7,240,A,7,7.2,A,7,24100,B,7,77777,A,7,2.9,E,8,0.000,F,8,0.00,?,0,0,1,D,9,00,C,8
08/21/1987,16:00,899,1335,244,1,9,18,1,9,232,1,13,286,1,9,15,1,9,276,1,13,1044,1,18,10,A,7,10,A,7,27.8,A,7,17.2,A,7,53,A,7,985,A,7,220,A,7,6.2,A,7,24100,B,7,2740,A,7,3.0,E,8,0.000,F,8,0.00,?,0,0,1,D,9,00,C,8
08/21/1987,17:00,709,1335,214,1,9,5,1,9,211,1,13,244,1,9,4,1,9,242,1,13,853,1,18,10,A,7,10,A,7,26.7,A,7,17.8,A,7,58,A,7,984,A,7,180,A,7,4.1,A,7,24100,B,7,2740,A,7,3.1,E,8,0.000,F,8,0.00,?,0,0,1,D,9,00,C,8
08/21/1987,18:00,483,1335,103,1,9,8,1,9,100,1,13,119,1,9,5,1,9,117,1,13,406,1,18,10,A,7,10,A,7,26.1,A,7,17.8,A,7,60,A,7,983,A,7,180,A,7,2.6,A,7,24100,B,7,2740,A,7,3.0,E,8,0.000,F,8,0.00,?,0,0,1,D,9,00,C,8
08/21/1987,19:00,239,1335,72,1,13,52,1,13,63,1,13,79,1,13,41,1,13,72,1,13,156,1,23,10,A,7,7,A,7,25.6,A,7,17.8,A,7,62,A,7,983,A,7,190,A,7,5.2,A,7,24100,B,7,2740,A,7,3.1,E,8,0.000,F,8,0.00,?,0,0,1,D,9,00,C,8
08/21/1987,20:00,28,679,6,1,13,3,1,9,5,1,13,6,1,13,1,1,9,6,1,13,13,1,21,10,A,7,8,A,7,23.9,A,7,18.9,A,7,74,A,7,983,A,7,190,A,7,6.2,A,7,24100,B,7,2130,A,7,3.3,E,8,0.000,F,8,0.00,?,0,0,1,D,9,00,C,8
08/21/1987,21:00,0,0,0,1,0,0,1,0,0,1,0,0,1,0,0,1,0,0,1,0,0,1,0,10,A,7,6,A,7,23.3,A,7,18.9,A,7,76,A,7,983,A,7,190,A,7,5.2,A,7,24100,B,7,3050,A,7,3.3,E,8,0.000,?,0,0.00,?,0,0,1,D,9,00,C,8
08/21/1987,22:00,0,0,0,1,0,0,1,0,0,1,0,0,1,0,0,1,0,0,1,0,0,1,0,10,A,7,6,A,7,22.8,A,7,18.3,A,7,76,A,7,982,A,7,190,A,7,4.6,A,7,24100,B,7,3050,A,7,3.2,E,8,0.000,?,0,0.00,?,0,0,1,D,9,00,C,8
08/21/1987,23:00,0,0,0,1,0,0,1,0,0,1,0,0,1,0,0,1,0,0,1,0,0,1,0,10,A,7,6,A,7,23.3,A,7,18.3,A,7,74,A,7,981,A,7,190,A,7,6.2,A,7,24100,B,7,3050,A,7,3.2,E,8,0.000,?,0,0.00,?,0,0,1,D,9,00,C,8
08/21/1987,24:00,0,0,0,1,0,0,1,0,0,1,0,0,1,0,0,1,0,0,1,0,0,1,0,10,A,7,6,A,7,23.3,A,7,19.4,A,7,79,A,7,979,A,7,170,A,7,7.2,A,7,24100,B,7,3050,A,7,3.4,E,8,0.000,?,0,0.00,?,0,0,1,D,9,17,C,8
08/22/1987,01:00,0,0,0,1,0,0,1,0,0,1,0,0,1,0,0,1,0,0,1,0,0,1,0,10,A,7,10,A,7,21.1,A,7,20.6,A,7,97,A,7,981,A,7,240,A,7,8.8,A,7,800,B,7,310,A,7,3.6,E,8,0.000,?,0,0.00,?,0,259,1,D,9,17,C,8
08/22/1987,02:00,0,0,0,1,0,0,1,0,0,1,0,0,1,0,0,1,0,0,1,0,0,1,0,10,A,7,10,A,7,21.1,A,7,20.6,A,7,97,A,7,980,A,7,250,A,7,6.7,A,7,6400,B,7,460,A,7,3.6,E,8,0.000,?,0,0.00,?,0,191,1,D,9,81,C,8
08/22/1987,03:00,0,0,0,1,0,0,1,0,0,1,0,0,1,0,0,1,0,0,1,0,0,1,0,8,A,7,8,A,7,21.1,A,7,20.0,A,7,93,A,7,979,A,7,200,A,7,4.1,A,7,11300,B,7,700,A,7,3.5,E,8,0.000,?,0,0.00,?,0,15,1,D,9,81,C,8
08/22/1987,04:00,0,0,0,1,0,0,1,0,0,1,0,0,1,0,0,1,0,0,1,0,0,1,0,10,A,7,10,A,7,21.1,A,7,20.6,A,7,97,A,7,979,A,7,200,A,7,4.1,A,7,11300,B,7,700,A,7,3.6,E,8,0.000,?,0,0.00,?,0,5,1,D,9,80,C,8
08/22/1987,05:00,0,0,0,1,0,0,1,0,0,1,0,0,1,0,0,1,0,0,1,0,0,1,0,10,A,7,3,A,7,21.1,A,7,20.6,A,7,97,A,7,979,A,7,240,A,7,4.1,A,7,8000,B,7,77777,A,7,3.6,E,8,0.000,?,0,0.00,?,0,0,1,D,9,00,C,8
08/22/1987,06:00,1,145,1,1,13,0,1,9,1,1,13,0,1,13,0,1,9,0,1,13,0,1,21,10,A,7,10,A,7,21.1,A,7,20.6,A,7,97,A,7,980,A,7,240,A,7,8.8,A,7,2400,B,7,310,A,7,3.6,E,8,0.000,F,8,0.00,?,0,0,1,D,9,45,C,8
08/22/1987,07:00,143,1336,38,1,13,14,1,9,36,1,13,41,1,13,9,1,9,40,1,13,86,1,21,9,A,7,9,A,7,22.2,A,7,22.2,A,7,100,A,7,981,A,7,270,A,7,3.6,A,7,2400,B,7,850,A,7,3.9,E,8,0.000,F,8,0.00,?,0,0,1,D,9,45,C,8
08/22/1987,08:00,389,1336,112,1,9,33,1,9,102,1,13,122,1,9,30,1,9,114,1,13,273,1,18,8,A,7,8,A,7,22.8,A,7,20.6,A,7,87,A,7,982,A,7,320,A,7,5.2,A,7,6400,B,7,210,A,7,3.6,E,8,0.000,F,8,0.00,?,0,0,1,D,9,45,C,8
08/22/1987,09:00,624,1336,189,1,9,1,1,9,189,1,13,214,1,9,1,1,9,214,1,13,733,1,18,9,A,7,9,A,7,23.3,A,7,19.4,A,7,79,A,7,983,A,7,340,A,7,6.7,A,7,11300,B,7,610,A,7,3.4,E,8,0.000,F,8,0.00,?,0,0,1,D,9,45,C,8
08/22/1987,10:00,829,1336,512,1,13,461,1,13,225,1,13,541,1,13,473,1,13,246,1,13,551,1,23,7,A,7,7,A,7,23.3,A,7,17.8,A,7,71,A,7,984,A,7,350,A,7,7.7,A,7,12900,B,7,700,A,7,3.1,E,8,0.000,F,8,0.00,?,0,0,1,D,9,00,C,8
08/22/1987,11:00,990,1336,606,1,13,430,1,13,286,1,13,641,1,13,447,1,13,309,1,13,887,1,23,7,A,7,5,A,7,23.3,A,7,15.6,A,7,62,A,7,985,A,7,350,A,7,7.2,A,7,16100,B,7,7620,A,7,2.7,E,8,0.000,F,8,0.00,?,0,0,1,D,9,00,C,8
08/22/1987,12:00,1097,1336,774,1,13,571,1,13,303,1,13,827,1,13,596,1,13,336,1,13,1178,1,23,7,A,7,6,A,7,23.9,A,7,15.6,A,7,60,A,7,985,A,7,320,A,7,6.2,A,7,16100,B,7,910,A,7,2.7,E,8,0.000,F,8,0.00,?,0,0,1,D,9,00,C,8
08/22/1987,13:00,1141,1336,793,1,13,536,1,13,333,1,13,844,1,13,559,1,13,365,1,13,1471,1,23,9,A,7,4,A,7,23.9,A,7,12.2,A,7,48,A,7,985,A,7,350,A,7,7.2,A,7,16100,B,7,77777,A,7,2.2,E,8,0.000,F,8,0.00,?,0,0,1,D,9,00,C,8
08/22/1987,14:00,1121,1336,739,1,13,529,1,13,293,1,13,794,1,13,553,1,13,330,1,13,1211,1,23,9,A,7,4,A,7,24.4,A,7,12.2,A,7,47,A,7,986,A,7,350,A,7,7.2,A,7,16100,B,7,77777,A,7,2.2,E,8,0.000,F,8,0.00,?,0,0,1,D,9,00,C,8
08/22/1987,15:00,1036,1336,656,1,13,400,1,13,344,1,13,711,1,13,433,1,13,375,1,13,1151,1,23,9,A,7,6,A,7,24.4,A,7,12.8,A,7,48,A,7,986,A,7,330,A,7,6.7,A,7,16100,B,7,7620,A,7,2.3,E,8,0.000,F,8,0.00,?,0,0,1,D,9,00,C,8
08/22/1987,16:00,894,1336,578,1,13,473,1,13,259,1,13,607,1,13,488,1,13,280,1,13,691,1,23,10,A,7,5,A,7,23.9,A,7,12.8,A,7,50,A,7,986,A,7,320,A,7,4.6,A,7,16100,B,7,77777,A,7,2.3,E,8,0.000,F,8,0.00,?,0,0,1,D,9,00,C,8
08/22/1987,17:00,703,1336,360,1,13,284,1,13,209,1,13,386,1,13,297,1,13,229,1,13,480,1,23,10,A,7,6,A,7,22.8,A,7,12.8,A,7,53,A,7,987,A,7,320,A,7,6.2,A,7,16100,B,7,7620,A,7,2.3,E,8,0.000,F,8,0.00,?,0,0,1,D,9,00,C,8
08/22/1987,18:00,478,1336,195,1,13,158,1,13,138,1,13,212,1,13,152,1,13,158,1,13,317,1,23,10,A,7,6,A,7,20.6,A,7,9.4,A,7,49,A,7,987,A,7,330,A,7,5.2,A,7,16100,B,7,7620,A,7,1.9,E,8,0.000,F,8,0.00,?,0,0,1,D,9,00,C,8
08/22/1987,19:00,233,1336,87,1,13,132,1,13,63,1,13,91,1,13,92,1,13,75,1,13,119,1,23,9,A,7,4,A,7,19.4,A,7,10.6,A,7,57,A,7,988,A,7,300,A,7,3.6,A,7,16100,B,7,77777,A,7,2.0,E,8,0.000,F,8,0.00,?,0,0,1,D,9,00,C,8
08/22/1987,20:00,25,634,15,1,13,4,1,9,14,1,13,0,1,13,0,1,9,0,1,13,0,1,21,4,A,7,1,A,7,17.8,A,7,8.9,A,7,56,A,7,989,A,7,310,A,7,5.7,A,7,24100,B,7,77777,A,7,1.8,E,8,0.000,F,8,0.00,?,0,0,1,D,9,00,C,8
08/22/1987,21:00,0,0,0,1,0,0,1,0,0,1,0,0,1,0,0,1,0,0,1,0,0,1,0,3,A,7,1,A,7,16.1,A,7,8.3,A,7,60,A,7,990,A,7,310,A,7,2.6,A,7,32200,B,7,77777,A,7,1.8,E,8,0.000,?,0,0.00,?,0,0,1,D,9,00,C,8
08/22/1987,22:00,0,0,0,1,0,0,1,0,0,1,0,0,1,0,0,1,0,0,1,0,0,1,0,2,A,7,0,A,7,16.1,A,7,9.4,A,7,65,A,7,990,A,7,280,A,7,2.6,A,7,32200,B,7,77777,A,7,1.9,E,8,0.000,?,0,0.00,?,0,0,1,D,9,00,C,8
08/22/1987,23:00,0,0,0,1,0,0,1,0,0,1,0,0,1,0,0,1,0,0,1,0,0,1,0,0,A,7,0,A,7,14.4,A,7,11.1,A,7,81,A,7,990,A,7,280,A,7,2.6,A,7,32200,B,7,77777,A,7,2.1,E,8,0.000,?,0,0.00,?,0,0,1,D,9,00,C,8
08/22/1987,24:00,0,0,0,1,0,0,1,0,0,1,0,0,1,0,0,1,0,0,1,0,0,1,0,0,A,7,0,A,7,15.0,A,7,11.7,A,7,81,A,7,990,A,7,280,A,7,3.1,A,7,24100,B,7,77777,A,7,2.2,E,8,0.000,?,0,0.00,?,0,0,1,D,9,00,C,8
08/23/1987,01:00,0,0,0,1,0,0,1,0,0,1,0,0,1,0,0,1,0,0,1,0,0,1,0,0,A,7,0,A,7,14.4,A,7,11.7,A,7,84,A,7,991,A,7,270,A,7,2.6,A,7,24100,B,7,77777,A,7,2.1,E,8,0.000,?,0,0.00,?,0,0,1,D,9,00,C,8
08/23/1987,02:00,0,0,0,1,0,0,1,0,0,1,0,0,1,0,0,1,0,0,1,0,0,1,0,0,A,7,0,A,7,12.8,A,7,10.6,A,7,87,A,7,991,A,7,300,A,7,2.6,A,7,24100,B,7,77777,A,7,2.0,E,8,0.000,?,0,0.00,?,0,0,1,D,9,00,C,8
08/23/1987,03:00,0,0,0,1,0,0,1,0,0,1,0,0,1,0,0,1,0,0,1,0,0,1,0,0,A,7,0,A,7,13.3,A,7,11.1,A,7,87,A,7,991,A,7,360,A,7,2.1,A,7,24100,B,7,77777,A,7,2.1,E,8,0.000,?,0,0.00,?,0,0,1,D,9,00,C,8
08/23/1987,04:00,0,0,0,1,0,0,1,0,0,1,0,0,1,0,0,1,0,0,1,0,0,1,0,4,A,7,4,A,7,13.9,A,7,11.7,A,7,87,A,7,991,A,7,280,A,7,2.6,A,7,24100,B,7,77777,A,7,2.2,E,8,0.000,?,0,0.00,?,0,0,1,D,9,00,C,8
08/23/1987,05:00,0,0,0,1,0,0,1,0,0,1,0,0,1,0,0,1,0,0,1,0,0,1,0,7,A,7,6,A,7,13.9,A,7,11.1,A,7,84,A,7,992,A,7,260,A,7,3.1,A,7,16100,B,7,2440,A,7,2.1,E,8,0.000,?,0,0.00,?,0,0,1,D,9,00,C,8
08/23/1987,06:00,1,122,1,1,13,0,1,13,1,1,13,0,1,13,0,1,13,0,1,13,0,1,23,8,A,7,7,A,7,12.8,A,7,11.1,A,7,90,A,7,992,A,7,310,A,7,2.1,A,7,16100,B,7,2440,A,7,2.1,E,8,0.000,F,8,0.00,?,0,0,1,D,9,00,C,8
08/23/1987,07:00,139,1336,47,1,13,69,1,13,40,1,13,51,1,13,39,1,13,47,1,13,84,1,23,3,A,7,3,A,7,14.4,A,7,11.1,A,7,81,A,7,992,A,7,260,A,7,2.6,A,7,16100,B,7,77777,A,7,2.1,E,8,0.000,F,8,0.00,?,0,0,1,D,9,00,C,8
08/23/1987,08:00,386,1336,185,1,13,301,1,13,98,1,13,193,1,13,262,1,13,117,1,13,183,1,23,3,A,7,3,A,7,15.0,A,7,11.1,A,7,78,A,7,993,A,7,290,A,7,3.1,A,7,16100,B,7,77777,A,7,2.1,E,8,0.000,F,8,0.00,?,0,0,1,D,9,00,C,8
08/23/1987,09:00,620,1336,398,1,13,578,1,13,128,1,13,410,1,13,559,1,13,150,1,13,257,1,23,3,A,7,3,A,7,16.1,A,7,11.1,A,7,72,A,7,993,A,7,310,A,7,4.1,A,7,16100,B,7,77777,A,7,2.1,E,8,0.000,F,8,0.00,?,0,0,1,D,9,00,C,8
08/23/1987,10:00,825,1336,349,1,9,125,1,9,271,1,13,381,1,9,131,1,9,300,1,13,745,1,18,9,A,7,9,A,7,16.7,A,7,8.9,A,7,60,A,7,994,A,7,320,A,7,5.2,A,7,16100,B,7,850,A,7,1.8,E,8,0.000,F,8,0.00,?,0,0,1,D,9,00,C,8
08/23/1987,11:00,987,1336,346,1,9,78,1,9,288,1,13,382,1,9,80,1,9,323,1,13,1090,1,18,9,A,7,9,A,7,17.8,A,7,7.8,A,7,52,A,7,994,A,7,320,A,7,5.2,A,7,16100,B,7,850,A,7,1.7,E,8,0.000,F,8,0.00,?,0,0,1,D,9,00,C,8
08/23/1987,12:00,1093,1336,597,1,9,338,1,9,319,1,13,656,1,9,367,1,9,355,1,13,1168,1,18,8,A,7,8,A,7,19.4,A,7,8.9,A,7,51,A,7,994,A,7,310,A,7,5.2,A,7,16100,B,7,850,A,7,1.8,E,8,0.000,F,8,0.00,?,0,0,1,D,9,00,C,8
08/23/1987,13:00,1138,1336,610,1,9,309,1,9,346,1,13,670,1,9,336,1,9,384,1,13,1411,1,18,8,A,7,8,A,7,19.4,A,7,8.9,A,7,51,A,7,993,A,7,310,A,7,5.7,A,7,16100,B,7,980,A,7,1.8,E,8,0.000,F,8,0.00,?,0,0,1,D,9,00,C,8
08/23/1987,14:00,1117,1336,739,1,13,553,1,13,274,1,13,799,1,13,578,1,13,314,1,13,1115,1,23,7,A,7,7,A,7,20.0,A,7,8.3,A,7,47,A,7,993,A,7,310,A,7,6.2,A,7,16100,B,7,1070,A,7,1.8,E,8,0.000,F,8,0.00,?,0,0,1,D,9,00,C,8
08/23/1987,15:00,1032,1336,759,1,13,691,1,13,222,1,13,794,1,13,698,1,13,254,1,13,722,1,23,6,A,7,6,A,7,20.0,A,7,8.3,A,7,47,A,7,993,A,7,300,A,7,5.2,A,7,16100,B,7,1070,A,7,1.8,E,8,0.000,F,8,0.00,?,0,0,1,D,9,00,C,8
08/23/1987,16:00,889,1336,601,1,13,644,1,13,168,1,13,629,1,13,651,1,13,195,1,13,438,1,23,4,A,7,4,A,7,20.6,A,7,7.8,A,7,44,A,7,993,A,7,270,A,7,5.2,A,7,16100,B,7,77777,A,7,1.7,E,8,0.000,F,8,0.00,?,0,0,1,D,9,00,C,8
08/23/1987,17:00,698,1336,348,1,13,369,1,13,153,1,13,372,1,13,373,1,13,177,1,13,325,1,23,4,A,7,4,A,7,20.0,A,7,7.2,A,7,44,A,7,993,A,7,290,A,7,4.1,A,7,16100,B,7,77777,A,7,1.7,E,8,0.000,F,8,0.00,?,0,0,1,D,9,00,C,8
08/23/1987,18:00,472,1336,277,1,9,532,1,9,85,1,13,284,1,9,490,1,9,110,1,13,163,1,18,2,A,7,2,A,7,18.9,A,7,6.1,A,7,43,A,7,993,A,7,310,A,7,6.2,A,7,16100,B,7,77777,A,7,1.5,E,8,0.000,F,8,0.00,?,0,0,1,D,9,00,C,8
08/23/1987,19:00,227,1336,109,1,13,368,1,9,44,1,13,109,1,13,263,1,9,64,1,13,79,1,21,0,A,7,0,A,7,18.3,A,7,6.1,A,7,45,A,7,993,A,7,330,A,7,3.6,A,7,16100,B,7,77777,A,7,1.5,E,8,0.000,F,8,0.00,?,0,0,1,D,9,00,C,8
08/23/1987,20:00,23,590,14,1,13,27,1,9,11,1,13,0,1,13,0,1,9,0,1,13,0,1,21,0,A,7,0,A,7,15.6,A,7,6.1,A,7,54,A,7,993,A,7,320,A,7,2.6,A,7,16100,B,7,77777,A,7,1.6,E,8,0.000,F,8,0.00,?,0,0,1,D,9,00,C,8
08/23/1987,21:00,0,0,0,1,0,0,1,0,0,1,0,0,1,0,0,1,0,0,1,0,0,1,0,0,A,7,0,A,7,12.8,A,7,6.7,A,7,67,A,7,994,A,7,290,A,7,2.6,A,7,16100,B,7,77777,A,7,1.6,E,8,0.000,?,0,0.00,?,0,0,1,D,9,00,C,8
08/23/1987,22:00,0,0,0,1,0,0,1,0,0,1,0,0,1,0,0,1,0,0,1,0,0,1,0,0,A,7,0,A,7,12.2,A,7,7.2,A,7,72,A,7,994,A,7,270,A,7,2.1,A,7,16100,B,7,77777,A,7,1.7,E,8,0.000,?,0,0.00,?,0,0,1,D,9,00,C,8
08/23/1987,23:00,0,0,0,1,0,0,1,0,0,1,0,0,1,0,0,1,0,0,1,0,0,1,0,0,A,7,0,A,7,12.2,A,7,6.7,A,7,69,A,7,994,A,7,300,A,7,1.5,A,7,16100,B,7,77777,A,7,1.6,E,8,0.000,?,0,0.00,?,0,0,1,D,9,00,C,8
08/23/1987,24:00,0,0,0,1,0,0,1,0,0,1,0,0,1,0,0,1,0,0,1,0,0,1,0,2,A,7,2,A,7,12.2,A,7,6.7,A,7,69,A,7,994,A,7,290,A,7,2.1,A,7,24100,B,7,77777,A,7,1.6,E,8,0.000,?,0,0.00,?,0,0,1,D,9,00,C,8
08/24/1987,01:00,0,0,0,1,0,0,1,0,0,1,0,0,1,0,0,1,0,0,1,0,0,1,0,4,A,7,4,A,7,12.2,A,7,8.3,A,7,77,A,7,995,A,7,280,A,7,2.1,A,7,24100,B,7,77777,A,7,1.8,E,8,0.000,?,0,0.00,?,0,0,1,D,9,00,C,8
08/24/1987,02:00,0,0,0,1,0,0,1,0,0,1,0,0,1,0,0,1,0,0,1,0,0,1,0,4,A,7,4,A,7,11.1,A,7,8.9,A,7,86,A,7,995,A,7,360,A,7,2.1,A,7,16100,B,7,77777,A,7,1.8,E,8,0.000,?,0,0.00,?,0,0,1,D,9,00,C,8
08/24/1987,03:00,0,0,0,1,0,0,1,0,0,1,0,0,1,0,0,1,0,0,1,0,0,1,0,5,A,7,4,A,7,11.1,A,7,9.4,A,7,90,A,7,995,A,7,360,A,7,2.1,A,7,16100,B,7,77777,A,7,1.9,E,8,0.000,?,0,0.00,?,0,0,1,D,9,00,C,8
08/24/1987,04:00,0,0,0,1,0,0,1,0,0,1,0,0,1,0,0,1,0,0,1,0,0,1,0,0,A,7,0,A,7,10.6,A,7,9.4,A,7,93,A,7,995,A,7,80,A,7,1.5,A,7,16100,B,7,77777,A,7,1.9,E,8,0.000,?,0,0.00,?,0,0,1,D,9,00,C,8
08/24/1987,05:00,0,0,0,1,0,0,1,0,0,1,0,0,1,0,0,1,0,0,1,0,0,1,0,0,A,7,0,A,7,9.4,A,7,7.8,A,7,90,A,7,995,A,7,310,A,7,1.5,A,7,16100,B,7,77777,A,7,1.7,E,8,0.000,?,0,0.00,?,0,0,1,D,9,00,C,8
08/24/1987,06:00,1,100,0,1,13,0,1,13,0,1,13,0,1,13,0,1,13,0,1,13,0,1,23,5,A,7,5,A,7,8.3,A,7,6.1,A,7,86,A,7,996,A,7,300,A,7,1.5,A,7,16100,B,7,77777,A,7,1.5,E,8,0.000,F,8,0.00,?,0,0,1,D,9,00,C,8
08/24/1987,07:00,135,1337,34,1,13,62,1,13,28,1,13,37,1,13,30,1,13,34,1,13,49,1,23,5,A,7,4,A,7,10.0,A,7,6.7,A,7,80,A,7,996,A,7,0,A,7,0.0,A,7,16100,B,7,77777,A,7,1.6,E,8,0.000,F,8,0.00,?,0,0,1,D,9,00,C,8
08/24/1987,08:00,382,1337,200,1,9,409,1,9,82,1,13,211,1,9,356,1,9,109,1,13,150,1,18,5,A,7,1,A,7,12.8,A,7,8.3,A,7,75,A,7,997,A,7,0,A,7,0.0,A,7,16100,B,7,77777,A,7,1.8,E,8,0.000,F,8,0.00,?,0,0,1,D,9,00,C,8
08/24/1987,09:00,617,1337,375,1,9,529,1,9,130,1,13,402,1,9,524,1,9,160,1,13,261,1,18,4,A,7,2,A,7,15.6,A,7,6.1,A,7,54,A,7,997,A,7,310,A,7,2.1,A,7,16100,B,7,77777,A,7,1.6,E,8,0.000,F,8,0.00,?,0,0,1,D,9,00,C,8
08/24/1987,10:00,822,1337,528,1,13,542,1,13,193,1,13,565,1,13,557,1,13,222,1,13,463,1,23,8,A,7,3,A,7,16.7,A,7,6.1,A,7,50,A,7,997,A,7,310,A,7,3.6,A,7,16100,B,7,77777,A,7,1.6,E,8,0.000,F,8,0.00,?,0,0,1,D,9,00,C,8
08/24/1987,11:00,983,1337,510,1,13,355,1,13,247,1,13,546,1,13,369,1,13,274,1,13,747,1,23,8,A,7,4,A,7,17.2,A,7,6.1,A,7,48,A,7,997,A,7,330,A,7,4.1,A,7,16100,B,7,77777,A,7,1.5,E,8,0.000,F,8,0.00,?,0,0,1,D,9,00,C,8
08/24/1987,12:00,1090,1337,753,1,13,641,1,13,228,1,13,792,1,13,650,1,13,261,1,13,848,1,23,7,A,7,3,A,7,18.3,A,7,6.7,A,7,47,A,7,996,A,7,280,A,7,4.6,A,7,16100,B,7,77777,A,7,1.6,E,8,0.000,F,8,0.00,?,0,0,1,D,9,00,C,8
08/24/1987,13:00,1134,1337,733,1,13,419,1,13,376,1,13,800,1,13,455,1,13,413,1,13,1534,1,23,8,A,7,4,A,7,18.9,A,7,6.7,A,7,45,A,7,996,A,7,300,A,7,5.2,A,7,16100,B,7,77777,A,7,1.6,E,8,0.000,F,8,0.00,?,0,0,1,D,9,00,C,8
08/24/1987,14:00,1113,1337,786,1,13,649,1,13,243,1,13,825,1,13,657,1,13,277,1,13,955,1,23,8,A,7,3,A,7,18.9,A,7,6.7,A,7,45,A,7,995,A,7,280,A,7,3.6,A,7,16100,B,7,77777,A,7,1.6,E,8,0.000,F,8,0.00,?,0,0,1,D,9,00,C,8
08/24/1987,15:00,1028,1337,734,1,13,613,1,13,259,1,13,787,1,13,639,1,13,294,1,13,853,1,23,10,A,7,5,A,7,19.4,A,7,6.7,A,7,44,A,7,995,A,7,320,A,7,3.6,A,7,16100,B,7,77777,A,7,1.6,E,8,0.000,F,8,0.00,?,0,0,1,D,9,00,C,8
08/24/1987,16:00,884,1337,508,1,13,401,1,13,240,1,13,536,1,13,414,1,13,262,1,13,628,1,23,8,A,7,3,A,7,19.4,A,7,6.1,A,7,42,A,7,994,A,7,260,A,7,4.1,A,7,16100,B,7,77777,A,7,1.5,E,8,0.000,F,8,0.00,?,0,0,1,D,9,00,C,8
08/24/1987,17:00,693,1337,389,1,13,404,1,13,178,1,13,410,1,13,407,1,13,198,1,13,383,1,23,6,A,7,3,A,7,19.4,A,7,6.7,A,7,44,A,7,994,A,7,260,A,7,3.6,A,7,24100,B,7,77777,A,7,1.6,E,8,0.000,F,8,0.00,?,0,0,1,D,9,00,C,8
08/24/1987,18:00,466,1337,250,1,13,396,1,13,110,1,13,262,1,13,367,1,13,133,1,13,209,1,23,5,A,7,3,A,7,18.9,A,7,6.7,A,7,45,A,7,993,A,7,270,A,7,4.1,A,7,24100,B,7,77777,A,7,1.6,E,8,0.000,F,8,0.00,?,0,0,1,D,9,00,C,8
08/24/1987,19:00,221,1337,87,1,13,156,1,13,60,1,13,90,1,13,105,1,13,73,1,13,113,1,23,7,A,7,3,A,7,17.8,A,7,8.9,A,7,56,A,7,993,A,7,300,A,7,2.6,A,7,24100,B,7,77777,A,7,1.8,E,8,0.000,F,8,0.00,?,0,0,1,D,9,00,C,8
08/24/1987,20:00,20,568,11,1,13,8,1,9,10,1,13,0,1,13,0,1,9,0,1,13,0,1,21,6,A,7,2,A,7,13.9,A,7,10.0,A,7,78,A,7,993,A,7,300,A,7,2.1,A,7,24100,B,7,77777,A,7,2.0,E,8,0.000,F,8,0.00,?,0,0,1,D,9,00,C,8
08/24/1987,21:00,0,0,0,1,0,0,1,0,0,1,0,0,1,0,0,1,0,0,1,0,0,1,0,4,A,7,3,A,7,12.2,A,7,8.3,A,7,77,A,7,994,A,7,260,A,7,4.6,A,7,24100,B,7,77777,A,7,1.8,E,8,0.000,?,0,0.00,?,0,0,1,D,9,00,C,8
08/24/1987,22:00,0,0,0,1,0,0,1,0,0,1,0,0,1,0,0,1,0,0,1,0,0,1,0,5,A,7,2,A,7,11.7,A,7,7.8,A,7,77,A,7,994,A,7,270,A,7,3.1,A,7,16100,B,7,77777,A,7,1.7,E,8,0.000,?,0,0.00,?,0,0,1,D,9,00,C,8
08/24/1987,23:00,0,0,0,1,0,0,1,0,0,1,0,0,1,0,0,1,0,0,1,0,0,1,0,4,A,7,2,A,7,12.2,A,7,7.8,A,7,75,A,7,994,A,7,250,A,7,2.6,A,7,16100,B,7,77777,A,7,1.7,E,8,0.000,?,0,0.00,?,0,0,1,D,9,00,C,8
08/24/1987,24:00,0,0,0,1,0,0,1,0,0,1,0,0,1,0,0,1,0,0,1,0,0,1,0,6,A,7,2,A,7,10.6,A,7,8.3,A,7,86,A,7,993,A,7,0,A,7,0.0,A,7,16100,B,7,77777,A,7,1.8,E,8,0.000,?,0,0.00,?,0,0,1,D,9,00,C,8
08/25/1987,01:00,0,0,0,1,0,0,1,0,0,1,0,0,1,0,0,1,0,0,1,0,0,1,0,10,A,7,3,A,7,10.0,A,7,8.9,A,7,93,A,7,993,A,7,0,A,7,0.0,A,7,16100,B,7,77777,A,7,1.8,E,8,0.000,?,0,0.00,?,0,0,1,D,9,00,C,8
08/25/1987,02:00,0,0,0,1,0,0,1,0,0,1,0,0,1,0,0,1,0,0,1,0,0,1,0,10,A,7,3,A,7,10.0,A,7,8.3,A,7,90,A,7,993,A,7,280,A,7,1.5,A,7,16100,B,7,77777,A,7,1.8,E,8,0.000,?,0,0.00,?,0,0,1,D,9,00,C,8
08/25/1987,03:00,0,0,0,1,0,0,1,0,0,1,0,0,1,0,0,1,0,0,1,0,0,1,0,9,A,7,3,A,7,10.0,A,7,8.3,A,7,90,A,7,993,A,7,0,A,7,0.0,A,7,16100,B,7,77777,A,7,1.8,E,8,0.000,?,0,0.00,?,0,0,1,D,9,00,C,8
08/25/1987,04:00,0,0,0,1,0,0,1,0,0,1,0,0,1,0,0,1,0,0,1,0,0,1,0,9,A,7,3,A,7,10.0,A,7,8.3,A,7,90,A,7,993,A,7,0,A,7,0.0,A,7,16100,B,7,77777,A,7,1.8,E,8,0.000,?,0,0.00,?,0,0,1,D,9,00,C,8
08/25/1987,05:00,0,0,0,1,0,0,1,0,0,1,0,0,1,0,0,1,0,0,1,0,0,1,0,9,A,7,3,A,7,10.0,A,7,8.9,A,7,93,A,7,993,A,7,220,A,7,2.1,A,7,16100,B,7,77777,A,7,1.8,E,8,0.000,?,0,0.00,?,0,0,1,D,9,00,C,8
08/25/1987,06:00,0,78,1,1,13,0,1,13,1,1,13,0,1,13,0,1,13,0,1,13,0,1,23,10,A,7,3,A,7,11.1,A,7,8.3,A,7,83,A,7,993,A,7,210,A,7,2.1,A,7,16100,B,7,77777,A,7,1.8,E,8,0.000,F,8,0.00,?,0,0,1,D,9,00,C,8
08/25/1987,07:00,131,1337,31,1,13,19,1,13,29,1,13,34,1,13,12,1,13,33,1,13,71,1,23,10,A,7,7,A,7,11.1,A,7,8.9,A,7,86,A,7,994,A,7,200,A,7,2.1,A,7,16100,B,7,7620,A,7,1.8,E,8,0.000,F,8,0.00,?,0,0,1,D,9,00,C,8
08/25/1987,08:00,378,1337,105,1,9,49,1,9,91,1,13,115,1,9,44,1,9,103,1,13,246,1,18,10,A,7,8,A,7,13.9,A,7,9.4,A,7,75,A,7,994,A,7,180,A,7,2.1,A,7,16100,B,7,3960,A,7,1.9,E,8,0.000,F,8,0.00,?,0,0,1,D,9,00,C,8
08/25/1987,09:00,613,1337,244,1,13,188,1,13,157,1,13,263,1,13,192,1,13,175,1,13,333,1,23,10,A,7,7,A,7,16.1,A,7,10.0,A,7,67,A,7,994,A,7,190,A,7,2.1,A,7,16100,B,7,7620,A,7,1.9,E,8,0.000,F,8,0.00,?,0,0,1,D,9,00,C,8
08/25/1987,10:00,819,1337,450,1,13,366,1,13,225,1,13,489,1,13,390,1,13,250,1,13,556,1,23,10,A,7,7,A,7,18.3,A,7,10.0,A,7,59,A,7,993,A,7,210,A,7,3.1,A,7,16100,B,7,7620,A,7,2.0,E,8,0.000,F,8,0.00,?,0,0,1,D,9,00,C,8
08/25/1987,11:00,980,1337,602,1,13,414,1,13,297,1,13,633,1,13,429,1,13,317,1,13,907,1,23,10,A,7,6,A,7,19.4,A,7,10.6,A,7,57,A,7,994,A,7,250,A,7,3.6,A,7,16100,B,7,7620,A,7,2.0,E,8,0.000,F,8,0.00,?,0,0,1,D,9,00,C,8
08/25/1987,12:00,1086,1337,557,1,9,269,1,9,337,1,13,609,1,9,292,1,9,371,1,13,1224,1,18,10,A,7,8,A,7,20.0,A,7,10.0,A,7,53,A,7,993,A,7,220,A,7,3.1,A,7,16100,B,7,1220,A,7,2.0,E,8,0.000,F,8,0.00,?,0,0,1,D,9,00,C,8
08/25/1987,13:00,1130,1337,405,1,9,81,1,9,336,1,13,447,1,9,83,1,9,377,1,13,1472,1,18,10,A,7,9,A,7,20.6,A,7,9.4,A,7,49,A,7,993,A,7,220,A,7,4.1,A,7,16100,B,7,7620,A,7,1.9,E,8,0.000,F,8,0.00,?,0,0,1,D,9,00,C,8
08/25/1987,14:00,1109,1337,284,1,9,4,1,9,281,1,13,338,1,9,3,1,9,335,1,13,1314,1,18,10,A,7,10,A,7,20.0,A,7,8.9,A,7,49,A,7,993,A,7,240,A,7,2.6,A,7,16100,B,7,7620,A,7,1.8,E,8,0.000,F,8,0.00,?,0,0,1,D,9,00,C,8
08/25/1987,15:00,1023,1337,337,1,9,3,1,9,335,1,13,391,1,9,3,1,9,389,1,13,1445,1,18,10,A,7,10,A,7,20.6,A,7,8.3,A,7,46,A,7,993,A,7,270,A,7,2.1,A,7,16100,B,7,7620,A,7,1.8,E,8,0.000,F,8,0.00,?,0,0,1,D,9,00,C,8
08/25/1987,16:00,880,1337,261,1,9,2,1,9,260,1,13,302,1,9,2,1,9,301,1,13,1119,1,18,10,A,7,10,A,7,20.0,A,7,8.3,A,7,47,A,7,992,A,7,290,A,7,2.6,A,7,16100,B,7,7620,A,7,1.8,E,8,0.000,F,8,0.00,?,0,0,1,D,9,00,C,8
08/25/1987,17:00,688,1337,208,1,9,9,1,9,203,1,13,237,1,9,8,1,9,233,1,13,815,1,18,10,A,7,10,A,7,20.0,A,7,10.0,A,7,53,A,7,992,A,7,280,A,7,2.6,A,7,16100,B,7,3660,A,7,2.0,E,8,0.000,F,8,0.00,?,0,0,1,D,9,00,C,8
08/25/1987,18:00,460,1337,116,1,9,2,1,9,115,1,13,131,1,9,1,1,9,131,1,13,440,1,18,10,A,7,10,A,7,18.9,A,7,12.2,A,7,65,A,7,992,A,7,290,A,7,2.6,A,7,16100,B,7,3050,A,7,2.2,E,8,0.000,F,8,0.00,?,0,0,1,D,9,00,C,8
08/25/1987,19:00,214,1337,43,1,13,0,1,9,43,1,13,49,1,13,0,1,9,49,1,13,155,1,21,10,A,7,10,A,7,17.8,A,7,11.1,A,7,65,A,7,992,A,7,120,A,7,2.1,A,7,16100,B,7,3050,A,7,2.1,E,8,0.000,F,8,0.00,?,0,0,1,D,9,00,C,8
08/25/1987,20:00,17,524,6,1,13,0,1,9,6,1,13,0,1,13,0,1,9,0,1,13,0,1,21,10,A,7,10,A,7,17.2,A,7,9.4,A,7,61,A,7,992,A,7,190,A,7,2.6,A,7,16100,B,7,3050,A,7,1.9,E,8,0.000,F,8,0.00,?,0,0,1,D,9,00,C,8
08/25/1987,21:00,0,0,0,1,0,0,1,0,0,1,0,0,1,0,0,1,0,0,1,0,0,1,0,10,A,7,10,A,7,15.6,A,7,11.7,A,7,78,A,7,992,A,7,280,A,7,2.6,A,7,16100,B,7,3050,A,7,2.2,E,8,0.000,?,0,0.00,?,0,0,1,D,9,00,C,8
08/25/1987,22:00,0,0,0,1,0,0,1,0,0,1,0,0,1,0,0,1,0,0,1,0,0,1,0,10,A,7,10,A,7,15.0,A,7,11.7,A,7,81,A,7,992,A,7,210,A,7,5.2,A,7,16100,B,7,3050,A,7,2.2,E,8,0.000,?,0,0.00,?,0,0,1,D,9,00,C,8
08/25/1987,23:00,0,0,0,1,0,0,1,0,0,1,0,0,1,0,0,1,0,0,1,0,0,1,0,10,A,7,10,A,7,14.4,A,7,11.1,A,7,81,A,7,992,A,7,220,A,7,4.6,A,7,16100,B,7,3050,A,7,2.1,E,8,0.000,?,0,0.00,?,0,0,1,D,9,00,C,8
08/25/1987,24:00,0,0,0,1,0,0,1,0,0,1,0,0,1,0,0,1,0,0,1,0,0,1,0,10,A,7,10,A,7,13.9,A,7,11.1,A,7,84,A,7,992,A,7,190,A,7,4.1,A,7,16100,B,7,3050,A,7,2.1,E,8,0.000,?,0,0.00,?,0,0,1,D,9,00,C,8
08/26/1987,01:00,0,0,0,1,0,0,1,0,0,1,0,0,1,0,0,1,0,0,1,0,0,1,0,10,A,7,10,A,7,13.9,A,7,10.6,A,7,81,A,7,992,A,7,190,A,7,2.6,A,7,16100,B,7,3050,A,7,2.0,E,8,0.000,?,0,0.00,?,0,0,1,D,9,00,C,8
08/26/1987,02:00,0,0,0,1,0,0,1,0,0,1,0,0,1,0,0,1,0,0,1,0,0,1,0,10,A,7,10,A,7,14.4,A,7,10.6,A,7,78,A,7,992,A,7,150,A,7,2.1,A,7,16100,B,7,3050,A,7,2.0,E,8,0.000,?,0,0.00,?,0,0,1,D,9,00,C,8
08/26/1987,03:00,0,0,0,1,0,0,1,0,0,1,0,0,1,0,0,1,0,0,1,0,0,1,0,10,A,7,10,A,7,14.4,A,7,10.6,A,7,78,A,7,991,A,7,160,A,7,2.1,A,7,16100,B,7,3050,A,7,2.0,E,8,0.000,?,0,0.00,?,0,0,1,D,9,00,C,8
08/26/1987,04:00,0,0,0,1,0,0,1,0,0,1,0,0,1,0,0,1,0,0,1,0,0,1,0,10,A,7,10,A,7,13.9,A,7,11.7,A,7,87,A,7,991,A,7,70,A,7,2.1,A,7,16100,B,7,1830,A,7,2.2,E,8,0.000,?,0,0.00,?,0,0,1,D,9,00,C,8
08/26/1987,05:00,0,0,0,1,0,0,1,0,0,1,0,0,1,0,0,1,0,0,1,0,0,1,0,10,A,7,10,A,7,13.3,A,7,12.2,A,7,93,A,7,991,A,7,90,A,7,2.6,A,7,16100,B,7,1830,A,7,2.2,E,8,0.000,?,0,0.00,?,0,0,1,D,9,00,C,8
08/26/1987,06:00,0,56,0,1,0,0,1,0,0,1,0,0,1,1,0,1,2,0,1,2,0,1,1,10,A,7,10,A,7,14.4,A,7,10.6,A,7,78,A,7,990,A,7,120,A,7,4.1,A,7,16100,B,7,1830,A,7,2.0,E,8,0.000,?,0,0.00,?,0,0,1,D,9,00,C,8
08/26/1987,07:00,127,1338,18,1,13,2,1,9,18,1,13,21,1,13,0,1,9,21,1,13,67,1,21,10,A,7,10,A,7,14.4,A,7,11.1,A,7,81,A,7,990,A,7,120,A,7,5.2,A,7,16100,B,7,910,A,7,2.1,E,8,0.000,F,8,0.00,?,0,0,1,D,9,00,C,8
08/26/1987,08:00,374,1338,66,1,9,2,1,9,65,1,13,76,1,9,1,1,9,76,1,13,260,1,18,10,A,7,10,A,7,13.9,A,7,12.2,A,7,90,A,7,990,A,7,120,A,7,2.6,A,7,11300,B,7,310,A,7,2.2,E,8,0.000,F,8,0.00,?,0,0,1,D,9,61,C,8
08/26/1987,09:00,610,1338,120,1,9,1,1,9,120,1,13,141,1,9,1,1,9,141,1,13,519,1,18,10,A,7,10,A,7,13.9,A,7,12.8,A,7,93,A,7,989,A,7,110,A,7,4.1,A,7,4000,B,7,210,A,7,2.3,E,8,0.000,F,8,0.00,?,0,5,1,D,9,61,C,8
08/26/1987,10:00,815,1338,178,1,9,2,1,9,177,1,13,210,1,9,2,1,9,209,1,13,808,1,18,10,A,7,10,A,7,13.9,A,7,12.8,A,7,93,A,7,989,A,7,100,A,7,4.1,A,7,4000,B,7,180,A,7,2.3,E,8,0.000,F,8,0.00,?,0,8,1,D,9,45,C,8
08/26/1987,11:00,977,1338,212,1,9,2,1,9,211,1,13,253,1,9,2,1,9,252,1,13,1007,1,18,10,A,7,10,A,7,14.4,A,7,13.3,A,7,93,A,7,988,A,7,100,A,7,4.1,A,7,4000,B,7,180,A,7,2.4,E,8,0.000,F,8,0.00,?,0,10,1,D,9,45,C,8
08/26/1987,12:00,1083,1338,254,1,9,2,1,9,252,1,13,303,1,9,2,1,9,302,1,13,1201,1,18,10,A,7,10,A,7,14.4,A,7,13.3,A,7,93,A,7,988,A,7,80,A,7,4.1,A,7,4000,B,7,210,A,7,2.4,E,8,0.000,F,8,0.00,?,0,36,1,D,9,45,C,8
08/26/1987,13:00,1127,1338,254,1,9,0,1,9,254,1,13,305,1,9,0,1,9,305,1,13,1220,1,18,10,A,7,10,A,7,14.4,A,7,13.9,A,7,97,A,7,988,A,7,110,A,7,2.6,A,7,3200,B,7,180,A,7,2.4,E,8,0.000,F,8,0.00,?,0,51,1,D,9,45,C,8
08/26/1987,14:00,1105,1338,238,1,9,1,1,9,237,1,13,287,1,9,1,1,9,286,1,13,1149,1,18,10,A,7,10,A,7,15.0,A,7,13.9,A,7,93,A,7,987,A,7,80,A,7,4.1,A,7,4000,B,7,180,A,7,2.4,E,8,0.000,F,8,0.00,?,0,23,1,D,9,45,C,8
08/26/1987,15:00,1019,1338,211,1,9,0,1,9,211,1,13,253,1,9,0,1,9,253,1,13,1023,1,18,10,A,7,10,A,7,15.0,A,7,13.9,A,7,93,A,7,986,A,7,100,A,7,5.2,A,7,4000,B,7,180,A,7,2.4,E,8,0.000,F,8,0.00,?,0,30,1,D,9,45,C,8
08/26/1987,16:00,875,1338,207,1,9,1,1,9,207,1,13,244,1,9,1,1,9,244,1,13,944,1,18,10,A,7,10,A,7,15.6,A,7,14.4,A,7,93,A,7,985,A,7,150,A,7,6.2,A,7,8000,B,7,210,A,7,2.5,E,8,0.000,F,8,0.00,?,0,15,1,D,9,45,C,8
08/26/1987,17:00,682,1338,139,1,9,1,1,9,138,1,13,163,1,9,1,1,9,162,1,13,610,1,18,10,A,7,10,A,7,15.6,A,7,15.0,A,7,97,A,7,985,A,7,100,A,7,4.1,A,7,6400,B,7,150,A,7,2.6,E,8,0.000,F,8,0.00,?,0,13,1,D,9,45,C,8
08/26/1987,18:00,454,1338,87,1,9,1,1,9,86,1,13,100,1,9,1,1,9,100,1,13,351,1,18,10,A,7,10,A,7,15.6,A,7,15.0,A,7,97,A,7,985,A,7,360,A,7,4.1,A,7,2400,B,7,90,A,7,2.6,E,8,0.000,F,8,0.00,?,0,76,1,D,9,45,C,8
08/26/1987,19:00,208,1338,37,1,13,1,1,9,37,1,13,43,1,13,0,1,9,43,1,13,137,1,21,10,A,7,10,A,7,15.6,A,7,15.0,A,7,97,A,7,984,A,7,50,A,7,5.2,A,7,2400,B,7,90,A,7,2.6,E,8,0.000,F,8,0.00,?,0,33,1,D,9,45,C,8
08/26/1987,20:00,15,502,6,1,13,0,1,9,6,1,13,0,1,13,0,1,9,0,1,13,0,1,21,10,A,7,10,A,7,15.0,A,7,14.4,A,7,97,A,7,984,A,7,50,A,7,5.7,A,7,2400,B,7,90,A,7,2.5,E,8,0.000,F,8,0.00,?,0,5,1,D,9,45,C,8
08/26/1987,21:00,0,0,0,1,0,0,1,0,0,1,0,0,1,0,0,1,0,0,1,0,0,1,0,10,A,7,10,A,7,14.4,A,7,13.9,A,7,97,A,7,984,A,7,70,A,7,6.2,A,7,2400,B,7,150,A,7,2.4,E,8,0.000,?,0,0.00,?,0,0,1,D,9,45,C,8
08/26/1987,22:00,0,0,0,1,0,0,1,0,0,1,0,0,1,0,0,1,0,0,1,0,0,1,0,10,A,7,10,A,7,14.4,A,7,13.9,A,7,97,A,7,984,A,7,60,A,7,6.2,A,7,6400,B,7,180,A,7,2.4,E,8,0.000,?,0,0.00,?,0,0,1,D,9,45,C,8
08/26/1987,23:00,0,0,0,1,0,0,1,0,0,1,0,0,1,0,0,1,0,0,1,0,0,1,0,10,A,7,10,A,7,14.4,A,7,13.3,A,7,93,A,7,985,A,7,60,A,7,5.2,A,7,6400,B,7,120,A,7,2.3,E,8,0.000,?,0,0.00,?,0,0,1,D,9,45,C,8
08/26/1987,24:00,0,0,0,1,0,0,1,0,0,1,0,0,1,0,0,1,0,0,1,0,0,1,0,10,A,7,10,A,7,13.9,A,7,13.3,A,7,97,A,7,985,A,7,70,A,7,5.2,A,7,4800,B,7,90,A,7,2.4,E,8,0.000,?,0,0.00,?,0,0,1,D,9,45,C,8
08/27/1987,01:00,0,0,0,1,0,0,1,0,0,1,0,0,1,0,0,1,0,0,1,0,0,1,0,10,A,7,10,A,7,13.9,A,7,13.3,A,7,97,A,7,984,A,7,40,A,7,5.2,A,7,4800,B,7,90,A,7,2.4,E,8,0.000,?,0,0.00,?,0,0,1,D,9,45,C,8
08/27/1987,02:00,0,0,0,1,0,0,1,0,0,1,0,0,1,0,0,1,0,0,1,0,0,1,0,10,A,7,10,A,7,14.4,A,7,13.3,A,7,93,A,7,984,A,7,70,A,7,5.2,A,7,4800,B,7,120,A,7,2.3,E,8,0.000,?,0,0.00,?,0,0,1,D,9,45,C,8
08/27/1987,03:00,0,0,0,1,0,0,1,0,0,1,0,0,1,0,0,1,0,0,1,0,0,1,0,10,A,7,10,A,7,14.4,A,7,13.3,A,7,93,A,7,984,A,7,40,A,7,4.1,A,7,4800,B,7,180,A,7,2.3,E,8,0.000,?,0,0.00,?,0,0,1,D,9,45,C,8
08/27/1987,04:00,0,0,0,1,0,0,1,0,0,1,0,0,1,0,0,1,0,0,1,0,0,1,0,10,A,7,10,A,7,14.4,A,7,13.3,A,7,93,A,7,984,A,7,50,A,7,4.6,A,7,4800,B,7,150,A,7,2.3,E,8,0.000,?,0,0.00,?,0,0,1,D,9,45,C,8
08/27/1987,05:00,0,0,0,1,0,0,1,0,0,1,0,0,1,0,0,1,0,0,1,0,0,1,0,10,A,7,10,A,7,14.4,A,7,13.3,A,7,93,A,7,985,A,7,40,A,7,4.6,A,7,4000,B,7,90,A,7,2.3,E,8,0.000,?,0,0.00,?,0,3,1,D,9,45,C,8
08/27/1987,06:00,0,33,0,1,0,0,1,0,0,1,0,0,1,1,0,1,2,0,1,2,0,1,1,10,A,7,10,A,7,14.4,A,7,13.3,A,7,93,A,7,985,A,7,50,A,7,5.7,A,7,4000,B,7,90,A,7,2.3,E,8,0.000,?,0,0.00,?,0,0,1,D,9,45,C,8
08/27/1987,07:00,123,1338,19,1,13,0,1,9,19,1,13,22,1,13,0,1,9,22,1,13,70,1,21,10,A,7,10,A,7,14.4,A,7,13.3,A,7,93,A,7,986,A,7,50,A,7,5.2,A,7,4000,B,7,90,A,7,2.3,E,8,0.000,F,8,0.00,?,0,0,1,D,9,45,C,8
08/27/1987,08:00,370,1338,57,1,9,0,1,9,57,1,13,67,1,9,0,1,9,67,1,13,233,1,18,10,A,7,10,A,7,14.4,A,7,13.9,A,7,97,A,7,987,A,7,50,A,7,2.6,A,7,4000,B,7,90,A,7,2.4,E,8,0.000,F,8,0.00,?,0,0,1,D,9,45,C,8
08/27/1987,09:00,606,1338,122,1,9,0,1,9,122,1,13,142,1,9,0,1,9,142,1,13,524,1,18,10,A,7,10,A,7,15.0,A,7,13.9,A,7,93,A,7,987,A,7,40,A,7,4.1,A,7,4000,B,7,150,A,7,2.4,E,8,0.000,F,8,0.00,?,0,3,1,D,9,45,C,8
08/27/1987,10:00,812,1338,275,1,9,0,1,9,275,1,13,313,1,9,0,1,9,313,1,13,1104,1,18,10,A,7,10,A,7,15.0,A,7,13.9,A,7,93,A,7,987,A,7,50,A,7,4.1,A,7,4000,B,7,210,A,7,2.4,E,8,0.000,F,8,0.00,?,0,0,1,D,9,45,C,8
08/27/1987,11:00,973,1338,341,1,9,0,1,9,341,1,13,392,1,9,0,1,9,392,1,13,1421,1,18,10,A,7,10,A,7,15.6,A,7,13.9,A,7,90,A,7,987,A,7,60,A,7,4.1,A,7,4000,B,7,240,A,7,2.4,E,8,0.000,F,8,0.00,?,0,0,1,D,9,45,C,8
08/27/1987,12:00,1079,1338,224,1,9,1,1,9,223,1,13,270,1,9,1,1,9,269,1,13,1088,1,18,10,A,7,10,A,7,15.6,A,7,13.9,A,7,90,A,7,987,A,7,50,A,7,4.1,A,7,2400,B,7,340,A,7,2.4,E,8,0.000,F,8,0.00,?,0,0,1,D,9,45,C,8
08/27/1987,13:00,1123,1338,230,1,9,1,1,9,229,1,13,278,1,9,1,1,9,278,1,13,1121,1,18,10,A,7,10,A,7,15.6,A,7,14.4,A,7,93,A,7,987,A,7,40,A,7,4.6,A,7,2400,B,7,150,A,7,2.5,E,8,0.000,F,8,0.00,?,0,5,1,D,9,45,C,8
08/27/1987,14:00,1100,1338,227,1,9,1,1,9,226,1,13,274,1,9,1,1,9,273,1,13,1105,1,18,10,A,7,10,A,7,16.1,A,7,15.0,A,7,93,A,7,987,A,7,60,A,7,2.6,A,7,2400,B,7,150,A,7,2.6,E,8,0.000,F,8,0.00,?,0,5,1,D,9,45,C,8
08/27/1987,15:00,1014,1338,368,1,9,1,1,9,368,1,13,424,1,9,1,1,9,423,1,13,1526,1,18,10,A,7,10,A,7,16.7,A,7,15.0,A,7,90,A,7,987,A,7,50,A,7,4.6,A,7,4800,B,7,240,A,7,2.6,E,8,0.000,F,8,0.00,?,0,0,1,D,9,45,C,8
08/27/1987,16:00,869,1338,304,1,9,0,1,9,304,1,13,346,1,9,0,1,9,346,1,13,1230,1,18,10,A,7,10,A,7,17.2,A,7,14.4,A,7,84,A,7,987,A,7,50,A,7,5.7,A,7,8000,B,7,490,A,7,2.5,E,8,0.000,F,8,0.00,?,0,0,1,D,9,45,C,8
08/27/1987,17:00,676,1338,217,1,9,0,1,9,217,1,13,245,1,9,0,1,9,245,1,13,843,1,18,10,A,7,10,A,7,16.7,A,7,14.4,A,7,87,A,7,987,A,7,50,A,7,4.6,A,7,8000,B,7,550,A,7,2.5,E,8,0.000,F,8,0.00,?,0,0,1,D,9,45,C,8
08/27/1987,18:00,448,1338,123,1,9,0,1,9,123,1,13,139,1,9,0,1,9,139,1,13,454,1,18,10,A,7,10,A,7,16.7,A,7,14.4,A,7,87,A,7,987,A,7,50,A,7,4.1,A,7,9700,B,7,910,A,7,2.5,E,8,0.000,F,8,0.00,?,0,0,1,D,9,45,C,8
08/27/1987,19:00,202,1338,31,1,13,0,1,9,31,1,13,36,1,13,0,1,9,36,1,13,117,1,21,10,A,7,10,A,7,16.7,A,7,14.4,A,7,87,A,7,987,A,7,60,A,7,3.6,A,7,8000,B,7,910,A,7,2.5,E,8,0.000,F,8,0.00,?,0,0,1,D,9,45,C,8
08/27/1987,20:00,13,457,5,1,13,0,1,9,5,1,13,0,1,13,0,1,9,0,1,13,0,1,21,10,A,7,10,A,7,16.1,A,7,13.9,A,7,87,A,7,988,A,7,60,A,7,3.6,A,7,8000,B,7,910,A,7,2.4,E,8,0.000,F,8,0.00,?,0,0,1,D,9,45,C,8
08/27/1987,21:00,0,0,0,1,0,0,1,0,0,1,0,0,1,0,0,1,0,0,1,0,0,1,0,10,A,7,10,A,7,15.6,A,7,14.4,A,7,93,A,7,988,A,7,100,A,7,3.1,A,7,8000,B,7,910,A,7,2.5,E,8,0.000,?,0,0.00,?,0,0,1,D,9,45,C,8
08/27/1987,22:00,0,0,0,1,0,0,1,0,0,1,0,0,1,0,0,1,0,0,1,0,0,1,0,10,A,7,10,A,7,15.6,A,7,13.9,A,7,90,A,7,988,A,7,60,A,7,3.1,A,7,8000,B,7,910,A,7,2.4,E,8,0.000,?,0,0.00,?,0,0,1,D,9,45,C,8
08/27/1987,23:00,0,0,0,1,0,0,1,0,0,1,0,0,1,0,0,1,0,0,1,0,0,1,0,10,A,7,10,A,7,15.0,A,7,13.9,A,7,93,A,7,988,A,7,40,A,7,4.1,A,7,8000,B,7,980,A,7,2.4,E,8,0.000,?,0,0.00,?,0,0,1,D,9,45,C,8
08/27/1987,24:00,0,0,0,1,0,0,1,0,0,1,0,0,1,0,0,1,0,0,1,0,0,1,0,10,A,7,10,A,7,15.0,A,7,13.3,A,7,90,A,7,988,A,7,60,A,7,4.6,A,7,11300,B,7,910,A,7,2.4,E,8,0.000,?,0,0.00,?,0,0,1,D,9,45,C,8
08/28/1987,01:00,0,0,0,1,0,0,1,0,0,1,0,0,1,0,0,1,0,0,1,0,0,1,0,10,A,7,10,A,7,15.0,A,7,13.3,A,7,90,A,7,988,A,7,30,A,7,3.6,A,7,11300,B,7,910,A,7,2.4,E,8,0.000,?,0,0.00,?,0,0,1,D,9,00,C,8
08/28/1987,02:00,0,0,0,1,0,0,1,0,0,1,0,0,1,0,0,1,0,0,1,0,0,1,0,10,A,7,10,A,7,14.4,A,7,12.8,A,7,90,A,7,988,A,7,40,A,7,3.1,A,7,11300,B,7,910,A,7,2.3,E,8,0.000,?,0,0.00,?,0,0,1,D,9,00,C,8
08/28/1987,03:00,0,0,0,1,0,0,1,0,0,1,0,0,1,0,0,1,0,0,1,0,0,1,0,10,A,7,10,A,7,14.4,A,7,12.8,A,7,90,A,7,988,A,7,360,A,7,2.1,A,7,11300,B,7,910,A,7,2.3,E,8,0.000,?,0,0.00,?,0,0,1,D,9,00,C,8
08/28/1987,04:00,0,0,0,1,0,0,1,0,0,1,0,0,1,0,0,1,0,0,1,0,0,1,0,10,A,7,10,A,7,14.4,A,7,12.8,A,7,90,A,7,988,A,7,40,A,7,3.1,A,7,12900,B,7,1070,A,7,2.3,E,8,0.000,?,0,0.00,?,0,0,1,D,9,00,C,8
08/28/1987,05:00,0,0,0,1,0,0,1,0,0,1,0,0,1,0,0,1,0,0,1,0,0,1,0,10,A,7,10,A,7,14.4,A,7,13.3,A,7,93,A,7,988,A,7,30,A,7,3.1,A,7,12900,B,7,1070,A,7,2.4,E,8,0.000,?,0,0.00,?,0,0,1,D,9,00,C,8
08/28/1987,06:00,0,11,0,1,0,0,1,0,0,1,0,0,1,1,0,1,2,0,1,2,0,1,1,10,A,7,10,A,7,14.4,A,7,13.3,A,7,93,A,7,988,A,7,20,A,7,2.6,A,7,16100,B,7,1220,A,7,2.4,E,8,0.000,?,0,0.00,?,0,0,1,D,9,00,C,8
08/28/1987,07:00,119,1339,18,1,13,0,1,9,18,1,13,21,1,13,0,1,9,21,1,13,66,1,21,10,A,7,10,A,7,14.4,A,7,13.3,A,7,93,A,7,988,A,7,20,A,7,3.1,A,7,9700,B,7,1220,A,7,2.4,E,8,0.000,F,8,0.00,?,0,0,1,D,9,61,C,8
08/28/1987,08:00,366,1339,56,1,9,0,1,9,56,1,13,66,1,9,0,1,9,66,1,13,229,1,18,10,A,7,10,A,7,15.0,A,7,13.9,A,7,93,A,7,988,A,7,20,A,7,3.1,A,7,11300,B,7,1830,A,7,2.4,E,8,0.000,F,8,0.00,?,0,0,1,D,9,61,C,8
08/28/1987,09:00,602,1339,115,1,9,0,1,9,115,1,13,135,1,9,0,1,9,135,1,13,499,1,18,10,A,7,10,A,7,15.0,A,7,13.9,A,7,93,A,7,988,A,7,40,A,7,3.1,A,7,11300,B,7,1830,A,7,2.4,E,8,0.000,F,8,0.00,?,0,0,1,D,9,61,C,8
08/28/1987,10:00,808,1339,158,1,9,1,1,9,158,1,13,188,1,9,1,1,9,188,1,13,734,1,18,10,A,7,10,A,7,15.6,A,7,14.4,A,7,93,A,7,989,A,7,50,A,7,2.1,A,7,9700,B,7,1830,A,7,2.5,E,8,0.000,F,8,0.00,?,0,5,1,D,9,61,C,8
08/28/1987,11:00,970,1339,206,1,9,0,1,9,206,1,13,246,1,9,0,1,9,246,1,13,984,1,18,10,A,7,10,A,7,16.1,A,7,14.4,A,7,90,A,7,989,A,7,360,A,7,1.5,A,7,9700,B,7,1830,A,7,2.5,E,8,0.000,F,8,0.00,?,0,0,1,D,9,61,C,8
08/28/1987,12:00,1076,1339,390,1,9,0,1,9,390,1,13,450,1,9,0,1,9,450,1,13,1631,1,18,10,A,7,10,A,7,17.2,A,7,14.4,A,7,84,A,7,989,A,7,40,A,7,2.6,A,7,11300,B,7,1830,A,7,2.5,E,8,0.000,F,8,0.00,?,0,0,1,D,9,61,C,8
08/28/1987,13:00,1119,1339,386,1,9,1,1,9,385,1,13,449,1,9,1,1,9,448,1,13,1644,1,18,10,A,7,10,A,7,17.8,A,7,13.3,A,7,75,A,7,989,A,7,10,A,7,2.6,A,7,11300,B,7,1830,A,7,2.4,E,8,0.000,F,8,0.00,?,0,0,1,D,9,00,C,8
08/28/1987,14:00,1096,1339,379,1,9,0,1,9,379,1,13,440,1,9,0,1,9,440,1,13,1616,1,18,10,A,7,10,A,7,17.8,A,7,12.8,A,7,73,A,7,989,A,7,20,A,7,2.6,A,7,12900,B,7,1830,A,7,2.3,E,8,0.000,F,8,0.00,?,0,0,1,D,9,00,C,8
08/28/1987,15:00,1009,1339,344,1,9,0,1,9,344,1,13,397,1,9,0,1,9,397,1,13,1459,1,18,10,A,7,10,A,7,18.3,A,7,14.4,A,7,78,A,7,989,A,7,360,A,7,2.6,A,7,12900,B,7,1830,A,7,2.5,E,8,0.000,F,8,0.00,?,0,0,1,D,9,00,C,8
08/28/1987,16:00,864,1339,274,1,9,110,1,9,202,1,13,306,1,9,117,1,9,230,1,13,572,1,18,10,A,7,9,A,7,19.4,A,7,12.8,A,7,66,A,7,988,A,7,30,A,7,4.6,A,7,12900,B,7,1680,A,7,2.3,E,8,0.000,F,8,0.00,?,0,0,1,D,9,00,C,8
08/28/1987,17:00,671,1339,270,1,9,37,1,9,251,1,13,296,1,9,37,1,9,277,1,13,722,1,18,9,A,7,9,A,7,19.4,A,7,12.8,A,7,66,A,7,988,A,7,40,A,7,4.1,A,7,16100,B,7,1680,A,7,2.3,E,8,0.000,F,8,0.00,?,0,0,1,D,9,00,C,8
08/28/1987,18:00,442,1339,154,1,9,109,1,9,117,1,13,168,1,9,103,1,9,134,1,13,265,1,18,9,A,7,9,A,7,18.3,A,7,12.2,A,7,68,A,7,989,A,7,30,A,7,2.6,A,7,16100,B,7,1680,A,7,2.2,E,8,0.000,F,8,0.00,?,0,0,1,D,9,00,C,8
08/28/1987,19:00,195,1339,68,1,13,124,1,13,49,1,13,71,1,13,77,1,13,60,1,13,90,1,23,7,A,7,7,A,7,17.2,A,7,12.8,A,7,75,A,7,989,A,7,180,A,7,2.6,A,7,19300,B,7,4570,A,7,2.3,E,8,0.000,F,8,0.00,?,0,0,1,D,9,00,C,8
08/28/1987,20:00,11,413,3,1,13,1,1,13,3,1,13,0,1,13,0,1,13,0,1,13,0,1,23,7,A,7,7,A,7,13.9,A,7,13.3,A,7,97,A,7,989,A,7,270,A,7,2.1,A,7,16100,B,7,3660,A,7,2.4,E,8,0.000,F,8,0.00,?,0,0,1,D,9,00,C,8
08/28/1987,21:00,0,0,0,1,0,0,1,0,0,1,0,0,1,0,0,1,0,0,1,0,0,1,0,5,A,7,4,A,7,13.9,A,7,12.8,A,7,93,A,7,989,A,7,170,A,7,2.1,A,7,12900,B,7,77777,A,7,2.3,E,8,0.000,?,0,0.00,?,0,0,1,D,9,00,C,8
08/28/1987,22:00,0,0,0,1,0,0,1,0,0,1,0,0,1,0,0,1,0,0,1,0,0,1,0,9,A,7,9,A,7,14.4,A,7,13.3,A,7,93,A,7,989,A,7,310,A,7,2.1,A,7,11300,B,7,700,A,7,2.4,E,8,0.000,?,0,0.00,?,0,0,1,D,9,00,C,8
08/28/1987,23:00,0,0,0,1,0,0,1,0,0,1,0,0,1,0,0,1,0,0,1,0,0,1,0,7,A,7,7,A,7,13.9,A,7,13.3,A,7,97,A,7,990,A,7,40,A,7,2.1,A,7,9700,B,7,700,A,7,2.4,E,8,0.000,?,0,0.00,?,0,0,1,D,9,00,C,8
08/28/1987,24:00,0,0,0,1,0,0,1,0,0,1,0,0,1,0,0,1,0,0,1,0,0,1,0,8,A,7,8,A,7,13.9,A,7,13.3,A,7,97,A,7,990,A,7,0,A,7,0.0,A,7,9700,B,7,1680,A,7,2.4,E,8,0.000,?,0,0.00,?,0,0,1,D,9,45,C,8
08/29/1987,01:00,0,0,0,1,0,0,1,0,0,1,0,0,1,0,0,1,0,0,1,0,0,1,0,7,A,7,7,A,7,13.3,A,7,12.8,A,7,97,A,7,990,A,7,0,A,7,0.0,A,7,8000,B,7,1680,A,7,2.3,E,8,0.000,?,0,0.00,?,0,0,1,D,9,45,C,8
08/29/1987,02:00,0,0,0,1,0,0,1,0,0,1,0,0,1,0,0,1,0,0,1,0,0,1,0,8,A,7,8,A,7,13.3,A,7,12.8,A,7,97,A,7,990,A,7,0,A,7,0.0,A,7,6400,B,7,1830,A,7,2.3,E,8,0.000,?,0,0.00,?,0,0,1,D,9,45,C,8
08/29/1987,03:00,0,0,0,1,0,0,1,0,0,1,0,0,1,0,0,1,0,0,1,0,0,1,0,6,A,7,6,A,7,12.8,A,7,12.2,A,7,97,A,7,990,A,7,0,A,7,0.0,A,7,4800,B,7,1830,A,7,2.2,E,8,0.000,?,0,0.00,?,0,0,1,D,9,45,C,8
08/29/1987,04:00,0,0,0,1,0,0,1,0,0,1,0,0,1,0,0,1,0,0,1,0,0,1,0,0,A,7,0,A,7,11.1,A,7,11.1,A,7,100,A,7,990,A,7,0,A,7,0.0,A,7,4800,B,7,77777,A,7,2.1,E,8,0.000,?,0,0.00,?,0,0,1,D,9,45,C,8
08/29/1987,05:00,0,0,0,1,0,0,1,0,0,1,0,0,1,0,0,1,0,0,1,0,0,1,0,8,A,7,8,A,7,11.7,A,7,11.7,A,7,100,A,7,991,A,7,0,A,7,0.0,A,7,6400,B,7,1680,A,7,2.1,E,8,0.000,?,0,0.00,?,0,0,1,D,9,45,C,8
08/29/1987,06:00,0,0,0,1,0,0,1,0,0,1,0,0,1,0,0,1,0,0,1,0,0,1,0,9,A,7,9,A,7,12.8,A,7,12.8,A,7,100,A,7,991,A,7,230,A,7,4.1,A,7,4800,B,7,1680,A,7,2.3,E,8,0.000,?,0,0.00,?,0,0,1,D,9,45,C,8
08/29/1987,07:00,115,1329,40,1,13,69,1,13,33,1,13,43,1,13,36,1,13,40,1,13,69,1,23,5,A,7,5,A,7,12.2,A,7,12.2,A,7,100,A,7,992,A,7,0,A,7,0.0,A,7,4800,B,7,77777,A,7,2.2,E,8,0.000,F,8,0.00,?,0,0,1,D,9,45,C,8
08/29/1987,08:00,363,1340,162,1,13,190,1,13,110,1,13,170,1,13,164,1,13,125,1,13,220,1,23,10,A,7,6,A,7,14.4,A,7,13.9,A,7,97,A,7,992,A,7,180,A,7,1.5,A,7,2400,B,7,30,A,7,2.5,E,8,0.000,F,8,0.00,?,0,0,1,D,9,45,C,8
08/29/1987,09:00,599,1340,383,1,9,648,1,9,92,1,13,403,1,9,631,1,9,120,1,13,191,1,18,2,A,7,2,A,7,17.2,A,7,13.3,A,7,78,A,7,993,A,7,250,A,7,1.5,A,7,4800,B,7,77777,A,7,2.4,E,8,0.000,F,8,0.00,?,0,0,1,D,9,45,C,8
08/29/1987,10:00,805,1340,525,1,9,665,1,9,124,1,13,558,1,9,673,1,9,153,1,13,300,1,18,6,A,7,1,A,7,18.9,A,7,13.3,A,7,70,A,7,992,A,7,210,A,7,1.5,A,7,11300,B,7,77777,A,7,2.4,E,8,0.000,F,8,0.00,?,0,0,1,D,9,45,C,8
08/29/1987,11:00,966,1340,491,1,13,279,1,13,289,1,13,535,1,13,301,1,13,317,1,13,851,1,23,7,A,7,7,A,7,20.6,A,7,14.4,A,7,68,A,7,992,A,7,270,A,7,3.1,A,7,11300,B,7,640,A,7,2.5,E,8,0.000,F,8,0.00,?,0,0,1,D,9,00,C,8
08/29/1987,12:00,1072,1340,495,1,13,309,1,13,247,1,13,538,1,13,323,1,13,279,1,13,887,1,23,6,A,7,6,A,7,21.7,A,7,13.3,A,7,59,A,7,992,A,7,290,A,7,2.6,A,7,11300,B,7,760,A,7,2.4,E,8,0.000,F,8,0.00,?,0,0,1,D,9,00,C,8
08/29/1987,13:00,1115,1340,686,1,13,555,1,13,221,1,13,724,1,13,565,1,13,253,1,13,876,1,23,6,A,7,6,A,7,22.2,A,7,12.2,A,7,53,A,7,992,A,7,270,A,7,2.1,A,7,12900,B,7,760,A,7,2.2,E,8,0.000,F,8,0.00,?,0,0,1,D,9,00,C,8
08/29/1987,14:00,1092,1340,716,1,13,624,1,13,204,1,13,758,1,13,636,1,13,238,1,13,766,1,23,6,A,7,6,A,7,22.8,A,7,12.8,A,7,53,A,7,992,A,7,240,A,7,3.6,A,7,12900,B,7,980,A,7,2.3,E,8,0.000,F,8,0.00,?,0,0,1,D,9,00,C,8
08/29/1987,15:00,1005,1340,588,1,13,493,1,13,216,1,13,640,1,13,514,1,13,254,1,13,670,1,23,6,A,7,4,A,7,23.3,A,7,12.8,A,7,52,A,7,991,A,7,220,A,7,3.6,A,7,12900,B,7,980,A,7,2.3,E,8,0.000,F,8,0.00,?,0,0,1,D,9,00,C,8
08/29/1987,16:00,859,1340,610,1,13,742,1,13,130,1,13,648,1,13,755,1,13,163,1,13,334,1,23,4,A,7,3,A,7,22.2,A,7,12.8,A,7,55,A,7,991,A,7,260,A,7,3.1,A,7,24100,B,7,77777,A,7,2.3,E,8,0.000,F,8,0.00,?,0,0,1,D,9,00,C,8
08/29/1987,17:00,665,1340,401,1,13,583,1,13,108,1,13,419,1,13,576,1,13,133,1,13,231,1,23,4,A,7,3,A,7,22.2,A,7,12.8,A,7,55,A,7,991,A,7,250,A,7,5.2,A,7,24100,B,7,77777,A,7,2.3,E,8,0.000,F,8,0.00,?,0,0,1,D,9,00,C,8
08/29/1987,18:00,436,1340,240,1,13,456,1,13,88,1,13,253,1,13,415,1,13,118,1,13,163,1,23,4,A,7,3,A,7,20.6,A,7,13.9,A,7,66,A,7,990,A,7,220,A,7,2.6,A,7,24100,B,7,77777,A,7,2.5,E,8,0.000,F,8,0.00,?,0,0,1,D,9,00,C,8
08/29/1987,19:00,189,1340,82,1,13,308,1,9,37,1,13,82,1,13,202,1,9,54,1,13,66,1,21,3,A,7,2,A,7,20.6,A,7,14.4,A,7,68,A,7,990,A,7,250,A,7,3.1,A,7,24100,B,7,77777,A,7,2.5,E,8,0.000,F,8,0.00,?,0,0,1,D,9,00,C,8
08/29/1987,20:00,9,391,8,1,13,22,1,9,6,1,13,0,1,13,0,1,9,0,1,13,0,1,21,0,A,7,0,A,7,17.2,A,7,13.9,A,7,81,A,7,990,A,7,210,A,7,2.1,A,7,24100,B,7,77777,A,7,2.4,E,8,0.000,F,8,0.00,?,0,0,1,D,9,00,C,8
08/29/1987,21:00,0,0,0,1,0,0,1,0,0,1,0,0,1,0,0,1,0,0,1,0,0,1,0,0,A,7,0,A,7,16.1,A,7,14.4,A,7,90,A,7,990,A,7,0,A,7,0.0,A,7,24100,B,7,77777,A,7,2.5,E,8,0.000,?,0,0.00,?,0,0,1,D,9,00,C,8
08/29/1987,22:00,0,0,0,1,0,0,1,0,0,1,0,0,1,0,0,1,0,0,1,0,0,1,0,0,A,7,0,A,7,15.6,A,7,13.9,A,7,90,A,7,990,A,7,190,A,7,2.1,A,7,24100,B,7,77777,A,7,2.5,E,8,0.000,?,0,0.00,?,0,0,1,D,9,00,C,8
08/29/1987,23:00,0,0,0,1,0,0,1,0,0,1,0,0,1,0,0,1,0,0,1,0,0,1,0,0,A,7,0,A,7,15.0,A,7,13.3,A,7,90,A,7,990,A,7,200,A,7,3.1,A,7,24100,B,7,77777,A,7,2.4,E,8,0.000,?,0,0.00,?,0,0,1,D,9,00,C,8
08/29/1987,24:00,0,0,0,1,0,0,1,0,0,1,0,0,1,0,0,1,0,0,1,0,0,1,0,0,A,7,0,A,7,15.6,A,7,13.3,A,7,87,A,7,990,A,7,190,A,7,3.1,A,7,24100,B,7,77777,A,7,2.4,E,8,0.000,?,0,0.00,?,0,0,1,D,9,00,C,8
08/30/1987,01:00,0,0,0,1,0,0,1,0,0,1,0,0,1,0,0,1,0,0,1,0,0,1,0,0,A,7,0,A,7,15.6,A,7,13.3,A,7,87,A,7,990,A,7,190,A,7,4.1,A,7,24100,B,7,77777,A,7,2.4,E,8,0.000,?,0,0.00,?,0,0,1,D,9,00,C,8
08/30/1987,02:00,0,0,0,1,0,0,1,0,0,1,0,0,1,0,0,1,0,0,1,0,0,1,0,0,A,7,0,A,7,15.0,A,7,12.8,A,7,87,A,7,990,A,7,180,A,7,4.6,A,7,16100,B,7,77777,A,7,2.3,E,8,0.000,?,0,0.00,?,0,0,1,D,9,00,C,8
08/30/1987,03:00,0,0,0,1,0,0,1,0,0,1,0,0,1,0,0,1,0,0,1,0,0,1,0,3,A,7,3,A,7,15.0,A,7,12.8,A,7,87,A,7,989,A,7,180,A,7,5.2,A,7,16100,B,7,77777,A,7,2.3,E,8,0.000,?,0,0.00,?,0,0,1,D,9,00,C,8
08/30/1987,04:00,0,0,0,1,0,0,1,0,0,1,0,0,1,0,0,1,0,0,1,0,0,1,0,7,A,7,7,A,7,15.6,A,7,12.8,A,7,84,A,7,989,A,7,190,A,7,5.2,A,7,16100,B,7,1070,A,7,2.3,E,8,0.000,?,0,0.00,?,0,0,1,D,9,00,C,8
08/30/1987,05:00,0,0,0,1,0,0,1,0,0,1,0,0,1,0,0,1,0,0,1,0,0,1,0,5,A,7,5,A,7,16.1,A,7,12.8,A,7,81,A,7,989,A,7,180,A,7,5.2,A,7,16100,B,7,77777,A,7,2.3,E,8,0.000,?,0,0.00,?,0,0,1,D,9,00,C,8
08/30/1987,06:00,0,0,0,1,0,0,1,0,0,1,0,0,1,0,0,1,0,0,1,0,0,1,0,5,A,7,5,A,7,16.1,A,7,12.2,A,7,78,A,7,989,A,7,200,A,7,5.7,A,7,16100,B,7,77777,A,7,2.2,E,8,0.000,?,0,0.00,?,0,0,1,D,9,00,C,8
08/30/1987,07:00,111,1307,33,1,13,40,1,13,29,1,13,36,1,13,21,1,13,34,1,13,60,1,23,8,A,7,4,A,7,16.1,A,7,12.2,A,7,78,A,7,989,A,7,200,A,7,5.7,A,7,16100,B,7,77777,A,7,2.2,E,8,0.000,F,8,0.00,?,0,0,1,D,9,00,C,8
08/30/1987,08:00,359,1340,148,1,13,129,1,13,113,1,13,160,1,13,113,1,13,129,1,13,249,1,23,8,A,7,6,A,7,17.2,A,7,12.8,A,7,75,A,7,989,A,7,200,A,7,6.2,A,7,16100,B,7,7620,A,7,2.3,E,8,0.000,F,8,0.00,?,0,0,1,D,9,00,C,8
08/30/1987,09:00,595,1340,358,1,13,478,1,13,144,1,13,377,1,13,469,1,13,168,1,13,289,1,23,5,A,7,5,A,7,18.9,A,7,13.3,A,7,70,A,7,988,A,7,200,A,7,7.2,A,7,16100,B,7,77777,A,7,2.4,E,8,0.000,F,8,0.00,?,0,0,1,D,9,00,C,8
08/30/1987,10:00,801,1340,514,1,9,627,1,9,137,1,13,541,1,9,631,1,9,163,1,13,326,1,18,3,A,7,1,A,7,21.1,A,7,13.9,A,7,64,A,7,988,A,7,210,A,7,7.7,A,7,16100,B,7,77777,A,7,2.5,E,8,0.000,F,8,0.00,?,0,0,1,D,9,00,C,8
08/30/1987,11:00,963,1340,477,1,13,296,1,13,264,1,13,523,1,13,320,1,13,293,1,13,764,1,23,8,A,7,6,A,7,22.8,A,7,15.0,A,7,62,A,7,987,A,7,220,A,7,7.2,A,7,16100,B,7,1220,A,7,2.6,E,8,0.000,F,8,0.00,?,0,0,1,D,9,00,C,8
08/30/1987,12:00,1068,1340,774,1,9,820,1,9,117,1,13,796,1,9,820,1,9,141,1,13,334,1,18,3,A,7,1,A,7,25.0,A,7,16.1,A,7,58,A,7,987,A,7,220,A,7,7.2,A,7,16100,B,7,77777,A,7,2.8,E,8,0.000,F,8,0.00,?,0,0,1,D,9,00,C,8
08/30/1987,13:00,1111,1340,791,1,9,809,1,9,117,1,13,814,1,9,810,1,9,141,1,13,374,1,18,3,A,7,1,A,7,26.1,A,7,16.1,A,7,54,A,7,986,A,7,210,A,7,8.2,A,7,16100,B,7,77777,A,7,2.8,E,8,0.000,F,8,0.00,?,0,0,1,D,9,00,C,8
08/30/1987,14:00,1087,1340,682,1,13,592,1,13,199,1,13,724,1,13,604,1,13,232,1,13,740,1,23,6,A,7,5,A,7,26.7,A,7,15.0,A,7,49,A,7,986,A,7,220,A,7,9.8,A,7,16100,B,7,7620,A,7,2.6,E,8,0.000,F,8,0.00,?,0,0,1,D,9,00,C,8
08/30/1987,15:00,1000,1340,637,1,13,515,1,13,249,1,13,682,1,13,536,1,13,281,1,13,772,1,23,5,A,7,4,A,7,26.1,A,7,15.6,A,7,52,A,7,985,A,7,220,A,7,8.2,A,7,16100,B,7,77777,A,7,2.7,E,8,0.000,F,8,0.00,?,0,0,1,D,9,00,C,8
08/30/1987,16:00,854,1340,593,1,13,613,1,13,199,1,13,611,1,13,610,1,13,221,1,13,478,1,23,5,A,7,4,A,7,26.1,A,7,13.9,A,7,47,A,7,985,A,7,240,A,7,7.7,A,7,24100,B,7,77777,A,7,2.4,E,8,0.000,F,8,0.00,?,0,0,1,D,9,00,C,8
08/30/1987,17:00,659,1340,331,1,9,430,1,9,117,1,13,360,1,9,431,1,9,147,1,13,237,1,18,3,A,7,2,A,7,26.1,A,7,13.9,A,7,47,A,7,984,A,7,220,A,7,7.7,A,7,24100,B,7,77777,A,7,2.4,E,8,0.000,F,8,0.00,?,0,0,1,D,9,00,C,8
08/30/1987,18:00,430,1340,198,1,13,299,1,13,100,1,13,206,1,13,270,1,13,120,1,13,187,1,23,6,A,7,6,A,7,24.4,A,7,14.4,A,7,54,A,7,984,A,7,210,A,7,7.2,A,7,24100,B,7,1520,A,7,2.5,E,8,0.000,F,8,0.00,?,0,0,1,D,9,00,C,8
08/30/1987,19:00,182,1340,59,1,13,17,1,9,57,1,13,65,1,13,12,1,9,63,1,13,132,1,21,10,A,7,10,A,7,23.9,A,7,15.0,A,7,58,A,7,984,A,7,220,A,7,4.6,A,7,24100,B,7,1220,A,7,2.6,E,8,0.000,F,8,0.00,?,0,0,1,D,9,00,C,8
08/30/1987,20:00,7,346,5,1,13,0,1,9,5,1,13,0,1,13,0,1,9,0,1,13,0,1,21,10,A,7,10,A,7,22.2,A,7,15.6,A,7,66,A,7,984,A,7,210,A,7,4.6,A,7,24100,B,7,1220,A,7,2.7,E,8,0.000,F,8,0.00,?,0,0,1,D,9,00,C,8
08/30/1987,21:00,0,0,0,1,0,0,1,0,0,1,0,0,1,0,0,1,0,0,1,0,0,1,0,10,A,7,10,A,7,20.0,A,7,16.1,A,7,78,A,7,984,A,7,290,A,7,6.2,A,7,16100,B,7,1220,A,7,2.8,E,8,0.000,?,0,0.00,?,0,0,1,D,9,00,C,8
08/30/1987,22:00,0,0,0,1,0,0,1,0,0,1,0,0,1,0,0,1,0,0,1,0,0,1,0,10,A,7,10,A,7,18.3,A,7,17.2,A,7,93,A,7,985,A,7,280,A,7,3.6,A,7,9700,B,7,910,A,7,2.9,E,8,0.000,?,0,0.00,?,0,3,1,D,9,80,C,8
08/30/1987,23:00,0,0,0,1,0,0,1,0,0,1,0,0,1,0,0,1,0,0,1,0,0,1,0,10,A,7,10,A,7,18.3,A,7,17.8,A,7,97,A,7,985,A,7,220,A,7,4.1,A,7,9700,B,7,910,A,7,3.1,E,8,0.000,?,0,0.00,?,0,0,1,D,9,45,C,8
08/30/1987,24:00,0,0,0,1,0,0,1,0,0,1,0,0,1,0,0,1,0,0,1,0,0,1,0,8,A,7,8,A,7,17.8,A,7,16.7,A,7,93,A,7,985,A,7,260,A,7,4.1,A,7,9700,B,7,1220,A,7,2.9,E,8,0.000,?,0,0.00,?,0,0,1,D,9,45,C,8
08/31/1987,01:00,0,0,0,1,0,0,1,0,0,1,0,0,1,0,0,1,0,0,1,0,0,1,0,7,A,7,7,A,7,16.1,A,7,15.0,A,7,93,A,7,985,A,7,270,A,7,4.1,A,7,11300,B,7,2740,A,7,2.6,E,8,0.000,?,0,0.00,?,0,0,1,D,9,45,C,8
08/31/1987,02:00,0,0,0,1,0,0,1,0,0,1,0,0,1,0,0,1,0,0,1,0,0,1,0,4,A,7,4,A,7,15.0,A,7,13.9,A,7,93,A,7,985,A,7,270,A,7,3.1,A,7,11300,B,7,77777,A,7,2.4,E,8,0.000,?,0,0.00,?,0,0,1,D,9,00,C,8
08/31/1987,03:00,0,0,0,1,0,0,1,0,0,1,0,0,1,0,0,1,0,0,1,0,0,1,0,3,A,7,3,A,7,14.4,A,7,13.3,A,7,93,A,7,984,A,7,270,A,7,3.1,A,7,11300,B,7,77777,A,7,2.3,E,8,0.000,?,0,0.00,?,0,0,1,D,9,00,C,8
08/31/1987,04:00,0,0,0,1,0,0,1,0,0,1,0,0,1,0,0,1,0,0,1,0,0,1,0,3,A,7,3,A,7,14.4,A,7,13.3,A,7,93,A,7,984,A,7,260,A,7,2.6,A,7,11300,B,7,77777,A,7,2.3,E,8,0.000,?,0,0.00,?,0,0,1,D,9,00,C,8
08/31/1987,05:00,0,0,0,1,0,0,1,0,0,1,0,0,1,0,0,1,0,0,1,0,0,1,0,3,A,7,3,A,7,13.9,A,7,12.8,A,7,93,A,7,984,A,7,260,A,7,2.6,A,7,11300,B,7,77777,A,7,2.3,E,8,0.000,?,0,0.00,?,0,0,1,D,9,00,C,8
08/31/1987,06:00,0,0,0,1,0,0,1,0,0,1,0,0,1,0,0,1,0,0,1,0,0,1,0,7,A,7,2,A,7,12.8,A,7,11.7,A,7,93,A,7,984,A,7,280,A,7,2.6,A,7,16100,B,7,77777,A,7,2.1,E,8,0.000,?,0,0.00,?,0,0,1,D,9,00,C,8
08/31/1987,07:00,107,1285,38,1,13,50,1,13,33,1,13,41,1,13,26,1,13,38,1,13,69,1,23,7,A,7,3,A,7,12.8,A,7,11.7,A,7,93,A,7,985,A,7,270,A,7,2.6,A,7,16100,B,7,77777,A,7,2.1,E,8,0.000,F,8,0.00,?,0,0,1,D,9,00,C,8
08/31/1987,08:00,355,1341,154,1,13,277,1,13,80,1,13,161,1,13,234,1,13,99,1,13,147,1,23,7,A,7,3,A,7,15.6,A,7,13.9,A,7,90,A,7,985,A,7,280,A,7,4.6,A,7,16100,B,7,77777,A,7,2.4,E,8,0.000,F,8,0.00,?,0,0,1,D,9,00,C,8
08/31/1987,09:00,591,1341,364,1,9,608,1,9,95,1,13,382,1,9,590,1,9,122,1,13,195,1,18,3,A,7,1,A,7,17.8,A,7,13.9,A,7,78,A,7,986,A,7,320,A,7,4.1,A,7,24100,B,7,77777,A,7,2.4,E,8,0.000,F,8,0.00,?,0,0,1,D,9,00,C,8
08/31/1987,10:00,797,1341,402,1,13,166,1,13,302,1,13,434,1,13,173,1,13,331,1,13,813,1,23,8,A,7,6,A,7,18.9,A,7,10.6,A,7,59,A,7,986,A,7,310,A,7,5.2,A,7,24100,B,7,1070,A,7,2.0,E,8,0.000,F,8,0.00,?,0,0,1,D,9,00,C,8
08/31/1987,11:00,959,1341,477,1,13,280,1,13,275,1,13,520,1,13,302,1,13,303,1,13,796,1,23,6,A,7,6,A,7,20.0,A,7,11.1,A,7,57,A,7,986,A,7,270,A,7,5.7,A,7,24100,B,7,1070,A,7,2.1,E,8,0.000,F,8,0.00,?,0,0,1,D,9,00,C,8
08/31/1987,12:00,1064,1341,512,1,13,224,1,13,333,1,13,558,1,13,243,1,13,365,1,13,1153,1,23,8,A,7,7,A,7,20.6,A,7,10.0,A,7,51,A,7,986,A,7,280,A,7,6.2,A,7,24100,B,7,980,A,7,1.9,E,8,0.000,F,8,0.00,?,0,0,1,D,9,00,C,8
08/31/1987,13:00,1107,1341,720,1,13,626,1,13,200,1,13,765,1,13,639,1,13,236,1,13,780,1,23,4,A,7,4,A,7,20.6,A,7,8.3,A,7,46,A,7,986,A,7,260,A,7,7.7,A,7,24100,B,7,77777,A,7,1.8,E,8,0.000,F,8,0.00,?,0,0,1,D,9,00,C,8
08/31/1987,14:00,1083,1341,702,1,13,590,1,13,222,1,13,738,1,13,599,1,13,253,1,13,807,1,23,5,A,7,4,A,7,20.0,A,7,8.3,A,7,47,A,7,985,A,7,290,A,7,8.2,A,7,24100,B,7,77777,A,7,1.7,E,8,0.000,F,8,0.00,?,0,0,1,D,9,00,C,8
08/31/1987,15:00,995,1341,672,1,13,642,1,13,192,1,13,707,1,13,651,1,13,222,1,13,585,1,23,4,A,7,4,A,7,20.0,A,7,8.3,A,7,47,A,7,985,A,7,290,A,7,8.8,A,7,24100,B,7,77777,A,7,1.7,E,8,0.000,F,8,0.00,?,0,0,1,D,9,00,C,8
08/31/1987,16:00,848,1341,567,1,13,651,1,13,151,1,13,595,1,13,657,1,13,178,1,13,376,1,23,3,A,7,3,A,7,19.4,A,7,6.7,A,7,44,A,7,985,A,7,300,A,7,9.3,A,7,24100,B,7,77777,A,7,1.6,E,8,0.000,F,8,0.00,?,0,0,1,D,9,00,C,8
08/31/1987,17:00,653,1341,322,1,13,279,1,13,184,1,13,344,1,13,288,1,13,204,1,13,405,1,23,3,A,7,3,A,7,17.2,A,7,5.6,A,7,46,A,7,985,A,7,290,A,7,7.2,A,7,24100,B,7,77777,A,7,1.5,E,8,0.000,F,8,0.00,?,0,0,1,D,9,00,C,8
08/31/1987,18:00,423,1341,245,1,13,459,1,13,97,1,13,255,1,13,413,1,13,125,1,13,181,1,23,3,A,7,3,A,7,17.2,A,7,6.1,A,7,48,A,7,986,A,7,280,A,7,8.2,A,7,24100,B,7,77777,A,7,1.5,E,8,0.000,F,8,0.00,?,0,0,1,D,9,00,C,8
08/31/1987,19:00,175,1341,64,1,13,158,1,13,43,1,13,67,1,13,92,1,13,56,1,13,79,1,23,4,A,7,3,A,7,15.0,A,7,6.7,A,7,58,A,7,986,A,7,290,A,7,5.2,A,7,24100,B,7,77777,A,7,1.6,E,8,0.000,F,8,0.00,?,0,0,1,D,9,00,C,8
08/31/1987,20:00,6,302,3,1,13,5,1,9,2,1,13,0,1,13,0,1,9,0,1,13,0,1,21,2,A,7,2,A,7,12.2,A,7,6.7,A,7,69,A,7,987,A,7,280,A,7,3.1,A,7,24100,B,7,77777,A,7,1.6,E,8,0.000,F,8,0.00,?,0,0,1,D,9,00,C,8
08/31/1987,21:00,0,0,0,1,0,0,1,0,0,1,0,0,1,0,0,1,0,0,1,0,0,1,0,0,A,7,0,A,7,11.1,A,7,7.2,A,7,77,A,7,987,A,7,240,A,7,3.1,A,7,24100,B,7,77777,A,7,1.6,E,8,0.000,?,0,0.00,?,0,0,1,D,9,00,C,8
08/31/1987,22:00,0,0,0,1,0,0,1,0,0,1,0,0,1,0,0,1,0,0,1,0,0,1,0,0,A,7,0,A,7,10.8,A,7,7.2,A,7,77,A,7,987,A,7,250,A,7,2.9,A,7,24100,B,7,77777,A,7,1.6,E,8,0.000,?,0,0.00,?,0,0,1,D,9,00,C,8
08/31/1987,23:00,0,0,0,1,0,0,1,0,0,1,0,0,1,0,0,1,0,0,1,0,0,1,0,0,A,7,0,A,7,10.5,A,7,7.2,A,7,77,A,7,987,A,7,240,A,7,2.6,A,7,24100,B,7,77777,A,7,1.6,E,8,0.000,?,0,0.00,?,0,0,1,D,9,00,C,8
08/31/1987,24:00,0,0,0,1,0,0,1,0,0,1,0,0,1,0,0,1,0,0,1,0,0,1,0,2,A,7,2,A,7,10.2,A,7,7.2,A,7,77,A,7,987,A,7,240,A,7,2.4,A,7,32200,B,7,77777,A,7,1.6,E,8,0.000,?,0,0.00,?,0,0,1,D,9,00,C,8
09/01/1987,01:00,0,0,0,1,0,0,1,0,0,1,0,0,1,0,0,1,0,0,1,0,0,1,0,3,A,7,3,A,7,9.8,A,7,7.2,A,7,80,A,7,987,A,7,250,A,7,2.2,A,7,32200,B,7,77777,A,7,1.6,E,8,0.000,?,0,0.00,?,0,0,1,D,9,00,C,8
09/01/1987,02:00,0,0,0,1,0,0,1,0,0,1,0,0,1,0,0,1,0,0,1,0,0,1,0,0,A,7,0,A,7,9.5,A,7,7.2,A,7,83,A,7,987,A,7,260,A,7,2.0,A,7,32200,B,7,77777,A,7,1.6,E,8,0.000,?,0,0.00,?,0,0,1,D,9,00,C,8
09/01/1987,03:00,0,0,0,1,0,0,1,0,0,1,0,0,1,0,0,1,0,0,1,0,0,1,0,2,A,7,0,A,7,9.2,A,7,7.2,A,7,86,A,7,987,A,7,260,A,7,1.7,A,7,32200,B,7,77777,A,7,1.6,E,8,0.000,?,0,0.00,?,0,0,1,D,9,00,C,8
09/01/1987,04:00,0,0,0,1,0,0,1,0,0,1,0,0,1,0,0,1,0,0,1,0,0,1,0,3,A,7,3,A,7,8.9,A,7,7.2,A,7,89,A,7,987,A,7,250,A,7,1.5,A,7,32200,B,7,77777,A,7,1.6,E,8,0.000,?,0,0.00,?,0,0,1,D,9,00,C,8
09/01/1987,05:00,0,0,0,1,0,0,1,0,0,1,0,0,1,0,0,1,0,0,1,0,0,1,0,4,A,7,3,A,7,8.9,A,7,7.2,A,7,89,A,7,987,A,7,250,A,7,1.5,A,7,32200,B,7,77777,A,7,1.6,E,8,0.000,?,0,0.00,?,0,0,1,D,9,00,C,8
09/01/1987,06:00,0,0,0,1,0,0,1,0,0,1,0,0,1,0,0,1,0,0,1,0,0,1,0,3,A,7,3,A,7,8.9,A,7,7.2,A,7,89,A,7,987,A,7,200,A,7,2.1,A,7,16100,B,7,77777,A,7,1.6,E,8,0.000,?,0,0.00,?,0,0,1,D,9,00,C,8
09/01/1987,07:00,103,1263,13,1,13,11,1,9,12,1,13,14,1,13,7,1,9,14,1,13,32,1,21,8,A,7,8,A,7,10.0,A,7,8.3,A,7,90,A,7,988,A,7,230,A,7,2.6,A,7,24100,B,7,7620,A,7,1.8,E,8,0.000,F,8,0.00,?,0,0,1,D,9,00,C,8
09/01/1987,08:00,351,1342,172,1,13,368,1,13,75,1,13,181,1,13,310,1,13,100,1,13,137,1,23,7,A,7,3,A,7,12.2,A,7,8.9,A,7,80,A,7,988,A,7,200,A,7,3.1,A,7,16100,B,7,77777,A,7,1.8,E,8,0.000,F,8,0.00,?,0,0,1,D,9,00,C,8
09/01/1987,09:00,587,1342,344,1,13,474,1,13,135,1,13,364,1,13,464,1,13,161,1,13,269,1,23,4,A,7,3,A,7,15.6,A,7,10.0,A,7,70,A,7,988,A,7,230,A,7,4.6,A,7,16100,B,7,77777,A,7,1.9,E,8,0.000,F,8,0.00,?,0,0,1,D,9,00,C,8
09/01/1987,10:00,794,1342,529,1,13,676,1,13,128,1,13,561,1,13,681,1,13,156,1,13,304,1,23,3,A,7,3,A,7,17.8,A,7,11.1,A,7,65,A,7,988,A,7,280,A,7,6.7,A,7,16100,B,7,77777,A,7,2.1,E,8,0.000,F,8,0.00,?,0,0,1,D,9,00,C,8
09/01/1987,11:00,955,1342,556,1,13,502,1,13,197,1,13,607,1,13,523,1,13,234,1,13,557,1,23,4,A,7,4,A,7,18.9,A,7,10.0,A,7,57,A,7,988,A,7,270,A,7,8.2,A,7,16100,B,7,77777,A,7,2.0,E,8,0.000,F,8,0.00,?,0,0,1,D,9,00,C,8
09/01/1987,12:00,1060,1342,760,1,13,741,1,13,171,1,13,813,1,13,760,1,13,211,1,13,603,1,23,5,A,7,5,A,7,18.9,A,7,8.3,A,7,51,A,7,987,A,7,280,A,7,7.7,A,7,24100,B,7,77777,A,7,1.8,E,8,0.000,F,8,0.00,?,0,0,1,D,9,00,C,8
09/01/1987,13:00,1102,1342,788,1,13,738,1,13,177,1,13,843,1,13,758,1,13,219,1,13,689,1,23,4,A,7,4,A,7,18.9,A,7,7.8,A,7,49,A,7,987,A,7,290,A,7,9.3,A,7,24100,B,7,77777,A,7,1.7,E,8,0.000,F,8,0.00,?,0,0,1,D,9,00,C,8
09/01/1987,14:00,1078,1342,809,1,13,791,1,13,169,1,13,838,1,13,792,1,13,200,1,13,551,1,23,3,A,7,3,A,7,20.6,A,7,7.2,A,7,42,A,7,986,A,7,260,A,7,7.7,A,7,24100,B,7,77777,A,7,1.6,E,8,0.000,F,8,0.00,?,0,0,1,D,9,00,C,8
09/01/1987,15:00,990,1342,740,1,9,871,1,9,94,1,13,767,1,9,870,1,9,123,1,13,258,1,18,1,A,7,1,A,7,20.6,A,7,7.8,A,7,44,A,7,986,A,7,290,A,7,7.7,A,7,24100,B,7,77777,A,7,1.7,E,8,0.000,F,8,0.00,?,0,0,1,D,9,00,C,8
09/01/1987,16:00,843,1342,569,1,9,693,1,9,129,1,13,603,1,9,704,1,9,160,1,13,325,1,18,3,A,7,2,A,7,20.6,A,7,6.7,A,7,41,A,7,985,A,7,280,A,7,6.2,A,7,24100,B,7,77777,A,7,1.6,E,8,0.000,F,8,0.00,?,0,0,1,D,9,00,C,8
09/01/1987,17:00,647,1342,413,1,9,626,1,9,107,1,13,431,1,9,615,1,9,133,1,13,226,1,18,3,A,7,2,A,7,20.0,A,7,6.1,A,7,41,A,7,985,A,7,270,A,7,6.2,A,7,24100,B,7,77777,A,7,1.5,E,8,0.000,F,8,0.00,?,0,0,1,D,9,00,C,8
09/01/1987,18:00,417,1342,179,1,13,195,1,13,118,1,13,190,1,13,178,1,13,134,1,13,236,1,23,7,A,7,6,A,7,18.9,A,7,7.2,A,7,47,A,7,985,A,7,280,A,7,4.6,A,7,24100,B,7,3050,A,7,1.6,E,8,0.000,F,8,0.00,?,0,0,1,D,9,00,C,8
09/01/1987,19:00,168,1342,48,1,13,36,1,13,43,1,13,52,1,13,25,1,13,49,1,13,104,1,23,8,A,7,7,A,7,17.2,A,7,8.9,A,7,58,A,7,985,A,7,300,A,7,2.1,A,7,24100,B,7,3050,A,7,1.8,E,8,0.000,F,8,0.00,?,0,0,1,D,9,00,C,8
09/01/1987,20:00,4,280,3,1,13,1,1,9,3,1,13,0,1,13,0,1,9,0,1,13,0,1,21,8,A,7,8,A,7,15.6,A,7,10.6,A,7,72,A,7,985,A,7,310,A,7,2.1,A,7,24100,B,7,3050,A,7,2.0,E,8,0.000,F,8,0.00,?,0,0,1,D,9,00,C,8
09/01/1987,21:00,0,0,0,1,0,0,1,0,0,1,0,0,1,0,0,1,0,0,1,0,0,1,0,4,A,7,3,A,7,13.9,A,7,9.4,A,7,75,A,7,985,A,7,110,A,7,2.1,A,7,24100,B,7,77777,A,7,1.9,E,8,0.000,?,0,0.00,?,0,0,1,D,9,00,C,8
09/01/1987,22:00,0,0,0,1,0,0,1,0,0,1,0,0,1,0,0,1,0,0,1,0,0,1,0,10,A,7,10,A,7,13.9,A,7,10.0,A,7,78,A,7,984,A,7,40,A,7,3.6,A,7,24100,B,7,1520,A,7,1.9,E,8,0.000,?,0,0.00,?,0,0,1,D,9,00,C,8
09/01/1987,23:00,0,0,0,1,0,0,1,0,0,1,0,0,1,0,0,1,0,0,1,0,0,1,0,10,A,7,10,A,7,12.8,A,7,10.6,A,7,87,A,7,985,A,7,50,A,7,6.2,A,7,11300,B,7,1220,A,7,2.0,E,8,0.000,?,0,0.00,?,0,10,1,D,9,00,C,8
09/01/1987,24:00,0,0,0,1,0,0,1,0,0,1,0,0,1,0,0,1,0,0,1,0,0,1,0,10,A,7,10,A,7,11.7,A,7,11.1,A,7,96,A,7,985,A,7,70,A,7,4.6,A,7,9700,B,7,980,A,7,2.1,E,8,0.000,?,0,0.00,?,0,13,1,D,9,61,C,8
09/02/1987,01:00,0,0,0,1,0,0,1,0,0,1,0,0,1,0,0,1,0,0,1,0,0,1,0,10,A,7,10,A,7,12.2,A,7,10.6,A,7,90,A,7,984,A,7,110,A,7,2.6,A,7,11300,B,7,700,A,7,2.0,E,8,0.000,?,0,0.00,?,0,3,1,D,9,61,C,8
09/02/1987,02:00,0,0,0,1,0,0,1,0,0,1,0,0,1,0,0,1,0,0,1,0,0,1,0,10,A,7,10,A,7,12.2,A,7,10.6,A,7,90,A,7,984,A,7,360,A,7,3.1,A,7,11300,B,7,640,A,7,2.0,E,8,0.000,?,0,0.00,?,0,0,1,D,9,00,C,8
09/02/1987,03:00,0,0,0,1,0,0,1,0,0,1,0,0,1,0,0,1,0,0,1,0,0,1,0,10,A,7,10,A,7,12.2,A,7,11.1,A,7,93,A,7,984,A,7,40,A,7,3.1,A,7,11300,B,7,550,A,7,2.1,E,8,0.000,?,0,0.00,?,0,0,1,D,9,00,C,8
09/02/1987,04:00,0,0,0,1,0,0,1,0,0,1,0,0,1,0,0,1,0,0,1,0,0,1,0,10,A,7,10,A,7,12.2,A,7,11.1,A,7,93,A,7,984,A,7,10,A,7,2.6,A,7,11300,B,7,460,A,7,2.1,E,8,0.000,?,0,0.00,?,0,0,1,D,9,00,C,8
09/02/1987,05:00,0,0,0,1,0,0,1,0,0,1,0,0,1,0,0,1,0,0,1,0,0,1,0,10,A,7,10,A,7,11.7,A,7,10.6,A,7,93,A,7,984,A,7,100,A,7,2.1,A,7,11300,B,7,490,A,7,2.0,E,8,0.000,?,0,0.00,?,0,0,1,D,9,00,C,8
09/02/1987,06:00,0,0,0,1,0,0,1,0,0,1,0,0,1,0,0,1,0,0,1,0,0,1,0,9,A,7,9,A,7,11.1,A,7,10.0,A,7,93,A,7,985,A,7,10,A,7,2.6,A,7,11300,B,7,550,A,7,1.9,E,8,0.000,?,0,0.00,?,0,0,1,D,9,00,C,8
09/02/1987,07:00,99,1219,17,1,13,5,1,9,17,1,13,19,1,13,3,1,9,19,1,13,44,1,21,9,A,7,9,A,7,11.1,A,7,10.6,A,7,96,A,7,986,A,7,30,A,7,2.6,A,7,2000,B,7,90,A,7,2.0,E,8,0.000,F,8,0.00,?,0,0,1,D,9,00,C,8
09/02/1987,08:00,347,1342,104,1,9,24,1,9,98,1,13,114,1,9,21,1,9,109,1,13,252,1,18,10,A,7,9,A,7,11.7,A,7,11.1,A,7,96,A,7,987,A,7,20,A,7,4.6,A,7,8000,B,7,150,A,7,2.1,E,8,0.000,F,8,0.00,?,0,0,1,D,9,45,C,8
09/02/1987,09:00,584,1342,299,1,13,360,1,13,142,1,13,315,1,13,352,1,13,162,1,13,284,1,23,8,A,7,4,A,7,13.3,A,7,10.6,A,7,83,A,7,988,A,7,20,A,7,4.6,A,7,16100,B,7,77777,A,7,2.0,E,8,0.000,F,8,0.00,?,0,0,1,D,9,45,C,8
09/02/1987,10:00,790,1342,343,1,13,184,1,13,235,1,13,378,1,13,193,1,13,264,1,13,628,1,23,8,A,7,6,A,7,15.6,A,7,10.6,A,7,72,A,7,988,A,7,10,A,7,4.6,A,7,16100,B,7,7620,A,7,2.0,E,8,0.000,F,8,0.00,?,0,0,1,D,9,00,C,8
09/02/1987,11:00,951,1342,389,1,13,192,1,13,253,1,13,428,1,13,207,1,13,280,1,13,717,1,23,5,A,7,5,A,7,17.2,A,7,10.0,A,7,63,A,7,988,A,7,20,A,7,4.6,A,7,19300,B,7,77777,A,7,1.9,E,8,0.000,F,8,0.00,?,0,0,1,D,9,00,C,8
09/02/1987,12:00,1056,1342,710,1,13,646,1,13,199,1,13,751,1,13,658,1,13,232,1,13,685,1,23,5,A,7,5,A,7,18.3,A,7,10.0,A,7,59,A,7,988,A,7,30,A,7,5.2,A,7,24100,B,7,77777,A,7,2.0,E,8,0.000,F,8,0.00,?,0,0,1,D,9,00,C,8
09/02/1987,13:00,1098,1342,768,1,13,708,1,13,185,1,13,820,1,13,725,1,13,225,1,13,709,1,23,3,A,7,3,A,7,18.9,A,7,7.8,A,7,49,A,7,988,A,7,10,A,7,2.1,A,7,24100,B,7,77777,A,7,1.7,E,8,0.000,F,8,0.00,?,0,0,1,D,9,00,C,8
09/02/1987,14:00,1074,1342,764,1,9,748,1,9,161,1,13,794,1,9,751,1,9,192,1,13,526,1,18,2,A,7,2,A,7,18.9,A,7,7.8,A,7,49,A,7,988,A,7,360,A,7,6.2,A,7,24100,B,7,77777,A,7,1.7,E,8,0.000,F,8,0.00,?,0,0,1,D,9,00,C,8
09/02/1987,15:00,985,1342,693,1,13,666,1,13,201,1,13,726,1,13,673,1,13,230,1,13,596,1,23,3,A,7,3,A,7,19.4,A,7,7.8,A,7,47,A,7,988,A,7,360,A,7,5.7,A,7,24100,B,7,77777,A,7,1.7,E,8,0.000,F,8,0.00,?,0,0,1,D,9,00,C,8
09/02/1987,16:00,837,1342,577,1,13,652,1,13,167,1,13,601,1,13,654,1,13,192,1,13,403,1,23,3,A,7,3,A,7,19.4,A,7,7.2,A,7,45,A,7,989,A,7,360,A,7,4.1,A,7,24100,B,7,77777,A,7,1.6,E,8,0.000,F,8,0.00,?,0,0,1,D,9,00,C,8
09/02/1987,17:00,641,1342,420,1,13,613,1,13,124,1,13,434,1,13,597,1,13,148,1,13,254,1,23,3,A,7,3,A,7,19.4,A,7,8.3,A,7,49,A,7,989,A,7,320,A,7,4.1,A,7,24100,B,7,77777,A,7,1.8,E,8,0.000,F,8,0.00,?,0,0,1,D,9,00,C,8
09/02/1987,18:00,410,1342,239,1,13,500,1,13,83,1,13,242,1,13,441,1,13,107,1,13,152,1,23,3,A,7,3,A,7,17.8,A,7,8.3,A,7,54,A,7,989,A,7,320,A,7,2.6,A,7,24100,B,7,77777,A,7,1.8,E,8,0.000,F,8,0.00,?,0,0,1,D,9,00,C,8
09/02/1987,19:00,162,1342,61,1,13,170,1,13,39,1,13,62,1,13,97,1,13,50,1,13,70,1,23,3,A,7,3,A,7,15.6,A,7,10.6,A,7,72,A,7,989,A,7,30,A,7,4.1,A,7,24100,B,7,77777,A,7,2.0,E,8,0.000,F,8,0.00,?,0,0,1,D,9,00,C,8
09/02/1987,20:00,3,235,2,1,13,2,1,13,2,1,13,0,1,13,0,1,13,0,1,13,0,1,23,3,A,7,3,A,7,14.4,A,7,10.6,A,7,78,A,7,990,A,7,30,A,7,3.1,A,7,24100,B,7,77777,A,7,2.0,E,8,0.000,F,8,0.00,?,0,0,1,D,9,00,C,8
09/02/1987,21:00,0,0,0,1,0,0,1,0,0,1,0,0,1,0,0,1,0,0,1,0,0,1,0,3,A,7,3,A,7,12.2,A,7,10.0,A,7,86,A,7,991,A,7,50,A,7,2.1,A,7,24100,B,7,77777,A,7,1.9,E,8,0.000,?,0,0.00,?,0,0,1,D,9,00,C,8
09/02/1987,22:00,0,0,0,1,0,0,1,0,0,1,0,0,1,0,0,1,0,0,1,0,0,1,0,3,A,7,3,A,7,11.7,A,7,10.0,A,7,90,A,7,991,A,7,360,A,7,2.1,A,7,24100,B,7,77777,A,7,2.0,E,8,0.000,?,0,0.00,?,0,0,1,D,9,00,C,8
09/02/1987,23:00,0,0,0,1,0,0,1,0,0,1,0,0,1,0,0,1,0,0,1,0,0,1,0,3,A,7,3,A,7,10.0,A,7,8.9,A,7,93,A,7,991,A,7,0,A,7,0.0,A,7,24100,B,7,77777,A,7,1.8,E,8,0.000,?,0,0.00,?,0,0,1,D,9,00,C,8
09/02/1987,24:00,0,0,0,1,0,0,1,0,0,1,0,0,1,0,0,1,0,0,1,0,0,1,0,0,A,7,0,A,7,8.9,A,7,7.8,A,7,93,A,7,992,A,7,30,A,7,1.5,A,7,24100,B,7,77777,A,7,1.7,E,8,0.000,?,0,0.00,?,0,0,1,D,9,00,C,8
09/03/1987,01:00,0,0,0,1,0,0,1,0,0,1,0,0,1,0,0,1,0,0,1,0,0,1,0,0,A,7,0,A,7,8.3,A,7,7.2,A,7,93,A,7,992,A,7,40,A,7,1.5,A,7,24100,B,7,77777,A,7,1.6,E,8,0.000,?,0,0.00,?,0,0,1,D,9,00,C,8
09/03/1987,02:00,0,0,0,1,0,0,1,0,0,1,0,0,1,0,0,1,0,0,1,0,0,1,0,0,A,7,0,A,7,7.8,A,7,6.7,A,7,93,A,7,992,A,7,300,A,7,1.5,A,7,24100,B,7,77777,A,7,1.6,E,8,0.000,?,0,0.00,?,0,0,1,D,9,00,C,8
09/03/1987,03:00,0,0,0,1,0,0,1,0,0,1,0,0,1,0,0,1,0,0,1,0,0,1,0,0,A,7,0,A,7,7.2,A,7,6.1,A,7,93,A,7,992,A,7,30,A,7,1.5,A,7,24100,B,7,77777,A,7,1.5,E,8,0.000,?,0,0.00,?,0,0,1,D,9,00,C,8
09/03/1987,04:00,0,0,0,1,0,0,1,0,0,1,0,0,1,0,0,1,0,0,1,0,0,1,0,0,A,7,0,A,7,6.7,A,7,5.6,A,7,93,A,7,992,A,7,30,A,7,1.5,A,7,24100,B,7,77777,A,7,1.5,E,8,0.000,?,0,0.00,?,0,0,1,D,9,00,C,8
09/03/1987,05:00,0,0,0,1,0,0,1,0,0,1,0,0,1,0,0,1,0,0,1,0,0,1,0,0,A,7,0,A,7,6.1,A,7,5.6,A,7,96,A,7,993,A,7,30,A,7,1.5,A,7,24100,B,7,77777,A,7,1.5,E,8,0.000,?,0,0.00,?,0,0,1,D,9,00,C,8
09/03/1987,06:00,0,0,0,1,0,0,1,0,0,1,0,0,1,0,0,1,0,0,1,0,0,1,0,0,A,7,0,A,7,5.6,A,7,5.0,A,7,96,A,7,994,A,7,10,A,7,1.5,A,7,24100,B,7,77777,A,7,1.4,E,8,0.000,?,0,0.00,?,0,0,1,D,9,00,C,8
09/03/1987,07:00,95,1197,40,1,13,162,1,9,24,1,13,40,1,13,75,1,9,33,1,13,42,1,21,0,A,7,0,A,7,7.2,A,7,6.7,A,7,96,A,7,994,A,7,50,A,7,2.1,A,7,24100,B,7,77777,A,7,1.6,E,8,0.000,F,8,0.00,?,0,0,1,D,9,00,C,8
09/03/1987,08:00,343,1343,189,1,13,535,1,9,52,1,13,197,1,13,452,1,9,82,1,13,99,1,21,0,A,7,0,A,7,11.7,A,7,10.0,A,7,90,A,7,994,A,7,40,A,7,2.1,A,7,24100,B,7,77777,A,7,2.0,E,8,0.000,F,8,0.00,?,0,0,1,D,9,00,C,8
09/03/1987,09:00,580,1343,371,1,9,681,1,9,76,1,13,386,1,9,654,1,9,103,1,13,156,1,18,1,A,7,1,A,7,14.4,A,7,10.6,A,7,78,A,7,995,A,7,90,A,7,3.1,A,7,24100,B,7,77777,A,7,2.0,E,8,0.000,F,8,0.00,?,0,0,1,D,9,00,C,8
09/03/1987,10:00,786,1343,537,1,9,744,1,9,99,1,13,564,1,9,741,1,9,129,1,13,229,1,18,1,A,7,1,A,7,17.2,A,7,10.6,A,7,65,A,7,995,A,7,90,A,7,3.6,A,7,24100,B,7,77777,A,7,2.0,E,8,0.000,F,8,0.00,?,0,0,1,D,9,00,C,8
09/03/1987,11:00,947,1343,626,1,13,606,1,13,197,1,13,655,1,13,611,1,13,223,1,13,547,1,23,4,A,7,4,A,7,18.3,A,7,9.4,A,7,56,A,7,995,A,7,100,A,7,4.1,A,7,24100,B,7,77777,A,7,1.9,E,8,0.000,F,8,0.00,?,0,0,1,D,9,00,C,8
09/03/1987,12:00,1052,1343,744,1,13,748,1,13,155,1,13,776,1,13,751,1,13,186,1,13,485,1,23,4,A,7,4,A,7,19.4,A,7,9.4,A,7,53,A,7,994,A,7,100,A,7,3.6,A,7,24100,B,7,77777,A,7,1.9,E,8,0.000,F,8,0.00,?,0,0,1,D,9,00,C,8
09/03/1987,13:00,1094,1343,793,1,13,711,1,13,210,1,13,838,1,13,724,1,13,247,1,13,786,1,23,4,A,7,4,A,7,20.6,A,7,8.9,A,7,47,A,7,994,A,7,160,A,7,3.6,A,7,24100,B,7,77777,A,7,1.8,E,8,0.000,F,8,0.00,?,0,0,1,D,9,00,C,8
09/03/1987,14:00,1069,1343,762,1,13,688,1,13,211,1,13,803,1,13,699,1,13,245,1,13,742,1,23,4,A,7,4,A,7,21.1,A,7,8.3,A,7,44,A,7,994,A,7,170,A,7,3.1,A,7,24100,B,7,77777,A,7,1.8,E,8,0.000,F,8,0.00,?,0,0,1,D,9,00,C,8
09/03/1987,15:00,980,1343,696,1,13,738,1,13,154,1,13,742,1,13,755,1,13,190,1,13,466,1,23,3,A,7,3,A,7,20.6,A,7,8.3,A,7,46,A,7,993,A,7,180,A,7,4.1,A,7,24100,B,7,77777,A,7,1.8,E,8,0.000,F,8,0.00,?,0,0,1,D,9,00,C,8
09/03/1987,16:00,831,1343,551,1,13,616,1,13,166,1,13,573,1,13,617,1,13,190,1,13,398,1,23,3,A,7,3,A,7,21.7,A,7,8.3,A,7,43,A,7,993,A,7,0,A,7,0.0,A,7,24100,B,7,77777,A,7,1.8,E,8,0.000,F,8,0.00,?,0,0,1,D,9,00,C,8
09/03/1987,17:00,635,1343,409,1,13,662,1,13,92,1,13,430,1,13,652,1,13,121,1,13,196,1,23,3,A,7,3,A,7,21.1,A,7,8.9,A,7,46,A,7,993,A,7,100,A,7,3.1,A,7,24100,B,7,77777,A,7,1.8,E,8,0.000,F,8,0.00,?,0,0,1,D,9,00,C,8
09/03/1987,18:00,404,1343,235,1,9,543,1,9,68,1,13,241,1,9,481,1,9,96,1,13,129,1,18,2,A,7,2,A,7,20.6,A,7,10.0,A,7,51,A,7,993,A,7,120,A,7,3.1,A,7,24100,B,7,77777,A,7,2.0,E,8,0.000,F,8,0.00,?,0,0,1,D,9,00,C,8
09/03/1987,19:00,155,1343,67,1,13,285,1,9,33,1,13,67,1,13,169,1,9,47,1,13,58,1,21,0,A,7,0,A,7,18.3,A,7,9.4,A,7,56,A,7,993,A,7,70,A,7,3.1,A,7,24100,B,7,77777,A,7,1.9,E,8,0.000,F,8,0.00,?,0,0,1,D,9,00,C,8
09/03/1987,20:00,2,190,3,1,13,5,1,9,2,1,13,0,1,13,0,1,9,0,1,13,0,1,21,0,A,7,0,A,7,15.0,A,7,10.6,A,7,75,A,7,993,A,7,80,A,7,3.6,A,7,16100,B,7,77777,A,7,2.0,E,8,0.000,F,8,0.00,?,0,0,1,D,9,00,C,8
09/03/1987,21:00,0,0,0,1,0,0,1,0,0,1,0,0,1,0,0,1,0,0,1,0,0,1,0,0,A,7,0,A,7,12.8,A,7,9.4,A,7,80,A,7,993,A,7,130,A,7,3.6,A,7,16100,B,7,77777,A,7,1.9,E,8,0.000,?,0,0.00,?,0,0,1,D,9,00,C,8
09/03/1987,22:00,0,0,0,1,0,0,1,0,0,1,0,0,1,0,0,1,0,0,1,0,0,1,0,0,A,7,0,A,7,14.4,A,7,10.0,A,7,75,A,7,993,A,7,130,A,7,4.1,A,7,16100,B,7,77777,A,7,1.9,E,8,0.000,?,0,0.00,?,0,0,1,D,9,00,C,8
09/03/1987,23:00,0,0,0,1,0,0,1,0,0,1,0,0,1,0,0,1,0,0,1,0,0,1,0,0,A,7,0,A,7,13.3,A,7,10.0,A,7,80,A,7,994,A,7,140,A,7,4.1,A,7,16100,B,7,77777,A,7,1.9,E,8,0.000,?,0,0.00,?,0,0,1,D,9,00,C,8
09/03/1987,24:00,0,0,0,1,0,0,1,0,0,1,0,0,1,0,0,1,0,0,1,0,0,1,0,0,A,7,0,A,7,12.8,A,7,9.4,A,7,80,A,7,994,A,7,130,A,7,3.6,A,7,16100,B,7,77777,A,7,1.9,E,8,0.000,?,0,0.00,?,0,0,1,D,9,00,C,8
09/04/1987,01:00,0,0,0,1,0,0,1,0,0,1,0,0,1,0,0,1,0,0,1,0,0,1,0,0,A,7,0,A,7,12.2,A,7,8.9,A,7,80,A,7,994,A,7,130,A,7,3.6,A,7,16100,B,7,77777,A,7,1.8,E,8,0.000,?,0,0.00,?,0,0,1,D,9,00,C,8
09/04/1987,02:00,0,0,0,1,0,0,1,0,0,1,0,0,1,0,0,1,0,0,1,0,0,1,0,0,A,7,0,A,7,10.6,A,7,8.3,A,7,86,A,7,994,A,7,130,A,7,2.6,A,7,16100,B,7,77777,A,7,1.8,E,8,0.000,?,0,0.00,?,0,0,1,D,9,00,C,8
09/04/1987,03:00,0,0,0,1,0,0,1,0,0,1,0,0,1,0,0,1,0,0,1,0,0,1,0,0,A,7,0,A,7,8.9,A,7,7.2,A,7,89,A,7,994,A,7,90,A,7,2.1,A,7,16100,B,7,77777,A,7,1.6,E,8,0.000,?,0,0.00,?,0,0,1,D,9,00,C,8
09/04/1987,04:00,0,0,0,1,0,0,1,0,0,1,0,0,1,0,0,1,0,0,1,0,0,1,0,0,A,7,0,A,7,8.3,A,7,6.7,A,7,89,A,7,994,A,7,70,A,7,1.5,A,7,16100,B,7,77777,A,7,1.6,E,8,0.000,?,0,0.00,?,0,0,1,D,9,00,C,8
09/04/1987,05:00,0,0,0,1,0,0,1,0,0,1,0,0,1,0,0,1,0,0,1,0,0,1,0,0,A,7,0,A,7,8.9,A,7,7.2,A,7,89,A,7,994,A,7,40,A,7,1.5,A,7,16100,B,7,77777,A,7,1.6,E,8,0.000,?,0,0.00,?,0,0,1,D,9,00,C,8
09/04/1987,06:00,0,0,0,1,0,0,1,0,0,1,0,0,1,0,0,1,0,0,1,0,0,1,0,0,A,7,0,A,7,7.8,A,7,6.7,A,7,93,A,7,994,A,7,80,A,7,2.1,A,7,24100,B,7,77777,A,7,1.6,E,8,0.000,?,0,0.00,?,0,0,1,D,9,00,C,8
09/04/1987,07:00,92,1176,43,1,13,205,1,9,23,1,13,41,1,13,104,1,9,32,1,13,41,1,21,3,A,7,0,A,7,9.4,A,7,7.8,A,7,90,A,7,994,A,7,70,A,7,2.1,A,7,16100,B,7,77777,A,7,1.7,E,8,0.000,F,8,0.00,?,0,0,1,D,9,00,C,8
09/04/1987,08:00,338,1344,194,1,13,574,1,9,48,1,13,198,1,13,488,1,9,74,1,13,93,1,21,3,A,7,0,A,7,13.9,A,7,10.0,A,7,78,A,7,994,A,7,120,A,7,3.6,A,7,16100,B,7,77777,A,7,2.0,E,8,0.000,F,8,0.00,?,0,0,1,D,9,00,C,8
09/04/1987,09:00,576,1344,385,1,9,731,1,9,70,1,13,403,1,9,704,1,9,101,1,13,148,1,18,3,A,7,0,A,7,16.1,A,7,11.7,A,7,75,A,7,994,A,7,140,A,7,4.1,A,7,16100,B,7,77777,A,7,2.1,E,8,0.000,F,8,0.00,?,0,0,1,D,9,00,C,8
09/04/1987,10:00,782,1344,568,1,9,818,1,9,89,1,13,603,1,9,818,1,9,126,1,13,212,1,18,3,A,7,0,A,7,18.3,A,7,11.7,A,7,65,A,7,994,A,7,150,A,7,5.2,A,7,16100,B,7,77777,A,7,2.1,E,8,0.000,F,8,0.00,?,0,0,1,D,9,00,C,8
09/04/1987,11:00,944,1344,710,1,9,861,1,9,102,1,13,734,1,9,858,1,9,130,1,13,245,1,18,3,A,7,0,A,7,20.0,A,7,10.6,A,7,55,A,7,994,A,7,160,A,7,5.2,A,7,16100,B,7,77777,A,7,2.0,E,8,0.000,F,8,0.00,?,0,0,1,D,9,00,C,8
09/04/1987,12:00,1048,1344,806,1,9,876,1,9,118,1,13,828,1,9,875,1,9,143,1,13,317,1,18,4,A,7,0,A,7,21.7,A,7,10.6,A,7,49,A,7,994,A,7,130,A,7,4.6,A,7,24100,B,7,77777,A,7,2.0,E,8,0.000,F,8,0.00,?,0,0,1,D,9,00,C,8
09/04/1987,13:00,1089,1344,845,1,9,887,1,9,122,1,13,868,1,9,887,1,9,147,1,13,357,1,18,4,A,7,0,A,7,22.8,A,7,10.6,A,7,46,A,7,993,A,7,120,A,7,4.6,A,7,24100,B,7,77777,A,7,2.0,E,8,0.000,F,8,0.00,?,0,0,1,D,9,00,C,8
09/04/1987,14:00,1064,1344,819,1,9,888,1,9,112,1,13,844,1,9,888,1,9,139,1,13,323,1,18,3,A,7,0,A,7,23.9,A,7,11.7,A,7,46,A,7,993,A,7,150,A,7,4.6,A,7,24100,B,7,77777,A,7,2.1,E,8,0.000,F,8,0.00,?,0,0,1,D,9,00,C,8
09/04/1987,15:00,974,1344,741,1,9,871,1,9,105,1,13,764,1,9,869,1,9,132,1,13,261,1,18,3,A,7,0,A,7,23.9,A,7,10.6,A,7,43,A,7,992,A,7,130,A,7,3.6,A,7,24100,B,7,77777,A,7,2.0,E,8,0.000,F,8,0.00,?,0,0,1,D,9,00,C,8
09/04/1987,16:00,826,1344,614,1,9,864,1,9,78,1,13,637,1,9,856,1,9,110,1,13,189,1,18,0,A,7,0,A,7,24.4,A,7,9.4,A,7,39,A,7,991,A,7,160,A,7,4.1,A,7,24100,B,7,77777,A,7,1.9,E,8,0.000,F,8,0.00,?,0,0,1,D,9,00,C,8
09/04/1987,17:00,629,1344,441,1,9,796,1,9,64,1,13,458,1,9,770,1,9,97,1,13,144,1,18,0,A,7,0,A,7,23.9,A,7,9.4,A,7,40,A,7,991,A,7,140,A,7,4.6,A,7,24100,B,7,77777,A,7,1.9,E,8,0.000,F,8,0.00,?,0,0,1,D,9,00,C,8
09/04/1987,18:00,397,1344,247,1,9,665,1,9,46,1,13,255,1,9,596,1,9,79,1,13,97,1,18,0,A,7,0,A,7,23.3,A,7,11.1,A,7,46,A,7,991,A,7,150,A,7,4.1,A,7,24100,B,7,77777,A,7,2.1,E,8,0.000,F,8,0.00,?,0,0,1,D,9,00,C,8
09/04/1987,19:00,148,1344,69,1,13,364,1,9,27,1,13,69,1,13,214,1,9,45,1,13,49,1,21,0,A,7,0,A,7,21.1,A,7,11.1,A,7,53,A,7,991,A,7,130,A,7,4.1,A,7,24100,B,7,77777,A,7,2.1,E,8,0.000,F,8,0.00,?,0,0,1,D,9,00,C,8
09/04/1987,20:00,1,146,3,1,13,11,1,9,2,1,13,0,1,13,0,1,9,0,1,13,0,1,21,0,A,7,0,A,7,19.4,A,7,11.7,A,7,61,A,7,991,A,7,150,A,7,4.1,A,7,24100,B,7,77777,A,7,2.1,E,8,0.000,F,8,0.00,?,0,0,1,D,9,00,C,8
09/04/1987,21:00,0,0,0,1,0,0,1,0,0,1,0,0,1,0,0,1,0,0,1,0,0,1,0,0,A,7,0,A,7,18.9,A,7,10.6,A,7,59,A,7,992,A,7,150,A,7,5.2,A,7,24100,B,7,77777,A,7,2.0,E,8,0.000,?,0,0.00,?,0,0,1,D,9,00,C,8
09/04/1987,22:00,0,0,0,1,0,0,1,0,0,1,0,0,1,0,0,1,0,0,1,0,0,1,0,0,A,7,0,A,7,16.7,A,7,10.0,A,7,65,A,7,991,A,7,150,A,7,5.2,A,7,24100,B,7,77777,A,7,1.9,E,8,0.000,?,0,0.00,?,0,0,1,D,9,00,C,8
09/04/1987,23:00,0,0,0,1,0,0,1,0,0,1,0,0,1,0,0,1,0,0,1,0,0,1,0,0,A,7,0,A,7,15.6,A,7,10.0,A,7,70,A,7,991,A,7,140,A,7,3.6,A,7,24100,B,7,77777,A,7,2.0,E,8,0.000,?,0,0.00,?,0,0,1,D,9,00,C,8
09/04/1987,24:00,0,0,0,1,0,0,1,0,0,1,0,0,1,0,0,1,0,0,1,0,0,1,0,0,A,7,0,A,7,13.9,A,7,9.4,A,7,75,A,7,991,A,7,120,A,7,3.1,A,7,24100,B,7,77777,A,7,1.9,E,8,0.000,?,0,0.00,?,0,0,1,D,9,00,C,8
09/05/1987,01:00,0,0,0,1,0,0,1,0,0,1,0,0,1,0,0,1,0,0,1,0,0,1,0,0,A,7,0,A,7,14.4,A,7,9.4,A,7,72,A,7,991,A,7,130,A,7,4.1,A,7,24100,B,7,77777,A,7,1.9,E,8,0.000,?,0,0.00,?,0,0,1,D,9,00,C,8
09/05/1987,02:00,0,0,0,1,0,0,1,0,0,1,0,0,1,0,0,1,0,0,1,0,0,1,0,0,A,7,0,A,7,13.9,A,7,11.7,A,7,87,A,7,990,A,7,150,A,7,3.6,A,7,24100,B,7,77777,A,7,2.2,E,8,0.000,?,0,0.00,?,0,0,1,D,9,00,C,8
09/05/1987,03:00,0,0,0,1,0,0,1,0,0,1,0,0,1,0,0,1,0,0,1,0,0,1,0,0,A,7,0,A,7,13.3,A,7,11.7,A,7,90,A,7,990,A,7,120,A,7,3.1,A,7,9700,B,7,77777,A,7,2.1,E,8,0.000,?,0,0.00,?,0,0,1,D,9,00,C,8
09/05/1987,04:00,0,0,0,1,0,0,1,0,0,1,0,0,1,0,0,1,0,0,1,0,0,1,0,0,A,7,0,A,7,13.3,A,7,12.2,A,7,93,A,7,990,A,7,130,A,7,3.1,A,7,8000,B,7,77777,A,7,2.2,E,8,0.000,?,0,0.00,?,0,0,1,D,9,45,C,8
09/05/1987,05:00,0,0,0,1,0,0,1,0,0,1,0,0,1,0,0,1,0,0,1,0,0,1,0,0,A,7,0,A,7,12.8,A,7,11.7,A,7,93,A,7,990,A,7,130,A,7,2.6,A,7,8000,B,7,77777,A,7,2.1,E,8,0.000,?,0,0.00,?,0,0,1,D,9,45,C,8
09/05/1987,06:00,0,0,0,1,0,0,1,0,0,1,0,0,1,0,0,1,0,0,1,0,0,1,0,2,A,7,0,A,7,12.8,A,7,11.7,A,7,93,A,7,990,A,7,130,A,7,2.6,A,7,6400,B,7,77777,A,7,2.1,E,8,0.000,?,0,0.00,?,0,0,1,D,9,45,C,8
09/05/1987,07:00,88,1154,32,1,13,40,1,9,28,1,13,34,1,13,20,1,9,33,1,13,58,1,21,4,A,7,2,A,7,13.9,A,7,12.8,A,7,93,A,7,990,A,7,130,A,7,3.1,A,7,6400,B,7,77777,A,7,2.3,E,8,0.000,F,8,0.00,?,0,0,1,D,9,45,C,8
09/05/1987,08:00,334,1344,170,1,13,434,1,9,62,1,13,175,1,13,360,1,9,85,1,13,114,1,21,4,A,7,1,A,7,16.7,A,7,14.4,A,7,87,A,7,991,A,7,120,A,7,3.6,A,7,8000,B,7,77777,A,7,2.5,E,8,0.000,F,8,0.00,?,0,0,1,D,9,45,C,8
09/05/1987,09:00,572,1344,370,1,9,658,1,9,88,1,13,388,1,9,635,1,9,117,1,13,180,1,18,3,A,7,0,A,7,19.4,A,7,15.6,A,7,78,A,7,991,A,7,130,A,7,2.6,A,7,8000,B,7,77777,A,7,2.7,E,8,0.000,F,8,0.00,?,0,0,1,D,9,45,C,8
09/05/1987,10:00,778,1344,504,1,9,640,1,9,131,1,13,531,1,9,643,1,9,157,1,13,305,1,18,3,A,7,1,A,7,22.8,A,7,16.1,A,7,66,A,7,990,A,7,90,A,7,2.6,A,7,9700,B,7,77777,A,7,2.8,E,8,0.000,F,8,0.00,?,0,0,1,D,9,05,C,8
09/05/1987,11:00,940,1344,631,1,9,716,1,9,127,1,13,661,1,9,719,1,9,157,1,13,336,1,18,3,A,7,1,A,7,25.0,A,7,16.1,A,7,58,A,7,990,A,7,160,A,7,2.1,A,7,9700,B,7,77777,A,7,2.8,E,8,0.000,F,8,0.00,?,0,0,1,D,9,05,C,8
09/05/1987,12:00,1044,1344,777,1,9,817,1,9,138,1,13,818,1,9,824,1,9,177,1,13,438,1,18,3,A,7,0,A,7,27.2,A,7,13.3,A,7,42,A,7,990,A,7,140,A,7,2.6,A,7,9700,B,7,77777,A,7,2.3,E,8,0.000,F,8,0.00,?,0,0,1,D,9,05,C,8
09/05/1987,13:00,1085,1344,683,1,9,643,1,9,161,1,13,735,1,9,662,1,9,200,1,13,601,1,18,3,A,7,1,A,7,27.8,A,7,12.2,A,7,38,A,7,989,A,7,160,A,7,2.1,A,7,11300,B,7,77777,A,7,2.2,E,8,0.000,F,8,0.00,?,0,0,1,D,9,05,C,8
09/05/1987,14:00,1059,1344,757,1,9,732,1,9,176,1,13,807,1,9,749,1,9,215,1,13,615,1,18,3,A,7,1,A,7,28.9,A,7,13.9,A,7,40,A,7,989,A,7,150,A,7,4.6,A,7,11300,B,7,77777,A,7,2.5,E,8,0.000,F,8,0.00,?,0,0,1,D,9,00,C,8
09/05/1987,15:00,969,1344,674,1,9,763,1,9,120,1,13,713,1,9,770,1,9,156,1,13,340,1,18,3,A,7,1,A,7,28.3,A,7,13.9,A,7,41,A,7,988,A,7,160,A,7,3.1,A,7,11300,B,7,77777,A,7,2.4,E,8,0.000,F,8,0.00,?,0,0,1,D,9,00,C,8
09/05/1987,16:00,820,1344,588,1,9,790,1,9,101,1,13,617,1,9,790,1,9,134,1,13,242,1,18,0,A,7,0,A,7,27.8,A,7,14.4,A,7,44,A,7,988,A,7,200,A,7,4.1,A,7,11300,B,7,77777,A,7,2.5,E,8,0.000,F,8,0.00,?,0,0,1,D,9,00,C,8
09/05/1987,17:00,622,1344,418,1,9,715,1,9,83,1,13,432,1,9,693,1,9,110,1,13,171,1,18,0,A,7,0,A,7,26.7,A,7,16.7,A,7,54,A,7,987,A,7,170,A,7,4.1,A,7,11300,B,7,77777,A,7,2.9,E,8,0.000,F,8,0.00,?,0,0,1,D,9,00,C,8
09/05/1987,18:00,390,1344,227,1,9,565,1,9,59,1,13,234,1,9,498,1,9,89,1,13,113,1,18,0,A,7,0,A,7,26.1,A,7,17.2,A,7,58,A,7,987,A,7,160,A,7,4.6,A,7,8000,B,7,77777,A,7,3.0,E,8,0.000,F,8,0.00,?,0,0,1,D,9,00,C,8
09/05/1987,19:00,141,1344,58,1,13,240,1,9,31,1,13,57,1,13,136,1,9,43,1,13,54,1,21,0,A,7,0,A,7,23.9,A,7,17.2,A,7,66,A,7,987,A,7,130,A,7,3.1,A,7,8000,B,7,77777,A,7,3.0,E,8,0.000,F,8,0.00,?,0,0,1,D,9,05,C,8
09/05/1987,20:00,1,123,2,1,13,2,1,9,1,1,13,0,1,13,0,1,9,0,1,13,0,1,21,0,A,7,0,A,7,22.2,A,7,16.7,A,7,71,A,7,987,A,7,130,A,7,4.6,A,7,6400,B,7,77777,A,7,2.9,E,8,0.000,F,8,0.00,?,0,0,1,D,9,05,C,8
09/05/1987,21:00,0,0,0,1,0,0,1,0,0,1,0,0,1,0,0,1,0,0,1,0,0,1,0,0,A,7,0,A,7,22.2,A,7,17.2,A,7,73,A,7,987,A,7,130,A,7,4.6,A,7,6400,B,7,77777,A,7,3.0,E,8,0.000,?,0,0.00,?,0,0,1,D,9,05,C,8
09/05/1987,22:00,0,0,0,1,0,0,1,0,0,1,0,0,1,0,0,1,0,0,1,0,0,1,0,0,A,7,0,A,7,21.1,A,7,16.7,A,7,76,A,7,987,A,7,150,A,7,5.2,A,7,6400,B,7,77777,A,7,2.9,E,8,0.000,?,0,0.00,?,0,0,1,D,9,05,C,8
09/05/1987,23:00,0,0,0,1,0,0,1,0,0,1,0,0,1,0,0,1,0,0,1,0,0,1,0,0,A,7,0,A,7,20.0,A,7,16.1,A,7,78,A,7,987,A,7,130,A,7,5.7,A,7,6400,B,7,77777,A,7,2.8,E,8,0.000,?,0,0.00,?,0,0,1,D,9,05,C,8
09/05/1987,24:00,0,0,0,1,0,0,1,0,0,1,0,0,1,0,0,1,0,0,1,0,0,1,0,0,A,7,0,A,7,19.4,A,7,15.0,A,7,76,A,7,987,A,7,150,A,7,5.2,A,7,8000,B,7,77777,A,7,2.6,E,8,0.000,?,0,0.00,?,0,0,1,D,9,05,C,8
09/06/1987,01:00,0,0,0,1,0,0,1,0,0,1,0,0,1,0,0,1,0,0,1,0,0,1,0,0,A,7,0,A,7,18.9,A,7,14.4,A,7,76,A,7,987,A,7,160,A,7,4.1,A,7,9700,B,7,77777,A,7,2.5,E,8,0.000,?,0,0.00,?,0,0,1,D,9,05,C,8
09/06/1987,02:00,0,0,0,1,0,0,1,0,0,1,0,0,1,0,0,1,0,0,1,0,0,1,0,0,A,7,0,A,7,18.3,A,7,13.9,A,7,76,A,7,986,A,7,170,A,7,4.6,A,7,8000,B,7,77777,A,7,2.5,E,8,0.000,?,0,0.00,?,0,0,1,D,9,05,C,8
09/06/1987,03:00,0,0,0,1,0,0,1,0,0,1,0,0,1,0,0,1,0,0,1,0,0,1,0,0,A,7,0,A,7,17.2,A,7,13.3,A,7,78,A,7,986,A,7,170,A,7,4.6,A,7,6400,B,7,77777,A,7,2.4,E,8,0.000,?,0,0.00,?,0,0,1,D,9,05,C,8
09/06/1987,04:00,0,0,0,1,0,0,1,0,0,1,0,0,1,0,0,1,0,0,1,0,0,1,0,0,A,7,0,A,7,17.2,A,7,13.3,A,7,78,A,7,986,A,7,170,A,7,4.1,A,7,8000,B,7,77777,A,7,2.4,E,8,0.000,?,0,0.00,?,0,0,1,D,9,05,C,8
09/06/1987,05:00,0,0,0,1,0,0,1,0,0,1,0,0,1,0,0,1,0,0,1,0,0,1,0,0,A,7,0,A,7,17.2,A,7,13.9,A,7,81,A,7,986,A,7,170,A,7,4.6,A,7,6400,B,7,77777,A,7,2.4,E,8,0.000,?,0,0.00,?,0,0,1,D,9,05,C,8
09/06/1987,06:00,0,0,0,1,0,0,1,0,0,1,0,0,1,0,0,1,0,0,1,0,0,1,0,5,A,7,2,A,7,16.1,A,7,13.9,A,7,87,A,7,986,A,7,150,A,7,4.6,A,7,6400,B,7,77777,A,7,2.4,E,8,0.000,?,0,0.00,?,0,0,1,D,9,05,C,8
09/06/1987,07:00,85,1132,33,1,13,66,1,9,27,1,13,34,1,13,27,1,9,32,1,13,49,1,21,6,A,7,2,A,7,16.1,A,7,13.9,A,7,87,A,7,986,A,7,170,A,7,2.6,A,7,6400,B,7,77777,A,7,2.4,E,8,0.000,F,8,0.00,?,0,0,1,D,9,45,C,8
09/06/1987,08:00,330,1345,164,1,13,318,1,9,86,1,13,170,1,13,260,1,9,106,1,13,160,1,21,6,A,7,2,A,7,17.8,A,7,15.0,A,7,84,A,7,986,A,7,170,A,7,5.2,A,7,8000,B,7,77777,A,7,2.6,E,8,0.000,F,8,0.00,?,0,0,1,D,9,45,C,8
09/06/1987,09:00,568,1345,346,1,9,548,1,9,113,1,13,357,1,9,522,1,9,136,1,13,221,1,18,6,A,7,1,A,7,20.0,A,7,15.6,A,7,76,A,7,986,A,7,190,A,7,4.6,A,7,9700,B,7,77777,A,7,2.7,E,8,0.000,F,8,0.00,?,0,0,1,D,9,45,C,8
09/06/1987,10:00,775,1345,519,1,9,686,1,9,121,1,13,549,1,9,691,1,9,150,1,13,283,1,18,6,A,7,2,A,7,22.2,A,7,16.1,A,7,69,A,7,986,A,7,170,A,7,4.6,A,7,9700,B,7,77777,A,7,2.8,E,8,0.000,F,8,0.00,?,0,0,1,D,9,05,C,8
09/06/1987,11:00,936,1345,664,1,9,701,1,9,174,1,13,699,1,9,710,1,9,204,1,13,481,1,18,6,A,7,2,A,7,23.9,A,7,17.2,A,7,66,A,7,986,A,7,180,A,7,5.2,A,7,9700,B,7,77777,A,7,3.0,E,8,0.000,F,8,0.00,?,0,0,1,D,9,05,C,8
09/06/1987,12:00,1040,1345,711,1,9,639,1,9,214,1,13,746,1,9,647,1,9,245,1,13,701,1,18,6,A,7,2,A,7,25.6,A,7,17.8,A,7,62,A,7,985,A,7,190,A,7,4.6,A,7,9700,B,7,77777,A,7,3.1,E,8,0.000,F,8,0.00,?,0,0,1,D,9,05,C,8
09/06/1987,13:00,1080,1345,806,1,9,832,1,9,134,1,13,857,1,9,842,1,9,178,1,13,466,1,18,0,A,7,0,A,7,26.7,A,7,17.2,A,7,56,A,7,985,A,7,190,A,7,4.1,A,7,9700,B,7,77777,A,7,3.0,E,8,0.000,F,8,0.00,?,0,0,1,D,9,05,C,8
09/06/1987,14:00,1054,1345,789,1,9,832,1,9,132,1,13,836,1,9,842,1,9,174,1,13,433,1,18,0,A,7,0,A,7,27.8,A,7,17.8,A,7,55,A,7,984,A,7,170,A,7,3.6,A,7,9700,B,7,77777,A,7,3.1,E,8,0.000,F,8,0.00,?,0,0,1,D,9,05,C,8
09/06/1987,15:00,963,1345,705,1,9,805,1,9,124,1,13,742,1,9,811,1,9,160,1,13,344,1,18,0,A,7,0,A,7,27.8,A,7,17.2,A,7,53,A,7,984,A,7,160,A,7,5.7,A,7,9700,B,7,77777,A,7,3.0,E,8,0.000,F,8,0.00,?,0,0,1,D,9,05,C,8
09/06/1987,16:00,814,1345,560,1,9,747,1,9,104,1,13,586,1,9,746,1,9,134,1,13,244,1,18,1,A,7,1,A,7,28.3,A,7,16.7,A,7,49,A,7,984,A,7,200,A,7,5.7,A,7,9700,B,7,77777,A,7,2.8,E,8,0.000,F,8,0.00,?,0,0,1,D,9,05,C,8
09/06/1987,17:00,616,1345,396,1,9,661,1,9,90,1,13,417,1,9,648,1,9,119,1,13,189,1,18,0,A,7,0,A,7,27.2,A,7,16.1,A,7,51,A,7,983,A,7,200,A,7,5.7,A,7,11300,B,7,77777,A,7,2.8,E,8,0.000,F,8,0.00,?,0,0,1,D,9,05,C,8
09/06/1987,18:00,383,1345,205,1,13,394,1,13,91,1,13,213,1,13,342,1,13,116,1,13,169,1,23,3,A,7,3,A,7,25.6,A,7,17.2,A,7,60,A,7,983,A,7,170,A,7,5.2,A,7,11300,B,7,77777,A,7,3.0,E,8,0.000,F,8,0.00,?,0,0,1,D,9,00,C,8
09/06/1987,19:00,134,1345,43,1,13,80,1,13,35,1,13,45,1,13,38,1,13,41,1,13,64,1,23,3,A,7,3,A,7,24.4,A,7,17.8,A,7,67,A,7,983,A,7,160,A,7,4.6,A,7,11300,B,7,77777,A,7,3.1,E,8,0.000,F,8,0.00,?,0,0,1,D,9,00,C,8
09/06/1987,20:00,0,78,1,1,13,0,1,13,0,1,13,0,1,13,0,1,13,0,1,13,0,1,23,3,A,7,3,A,7,23.3,A,7,17.8,A,7,71,A,7,983,A,7,160,A,7,4.6,A,7,11300,B,7,77777,A,7,3.1,E,8,0.000,F,8,0.00,?,0,0,1,D,9,00,C,8
09/06/1987,21:00,0,0,0,1,0,0,1,0,0,1,0,0,1,0,0,1,0,0,1,0,0,1,0,0,A,7,0,A,7,22.2,A,7,17.2,A,7,73,A,7,984,A,7,150,A,7,5.7,A,7,11300,B,7,77777,A,7,2.9,E,8,0.000,?,0,0.00,?,0,0,1,D,9,00,C,8
09/06/1987,22:00,0,0,0,1,0,0,1,0,0,1,0,0,1,0,0,1,0,0,1,0,0,1,0,0,A,7,0,A,7,21.7,A,7,16.7,A,7,73,A,7,984,A,7,160,A,7,5.2,A,7,11300,B,7,77777,A,7,2.9,E,8,0.000,?,0,0.00,?,0,0,1,D,9,00,C,8
09/06/1987,23:00,0,0,0,1,0,0,1,0,0,1,0,0,1,0,0,1,0,0,1,0,0,1,0,0,A,7,0,A,7,20.6,A,7,16.7,A,7,79,A,7,984,A,7,150,A,7,5.2,A,7,11300,B,7,77777,A,7,2.9,E,8,0.000,?,0,0.00,?,0,0,1,D,9,00,C,8
09/06/1987,24:00,0,0,0,1,0,0,1,0,0,1,0,0,1,0,0,1,0,0,1,0,0,1,0,0,A,7,0,A,7,20.0,A,7,17.8,A,7,87,A,7,984,A,7,150,A,7,4.6,A,7,9700,B,7,77777,A,7,3.1,E,8,0.000,?,0,0.00,?,0,0,1,D,9,00,C,8
09/07/1987,01:00,0,0,0,1,0,0,1,0,0,1,0,0,1,0,0,1,0,0,1,0,0,1,0,4,A,7,2,A,7,20.0,A,7,17.2,A,7,84,A,7,984,A,7,170,A,7,4.6,A,7,9700,B,7,77777,A,7,3.0,E,8,0.000,?,0,0.00,?,0,0,1,D,9,05,C,8
09/07/1987,02:00,0,0,0,1,0,0,1,0,0,1,0,0,1,0,0,1,0,0,1,0,0,1,0,8,A,7,4,A,7,20.0,A,7,16.7,A,7,81,A,7,984,A,7,170,A,7,3.6,A,7,9700,B,7,77777,A,7,2.9,E,8,0.000,?,0,0.00,?,0,0,1,D,9,05,C,8
09/07/1987,03:00,0,0,0,1,0,0,1,0,0,1,0,0,1,0,0,1,0,0,1,0,0,1,0,10,A,7,10,A,7,19.4,A,7,16.7,A,7,84,A,7,984,A,7,190,A,7,3.6,A,7,8000,B,7,6100,A,7,2.9,E,8,0.000,?,0,0.00,?,0,0,1,D,9,05,C,8
09/07/1987,04:00,0,0,0,1,0,0,1,0,0,1,0,0,1,0,0,1,0,0,1,0,0,1,0,9,A,7,6,A,7,19.4,A,7,16.1,A,7,81,A,7,983,A,7,200,A,7,4.1,A,7,8000,B,7,6100,A,7,2.8,E,8,0.000,?,0,0.00,?,0,0,1,D,9,05,C,8
09/07/1987,05:00,0,0,0,1,0,0,1,0,0,1,0,0,1,0,0,1,0,0,1,0,0,1,0,8,A,7,6,A,7,17.8,A,7,15.6,A,7,87,A,7,984,A,7,170,A,7,3.1,A,7,8000,B,7,6100,A,7,2.7,E,8,0.000,?,0,0.00,?,0,0,1,D,9,05,C,8
09/07/1987,06:00,0,0,0,1,0,0,1,0,0,1,0,0,1,0,0,1,0,0,1,0,0,1,0,10,A,7,5,A,7,17.8,A,7,15.6,A,7,87,A,7,984,A,7,180,A,7,3.1,A,7,8000,B,7,77777,A,7,2.7,E,8,0.000,?,0,0.00,?,0,0,1,D,9,05,C,8
09/07/1987,07:00,81,1110,26,1,13,3,1,13,26,1,13,29,1,13,0,1,13,29,1,13,85,1,23,10,A,7,5,A,7,18.9,A,7,16.1,A,7,84,A,7,984,A,7,190,A,7,4.6,A,7,8000,B,7,77777,A,7,2.8,E,8,0.000,F,8,0.00,?,0,0,1,D,9,05,C,8
09/07/1987,08:00,326,1346,135,1,13,113,1,13,107,1,13,145,1,13,95,1,13,122,1,13,234,1,23,10,A,7,5,A,7,19.4,A,7,16.1,A,7,81,A,7,984,A,7,200,A,7,3.6,A,7,8000,B,7,77777,A,7,2.8,E,8,0.000,F,8,0.00,?,0,0,1,D,9,05,C,8
09/07/1987,09:00,564,1346,273,1,13,234,1,13,174,1,13,289,1,13,234,1,13,191,1,13,374,1,23,8,A,7,3,A,7,21.1,A,7,16.7,A,7,76,A,7,984,A,7,230,A,7,3.1,A,7,8000,B,7,77777,A,7,2.9,E,8,0.000,F,8,0.00,?,0,0,1,D,9,05,C,8
09/07/1987,10:00,771,1346,450,1,13,329,1,13,260,1,13,479,1,13,347,1,13,280,1,13,640,1,23,10,A,7,4,A,7,22.2,A,7,17.2,A,7,73,A,7,985,A,7,240,A,7,2.6,A,7,8000,B,7,77777,A,7,2.9,E,8,0.000,F,8,0.00,?,0,0,1,D,9,05,C,8
09/07/1987,11:00,931,1346,540,1,13,322,1,13,316,1,13,581,1,13,346,1,13,341,1,13,906,1,23,10,A,7,4,A,7,25.0,A,7,18.3,A,7,67,A,7,985,A,7,200,A,7,2.6,A,7,9700,B,7,77777,A,7,3.2,E,8,0.000,F,8,0.00,?,0,0,1,D,9,05,C,8
09/07/1987,12:00,1036,1346,656,1,13,458,1,13,301,1,13,693,1,13,476,1,13,326,1,13,1005,1,23,10,A,7,4,A,7,27.2,A,7,19.4,A,7,63,A,7,984,A,7,220,A,7,3.6,A,7,9700,B,7,77777,A,7,3.4,E,8,0.000,F,8,0.00,?,0,0,1,D,9,05,C,8
09/07/1987,13:00,1076,1346,654,1,13,379,1,13,349,1,13,711,1,13,411,1,13,382,1,13,1234,1,23,10,A,7,4,A,7,27.8,A,7,17.8,A,7,55,A,7,984,A,7,230,A,7,1.5,A,7,9700,B,7,77777,A,7,3.1,E,8,0.000,F,8,0.00,?,0,0,1,D,9,05,C,8
09/07/1987,14:00,1049,1346,561,1,13,280,1,13,341,1,13,609,1,13,303,1,13,372,1,13,1149,1,23,9,A,7,6,A,7,28.3,A,7,19.4,A,7,59,A,7,984,A,7,360,A,7,2.6,A,7,9700,B,7,3660,A,7,3.4,E,8,0.000,F,8,0.00,?,0,0,1,D,9,05,C,8
09/07/1987,15:00,958,1346,360,1,13,144,1,13,256,1,13,399,1,13,153,1,13,289,1,13,788,1,23,9,A,7,6,A,7,27.8,A,7,18.9,A,7,59,A,7,984,A,7,290,A,7,2.1,A,7,9700,B,7,1220,A,7,3.3,E,8,0.000,F,8,0.00,?,0,0,1,D,9,05,C,8
09/07/1987,16:00,808,1346,385,1,9,204,1,9,261,1,13,420,1,9,214,1,9,291,1,13,706,1,18,9,A,7,8,A,7,27.2,A,7,19.4,A,7,63,A,7,983,A,7,320,A,7,4.1,A,7,9700,B,7,1220,A,7,3.4,E,8,0.000,F,8,0.00,?,0,0,1,D,9,05,C,8
09/07/1987,17:00,610,1346,255,1,13,142,1,13,190,1,13,277,1,13,143,1,13,212,1,13,459,1,23,8,A,7,7,A,7,27.8,A,7,18.9,A,7,59,A,7,983,A,7,320,A,7,2.1,A,7,9700,B,7,1220,A,7,3.3,E,8,0.000,F,8,0.00,?,0,0,1,D,9,05,C,8
09/07/1987,18:00,376,1346,163,1,13,159,1,13,118,1,13,176,1,13,141,1,13,136,1,13,262,1,23,7,A,7,4,A,7,23.9,A,7,18.9,A,7,74,A,7,983,A,7,50,A,7,2.1,A,7,9700,B,7,3050,A,7,3.3,E,8,0.000,F,8,0.00,?,0,0,1,D,9,05,C,8
09/07/1987,19:00,127,1346,37,1,13,11,1,13,36,1,13,40,1,13,7,1,13,40,1,13,84,1,23,8,A,7,5,A,7,22.8,A,7,18.9,A,7,79,A,7,983,A,7,60,A,7,4.6,A,7,9700,B,7,7620,A,7,3.3,E,8,0.000,F,8,0.00,?,0,0,1,D,9,05,C,8
09/07/1987,20:00,0,34,0,1,0,0,1,0,0,1,0,0,1,1,0,1,2,0,1,2,0,1,1,8,A,7,7,A,7,21.1,A,7,17.8,A,7,81,A,7,983,A,7,50,A,7,3.1,A,7,9700,B,7,7620,A,7,3.0,E,8,0.000,?,0,0.00,?,0,0,1,D,9,05,C,8
09/07/1987,21:00,0,0,0,1,0,0,1,0,0,1,0,0,1,0,0,1,0,0,1,0,0,1,0,8,A,7,5,A,7,20.0,A,7,17.2,A,7,84,A,7,983,A,7,70,A,7,3.6,A,7,9700,B,7,7620,A,7,3.0,E,8,0.000,?,0,0.00,?,0,0,1,D,9,05,C,8
09/07/1987,22:00,0,0,0,1,0,0,1,0,0,1,0,0,1,0,0,1,0,0,1,0,0,1,0,8,A,7,6,A,7,19.4,A,7,17.8,A,7,90,A,7,983,A,7,80,A,7,3.6,A,7,9700,B,7,7620,A,7,3.0,E,8,0.000,?,0,0.00,?,0,0,1,D,9,05,C,8
09/07/1987,23:00,0,0,0,1,0,0,1,0,0,1,0,0,1,0,0,1,0,0,1,0,0,1,0,5,A,7,5,A,7,19.4,A,7,17.2,A,7,87,A,7,983,A,7,120,A,7,4.1,A,7,9700,B,7,77777,A,7,2.9,E,8,0.000,?,0,0.00,?,0,0,1,D,9,05,C,8
09/07/1987,24:00,0,0,0,1,0,0,1,0,0,1,0,0,1,0,0,1,0,0,1,0,0,1,0,10,A,7,9,A,7,21.1,A,7,17.8,A,7,81,A,7,983,A,7,180,A,7,4.1,A,7,8000,B,7,1520,A,7,3.0,E,8,0.000,?,0,0.00,?,0,0,1,D,9,05,C,8
09/08/1987,01:00,0,0,0,1,0,0,1,0,0,1,0,0,1,0,0,1,0,0,1,0,0,1,0,10,A,7,10,A,7,19.4,A,7,18.3,A,7,93,A,7,984,A,7,350,A,7,3.6,A,7,6400,B,7,1220,A,7,3.1,E,8,0.000,?,0,0.00,?,0,10,1,D,9,05,C,8
09/08/1987,02:00,0,0,0,1,0,0,1,0,0,1,0,0,1,0,0,1,0,0,1,0,0,1,0,10,A,7,10,A,7,18.9,A,7,17.8,A,7,93,A,7,983,A,7,300,A,7,3.1,A,7,3200,B,7,1370,A,7,3.0,E,8,0.000,?,0,0.00,?,0,5,1,D,9,45,C,8
09/08/1987,03:00,0,0,0,1,0,0,1,0,0,1,0,0,1,0,0,1,0,0,1,0,0,1,0,10,A,7,10,A,7,18.3,A,7,17.8,A,7,97,A,7,982,A,7,20,A,7,5.7,A,7,3200,B,7,1370,A,7,3.1,E,8,0.000,?,0,0.00,?,0,20,1,D,9,45,C,8
09/08/1987,04:00,0,0,0,1,0,0,1,0,0,1,0,0,1,0,0,1,0,0,1,0,0,1,0,10,A,7,10,A,7,19.4,A,7,17.8,A,7,90,A,7,982,A,7,40,A,7,3.6,A,7,3200,B,7,1160,A,7,3.0,E,8,0.000,?,0,0.00,?,0,0,1,D,9,45,C,8
09/08/1987,05:00,0,0,0,1,0,0,1,0,0,1,0,0,1,0,0,1,0,0,1,0,0,1,0,10,A,7,10,A,7,18.3,A,7,17.8,A,7,97,A,7,981,A,7,90,A,7,4.1,A,7,2400,B,7,90,A,7,3.1,E,8,0.000,?,0,0.00,?,0,0,1,D,9,45,C,8
09/08/1987,06:00,0,0,0,1,0,0,1,0,0,1,0,0,1,0,0,1,0,0,1,0,0,1,0,10,A,7,10,A,7,17.8,A,7,17.2,A,7,97,A,7,981,A,7,90,A,7,2.6,A,7,3200,B,7,1070,A,7,3.0,E,8,0.000,?,0,0.00,?,0,0,1,D,9,45,C,8
09/08/1987,07:00,78,1088,31,1,13,55,1,13,25,1,13,32,1,13,26,1,13,30,1,13,52,1,23,10,A,7,4,A,7,17.2,A,7,16.7,A,7,97,A,7,982,A,7,70,A,7,3.1,A,7,1600,B,7,77777,A,7,2.9,E,8,0.000,F,8,0.00,?,0,0,1,D,9,45,C,8
09/08/1987,08:00,322,1346,101,1,13,44,1,9,90,1,13,110,1,13,38,1,9,101,1,13,229,1,21,10,A,7,9,A,7,18.9,A,7,18.3,A,7,97,A,7,982,A,7,70,A,7,2.1,A,7,2400,B,7,1220,A,7,3.2,E,8,0.000,F,8,0.00,?,0,0,1,D,9,45,C,8
09/08/1987,09:00,560,1346,241,1,9,64,1,9,214,1,13,263,1,9,63,1,9,237,1,13,571,1,18,10,A,7,9,A,7,20.6,A,7,18.3,A,7,87,A,7,982,A,7,90,A,7,2.6,A,7,3200,B,7,1220,A,7,3.2,E,8,0.000,F,8,0.00,?,0,0,1,D,9,45,C,8
09/08/1987,10:00,767,1346,217,1,9,73,1,9,176,1,13,240,1,9,73,1,9,199,1,13,589,1,18,10,A,7,9,A,7,22.8,A,7,18.9,A,7,79,A,7,982,A,7,110,A,7,2.1,A,7,3200,B,7,7620,A,7,3.3,E,8,0.000,F,8,0.00,?,0,0,1,D,9,45,C,8
09/08/1987,11:00,927,1346,437,1,9,238,1,9,272,1,13,475,1,9,256,1,9,298,1,13,757,1,18,10,A,7,9,A,7,23.3,A,7,18.9,A,7,76,A,7,982,A,7,250,A,7,2.6,A,7,4000,B,7,6100,A,7,3.2,E,8,0.000,F,8,0.00,?,0,0,1,D,9,05,C,8
09/08/1987,12:00,1031,1346,412,1,9,4,1,9,409,1,13,470,1,9,4,1,9,467,1,13,1634,1,18,10,A,7,10,A,7,22.8,A,7,19.4,A,7,82,A,7,982,A,7,320,A,7,4.1,A,7,4000,B,7,550,A,7,3.4,E,8,0.000,F,8,0.00,?,0,0,1,D,9,05,C,8
09/08/1987,13:00,1071,1346,347,1,9,14,1,9,336,1,13,405,1,9,13,1,9,394,1,13,1475,1,18,10,A,7,10,A,7,20.6,A,7,18.9,A,7,90,A,7,982,A,7,290,A,7,4.6,A,7,2400,B,7,550,A,7,3.3,E,8,0.000,F,8,0.00,?,0,0,1,D,9,05,C,8
09/08/1987,14:00,1044,1346,227,1,9,6,1,9,222,1,13,272,1,9,5,1,9,268,1,13,1072,1,18,10,A,7,10,A,7,20.6,A,7,18.9,A,7,90,A,7,982,A,7,280,A,7,4.1,A,7,2400,B,7,460,A,7,3.3,E,8,0.000,F,8,0.00,?,0,0,1,D,9,05,C,8
09/08/1987,15:00,952,1346,177,1,9,5,1,9,173,1,13,213,1,9,4,1,9,210,1,13,846,1,18,10,A,7,10,A,7,20.0,A,7,19.4,A,7,97,A,7,981,A,7,270,A,7,3.1,A,7,1600,B,7,340,A,7,3.4,E,8,0.000,F,8,0.00,?,0,38,1,D,9,45,C,8
09/08/1987,16:00,802,1346,158,1,9,2,1,9,157,1,13,188,1,9,2,1,9,187,1,13,726,1,18,10,A,7,10,A,7,21.1,A,7,19.4,A,7,90,A,7,981,A,7,280,A,7,4.1,A,7,3200,B,7,180,A,7,3.4,E,8,0.000,F,8,0.00,?,0,0,1,D,9,45,C,8
09/08/1987,17:00,603,1346,169,1,9,0,1,9,169,1,13,192,1,9,0,1,9,192,1,13,664,1,18,10,A,7,10,A,7,21.1,A,7,19.4,A,7,90,A,7,981,A,7,300,A,7,3.1,A,7,3200,B,7,180,A,7,3.4,E,8,0.000,F,8,0.00,?,0,0,1,D,9,45,C,8
09/08/1987,18:00,369,1346,101,1,9,4,1,9,100,1,13,113,1,9,2,1,9,113,1,13,356,1,18,10,A,7,10,A,7,20.6,A,7,19.4,A,7,93,A,7,981,A,7,280,A,7,3.6,A,7,3200,B,7,180,A,7,3.4,E,8,0.000,F,8,0.00,?,0,0,1,D,9,45,C,8
09/08/1987,19:00,120,1335,28,1,13,14,1,9,27,1,13,31,1,13,9,1,9,30,1,13,66,1,21,9,A,7,9,A,7,20.0,A,7,18.9,A,7,93,A,7,981,A,7,280,A,7,3.1,A,7,3200,B,7,2440,A,7,3.2,E,8,0.000,F,8,0.00,?,0,0,1,D,9,45,C,8
09/08/1987,20:00,0,0,0,1,0,0,1,0,0,1,0,0,1,0,0,1,0,0,1,0,0,1,0,5,A,7,5,A,7,18.9,A,7,18.3,A,7,97,A,7,981,A,7,260,A,7,2.6,A,7,2400,B,7,77777,A,7,3.2,E,8,0.000,?,0,0.00,?,0,0,1,D,9,45,C,8
09/08/1987,21:00,0,0,0,1,0,0,1,0,0,1,0,0,1,0,0,1,0,0,1,0,0,1,0,5,A,7,5,A,7,17.8,A,7,17.8,A,7,100,A,7,982,A,7,300,A,7,2.6,A,7,4800,B,7,77777,A,7,3.1,E,8,0.000,?,0,0.00,?,0,0,1,D,9,45,C,8
09/08/1987,22:00,0,0,0,1,0,0,1,0,0,1,0,0,1,0,0,1,0,0,1,0,0,1,0,8,A,7,8,A,7,17.8,A,7,17.2,A,7,97,A,7,982,A,7,270,A,7,3.1,A,7,3200,B,7,700,A,7,3.0,E,8,0.000,?,0,0.00,?,0,0,1,D,9,45,C,8
09/08/1987,23:00,0,0,0,1,0,0,1,0,0,1,0,0,1,0,0,1,0,0,1,0,0,1,0,4,A,7,4,A,7,17.2,A,7,16.7,A,7,97,A,7,982,A,7,270,A,7,4.6,A,7,3200,B,7,77777,A,7,2.9,E,8,0.000,?,0,0.00,?,0,0,1,D,9,45,C,8
09/08/1987,24:00,0,0,0,1,0,0,1,0,0,1,0,0,1,0,0,1,0,0,1,0,0,1,0,3,A,7,3,A,7,16.1,A,7,16.1,A,7,100,A,7,982,A,7,260,A,7,4.1,A,7,3200,B,7,77777,A,7,2.8,E,8,0.000,?,0,0.00,?,0,0,1,D,9,45,C,8
09/09/1987,01:00,0,0,0,1,0,0,1,0,0,1,0,0,1,0,0,1,0,0,1,0,0,1,0,9,A,7,7,A,7,16.1,A,7,16.1,A,7,100,A,7,982,A,7,270,A,7,4.1,A,7,3200,B,7,120,A,7,2.8,E,8,0.000,?,0,0.00,?,0,0,1,D,9,45,C,8
09/09/1987,02:00,0,0,0,1,0,0,1,0,0,1,0,0,1,0,0,1,0,0,1,0,0,1,0,10,A,7,10,A,7,16.7,A,7,16.1,A,7,97,A,7,982,A,7,280,A,7,4.6,A,7,1600,B,7,60,A,7,2.8,E,8,0.000,?,0,0.00,?,0,0,1,D,9,45,C,8
09/09/1987,03:00,0,0,0,1,0,0,1,0,0,1,0,0,1,0,0,1,0,0,1,0,0,1,0,10,A,7,10,A,7,16.7,A,7,15.6,A,7,93,A,7,982,A,7,290,A,7,4.1,A,7,2400,B,7,150,A,7,2.7,E,8,0.000,?,0,0.00,?,0,0,1,D,9,45,C,8
09/09/1987,04:00,0,0,0,1,0,0,1,0,0,1,0,0,1,0,0,1,0,0,1,0,0,1,0,10,A,7,10,A,7,16.1,A,7,15.0,A,7,93,A,7,983,A,7,300,A,7,3.1,A,7,8000,B,7,240,A,7,2.6,E,8,0.000,?,0,0.00,?,0,0,1,D,9,45,C,8
09/09/1987,05:00,0,0,0,1,0,0,1,0,0,1,0,0,1,0,0,1,0,0,1,0,0,1,0,10,A,7,10,A,7,16.1,A,7,14.4,A,7,90,A,7,983,A,7,300,A,7,4.6,A,7,8000,B,7,210,A,7,2.5,E,8,0.000,?,0,0.00,?,0,0,1,D,9,45,C,8
09/09/1987,06:00,0,0,0,1,0,0,1,0,0,1,0,0,1,0,0,1,0,0,1,0,0,1,0,9,A,7,9,A,7,15.6,A,7,14.4,A,7,93,A,7,984,A,7,250,A,7,3.6,A,7,8000,B,7,340,A,7,2.5,E,8,0.000,?,0,0.00,?,0,0,1,D,9,45,C,8
09/09/1987,07:00,74,1066,30,1,13,35,1,13,26,1,13,31,1,13,16,1,13,30,1,13,54,1,23,3,A,7,3,A,7,14.4,A,7,13.9,A,7,97,A,7,984,A,7,250,A,7,3.1,A,7,8000,B,7,77777,A,7,2.4,E,8,0.000,F,8,0.00,?,0,0,1,D,9,45,C,8
09/09/1987,08:00,318,1347,157,1,13,321,1,13,80,1,13,162,1,13,259,1,13,101,1,13,147,1,23,3,A,7,3,A,7,16.1,A,7,14.4,A,7,90,A,7,984,A,7,270,A,7,3.1,A,7,11300,B,7,77777,A,7,2.5,E,8,0.000,F,8,0.00,?,0,0,1,D,9,45,C,8
09/09/1987,09:00,556,1347,124,1,9,12,1,9,119,1,13,143,1,9,8,1,9,140,1,13,493,1,18,10,A,7,10,A,7,17.2,A,7,15.6,A,7,90,A,7,984,A,7,310,A,7,3.1,A,7,11300,B,7,340,A,7,2.7,E,8,0.000,F,8,0.00,?,0,0,1,D,9,45,C,8
09/09/1987,10:00,762,1347,281,1,9,164,1,9,187,1,13,311,1,9,172,1,9,214,1,13,490,1,18,8,A,7,8,A,7,18.3,A,7,15.6,A,7,84,A,7,984,A,7,310,A,7,3.1,A,7,6400,B,7,310,A,7,2.7,E,8,0.000,F,8,0.00,?,0,0,1,D,9,45,C,8
09/09/1987,11:00,923,1347,426,1,9,82,1,9,369,1,13,467,1,9,84,1,9,409,1,13,1235,1,18,9,A,7,9,A,7,21.1,A,7,15.0,A,7,68,A,7,985,A,7,280,A,7,4.6,A,7,16100,B,7,490,A,7,2.6,E,8,0.000,F,8,0.00,?,0,0,1,D,9,45,C,8
09/09/1987,12:00,1027,1347,698,1,13,661,1,13,191,1,13,737,1,13,673,1,13,223,1,13,615,1,23,3,A,7,3,A,7,21.7,A,7,15.0,A,7,66,A,7,985,A,7,270,A,7,4.1,A,7,16100,B,7,77777,A,7,2.6,E,8,0.000,F,8,0.00,?,0,0,1,D,9,00,C,8
09/09/1987,13:00,1066,1347,633,1,13,528,1,13,213,1,13,667,1,13,536,1,13,242,1,13,738,1,23,3,A,7,3,A,7,23.3,A,7,14.4,A,7,58,A,7,984,A,7,280,A,7,4.6,A,7,16100,B,7,77777,A,7,2.5,E,8,0.000,F,8,0.00,?,0,0,1,D,9,00,C,8
09/09/1987,14:00,1039,1347,665,1,13,552,1,13,236,1,13,720,1,13,576,1,13,274,1,13,778,1,23,3,A,7,3,A,7,23.3,A,7,13.9,A,7,56,A,7,984,A,7,300,A,7,5.2,A,7,16100,B,7,77777,A,7,2.5,E,8,0.000,F,8,0.00,?,0,0,1,D,9,00,C,8
09/09/1987,15:00,947,1347,593,1,13,496,1,13,242,1,13,632,1,13,515,1,13,269,1,13,682,1,23,4,A,7,4,A,7,23.9,A,7,13.3,A,7,52,A,7,984,A,7,260,A,7,1.5,A,7,16100,B,7,77777,A,7,2.4,E,8,0.000,F,8,0.00,?,0,0,1,D,9,00,C,8
09/09/1987,16:00,796,1347,464,1,13,414,1,13,216,1,13,486,1,13,423,1,13,236,1,13,508,1,23,5,A,7,5,A,7,24.4,A,7,12.8,A,7,48,A,7,984,A,7,290,A,7,2.1,A,7,16100,B,7,77777,A,7,2.3,E,8,0.000,F,8,0.00,?,0,0,1,D,9,00,C,8
09/09/1987,17:00,596,1347,238,1,13,152,1,13,170,1,13,260,1,13,153,1,13,192,1,13,408,1,23,7,A,7,7,A,7,23.3,A,7,13.9,A,7,56,A,7,984,A,7,280,A,7,2.1,A,7,16100,B,7,1070,A,7,2.5,E,8,0.000,F,8,0.00,?,0,0,1,D,9,00,C,8
09/09/1987,18:00,362,1347,150,1,13,178,1,13,101,1,13,158,1,13,154,1,13,116,1,13,198,1,23,7,A,7,6,A,7,22.8,A,7,15.0,A,7,62,A,7,984,A,7,280,A,7,3.1,A,7,16100,B,7,1070,A,7,2.6,E,8,0.000,F,8,0.00,?,0,0,1,D,9,00,C,8
09/09/1987,19:00,113,1313,48,1,13,210,1,9,27,1,13,48,1,13,101,1,9,39,1,13,48,1,21,0,A,7,0,A,7,20.6,A,7,15.0,A,7,71,A,7,984,A,7,300,A,7,2.6,A,7,16100,B,7,77777,A,7,2.6,E,8,0.000,F,8,0.00,?,0,0,1,D,9,00,C,8
09/09/1987,20:00,0,0,0,1,0,0,1,0,0,1,0,0,1,0,0,1,0,0,1,0,0,1,0,0,A,7,0,A,7,17.2,A,7,15.0,A,7,87,A,7,984,A,7,300,A,7,1.5,A,7,24100,B,7,77777,A,7,2.6,E,8,0.000,?,0,0.00,?,0,0,1,D,9,00,C,8
09/09/1987,21:00,0,0,0,1,0,0,1,0,0,1,0,0,1,0,0,1,0,0,1,0,0,1,0,0,A,7,0,A,7,16.1,A,7,14.4,A,7,90,A,7,985,A,7,270,A,7,1.5,A,7,24100,B,7,77777,A,7,2.5,E,8,0.000,?,0,0.00,?,0,0,1,D,9,00,C,8
09/09/1987,22:00,0,0,0,1,0,0,1,0,0,1,0,0,1,0,0,1,0,0,1,0,0,1,0,0,A,7,0,A,7,15.6,A,7,14.4,A,7,93,A,7,985,A,7,310,A,7,1.5,A,7,11300,B,7,77777,A,7,2.5,E,8,0.000,?,0,0.00,?,0,0,1,D,9,00,C,8
09/09/1987,23:00,0,0,0,1,0,0,1,0,0,1,0,0,1,0,0,1,0,0,1,0,0,1,0,0,A,7,0,A,7,15.0,A,7,13.9,A,7,93,A,7,985,A,7,280,A,7,2.1,A,7,11300,B,7,77777,A,7,2.4,E,8,0.000,?,0,0.00,?,0,0,1,D,9,00,C,8
09/09/1987,24:00,0,0,0,1,0,0,1,0,0,1,0,0,1,0,0,1,0,0,1,0,0,1,0,3,A,7,3,A,7,13.9,A,7,13.3,A,7,97,A,7,985,A,7,140,A,7,2.1,A,7,11300,B,7,77777,A,7,2.4,E,8,0.000,?,0,0.00,?,0,0,1,D,9,00,C,8
09/10/1987,01:00,0,0,0,1,0,0,1,0,0,1,0,0,1,0,0,1,0,0,1,0,0,1,0,3,A,7,3,A,7,13.9,A,7,13.3,A,7,97,A,7,985,A,7,300,A,7,2.1,A,7,11300,B,7,77777,A,7,2.4,E,8,0.000,?,0,0.00,?,0,0,1,D,9,00,C,8
09/10/1987,02:00,0,0,0,1,0,0,1,0,0,1,0,0,1,0,0,1,0,0,1,0,0,1,0,6,A,7,6,A,7,13.9,A,7,13.3,A,7,97,A,7,985,A,7,180,A,7,2.6,A,7,11300,B,7,1520,A,7,2.4,E,8,0.000,?,0,0.00,?,0,0,1,D,9,00,C,8
09/10/1987,03:00,0,0,0,1,0,0,1,0,0,1,0,0,1,0,0,1,0,0,1,0,0,1,0,4,A,7,4,A,7,14.4,A,7,13.9,A,7,97,A,7,985,A,7,230,A,7,2.6,A,7,9700,B,7,77777,A,7,2.4,E,8,0.000,?,0,0.00,?,0,0,1,D,9,00,C,8
09/10/1987,04:00,0,0,0,1,0,0,1,0,0,1,0,0,1,0,0,1,0,0,1,0,0,1,0,4,A,7,4,A,7,13.3,A,7,12.2,A,7,93,A,7,985,A,7,220,A,7,2.1,A,7,8000,B,7,77777,A,7,2.2,E,8,0.000,?,0,0.00,?,0,0,1,D,9,45,C,8
09/10/1987,05:00,0,0,0,1,0,0,1,0,0,1,0,0,1,0,0,1,0,0,1,0,0,1,0,1,A,7,1,A,7,13.3,A,7,12.8,A,7,97,A,7,985,A,7,180,A,7,2.1,A,7,6400,B,7,77777,A,7,2.3,E,8,0.000,?,0,0.00,?,0,0,1,D,9,45,C,8
09/10/1987,06:00,0,0,0,1,0,0,1,0,0,1,0,0,1,0,0,1,0,0,1,0,0,1,0,7,A,7,7,A,7,13.9,A,7,13.3,A,7,97,A,7,986,A,7,300,A,7,3.1,A,7,3200,B,7,980,A,7,2.4,E,8,0.000,?,0,0.00,?,0,0,1,D,9,45,C,8
09/10/1987,07:00,71,1045,18,1,13,6,1,9,18,1,13,20,1,13,3,1,9,20,1,13,45,1,21,9,A,7,9,A,7,14.4,A,7,14.4,A,7,100,A,7,986,A,7,0,A,7,0.0,A,7,3200,B,7,910,A,7,2.5,E,8,0.000,F,8,0.00,?,0,0,1,D,9,45,C,8
09/10/1987,08:00,313,1348,166,1,13,440,1,9,62,1,13,168,1,13,355,1,9,86,1,13,112,1,21,2,A,7,2,A,7,16.1,A,7,15.0,A,7,93,A,7,986,A,7,0,A,7,0.0,A,7,2400,B,7,77777,A,7,2.6,E,8,0.000,F,8,0.00,?,0,0,1,D,9,45,C,8
09/10/1987,09:00,552,1348,329,1,9,611,1,9,77,1,13,347,1,9,588,1,9,106,1,13,158,1,18,0,A,7,0,A,7,18.9,A,7,15.6,A,7,81,A,7,986,A,7,0,A,7,0.0,A,7,8000,B,7,77777,A,7,2.7,E,8,0.000,F,8,0.00,?,0,0,1,D,9,45,C,8
09/10/1987,10:00,758,1348,540,1,9,817,1,9,78,1,13,562,1,9,804,1,9,109,1,13,175,1,18,0,A,7,0,A,7,21.1,A,7,16.1,A,7,73,A,7,986,A,7,0,A,7,0.0,A,7,11300,B,7,77777,A,7,2.8,E,8,0.000,F,8,0.00,?,0,0,1,D,9,05,C,8
09/10/1987,11:00,919,1348,681,1,9,861,1,9,89,1,13,705,1,9,857,1,9,119,1,13,224,1,18,0,A,7,0,A,7,22.8,A,7,16.1,A,7,66,A,7,986,A,7,0,A,7,0.0,A,7,11300,B,7,77777,A,7,2.8,E,8,0.000,F,8,0.00,?,0,0,1,D,9,00,C,8
09/10/1987,12:00,1022,1348,736,1,9,828,1,9,104,1,13,759,1,9,827,1,9,130,1,13,284,1,18,1,A,7,1,A,7,23.3,A,7,16.1,A,7,64,A,7,985,A,7,10,A,7,2.6,A,7,11300,B,7,77777,A,7,2.8,E,8,0.000,F,8,0.00,?,0,0,1,D,9,00,C,8
09/10/1987,13:00,1062,1348,773,1,9,865,1,9,87,1,13,801,1,9,867,1,9,117,1,13,281,1,18,1,A,7,1,A,7,24.4,A,7,15.6,A,7,58,A,7,985,A,7,190,A,7,1.5,A,7,11300,B,7,77777,A,7,2.7,E,8,0.000,F,8,0.00,?,0,0,1,D,9,00,C,8
09/10/1987,14:00,1034,1348,719,1,13,695,1,13,182,1,13,762,1,13,709,1,13,217,1,13,597,1,23,3,A,7,3,A,7,25.6,A,7,16.1,A,7,56,A,7,984,A,7,270,A,7,1.5,A,7,11300,B,7,77777,A,7,2.8,E,8,0.000,F,8,0.00,?,0,0,1,D,9,00,C,8
09/10/1987,15:00,941,1348,656,1,13,718,1,13,151,1,13,697,1,13,732,1,13,184,1,13,427,1,23,3,A,7,3,A,7,26.7,A,7,15.0,A,7,49,A,7,984,A,7,220,A,7,4.1,A,7,11300,B,7,77777,A,7,2.6,E,8,0.000,F,8,0.00,?,0,0,1,D,9,00,C,8
09/10/1987,16:00,790,1348,526,1,13,669,1,13,130,1,13,553,1,13,673,1,13,158,1,13,306,1,23,6,A,7,4,A,7,26.1,A,7,15.0,A,7,51,A,7,984,A,7,280,A,7,2.6,A,7,11300,B,7,7620,A,7,2.6,E,8,0.000,F,8,0.00,?,0,0,1,D,9,00,C,8
09/10/1987,17:00,590,1348,330,1,13,430,1,13,139,1,13,347,1,13,421,1,13,162,1,13,277,1,23,4,A,7,3,A,7,26.1,A,7,16.7,A,7,56,A,7,984,A,7,340,A,7,2.6,A,7,11300,B,7,77777,A,7,2.9,E,8,0.000,F,8,0.00,?,0,0,1,D,9,00,C,8
09/10/1987,18:00,355,1348,174,1,9,384,1,9,70,1,13,183,1,9,325,1,9,97,1,13,127,1,18,6,A,7,2,A,7,23.3,A,7,17.2,A,7,69,A,7,984,A,7,340,A,7,2.6,A,7,11300,B,7,77777,A,7,3.0,E,8,0.000,F,8,0.00,?,0,0,1,D,9,00,C,8
09/10/1987,19:00,106,1269,33,1,13,12,1,13,32,1,13,36,1,13,7,1,13,35,1,13,75,1,23,10,A,7,4,A,7,22.2,A,7,16.7,A,7,71,A,7,984,A,7,10,A,7,2.6,A,7,11300,B,7,77777,A,7,2.9,E,8,0.000,F,8,0.00,?,0,0,1,D,9,00,C,8
09/10/1987,20:00,0,0,0,1,0,0,1,0,0,1,0,0,1,0,0,1,0,0,1,0,0,1,0,10,A,7,6,A,7,21.1,A,7,16.1,A,7,73,A,7,984,A,7,10,A,7,2.6,A,7,11300,B,7,7620,A,7,2.8,E,8,0.000,?,0,0.00,?,0,0,1,D,9,00,C,8
09/10/1987,21:00,0,0,0,1,0,0,1,0,0,1,0,0,1,0,0,1,0,0,1,0,0,1,0,10,A,7,10,A,7,20.0,A,7,15.6,A,7,76,A,7,984,A,7,70,A,7,2.6,A,7,11300,B,7,3050,A,7,2.7,E,8,0.000,?,0,0.00,?,0,0,1,D,9,00,C,8
09/10/1987,22:00,0,0,0,1,0,0,1,0,0,1,0,0,1,0,0,1,0,0,1,0,0,1,0,10,A,7,10,A,7,20.0,A,7,16.7,A,7,81,A,7,983,A,7,50,A,7,3.1,A,7,11300,B,7,3050,A,7,2.9,E,8,0.000,?,0,0.00,?,0,0,1,D,9,17,C,8
09/10/1987,23:00,0,0,0,1,0,0,1,0,0,1,0,0,1,0,0,1,0,0,1,0,0,1,0,10,A,7,10,A,7,19.4,A,7,16.7,A,7,84,A,7,983,A,7,10,A,7,2.1,A,7,11300,B,7,1220,A,7,2.9,E,8,0.000,?,0,0.00,?,0,0,1,D,9,00,C,8
09/10/1987,24:00,0,0,0,1,0,0,1,0,0,1,0,0,1,0,0,1,0,0,1,0,0,1,0,10,A,7,10,A,7,17.2,A,7,16.7,A,7,97,A,7,984,A,7,40,A,7,4.1,A,7,4800,B,7,270,A,7,2.9,E,8,0.000,?,0,0.00,?,0,0,1,D,9,17,C,8
09/11/1987,01:00,0,0,0,1,0,0,1,0,0,1,0,0,1,0,0,1,0,0,1,0,0,1,0,10,A,7,10,A,7,17.2,A,7,16.7,A,7,97,A,7,983,A,7,220,A,7,3.6,A,7,8000,B,7,1520,A,7,2.9,E,8,0.000,?,0,0.00,?,0,20,1,D,9,95,C,8
09/11/1987,02:00,0,0,0,1,0,0,1,0,0,1,0,0,1,0,0,1,0,0,1,0,0,1,0,10,A,7,10,A,7,16.7,A,7,16.1,A,7,97,A,7,983,A,7,20,A,7,3.1,A,7,6400,B,7,460,A,7,2.8,E,8,0.000,?,0,0.00,?,0,114,1,D,9,80,C,8
09/11/1987,03:00,0,0,0,1,0,0,1,0,0,1,0,0,1,0,0,1,0,0,1,0,0,1,0,10,A,7,10,A,7,16.7,A,7,16.7,A,7,100,A,7,983,A,7,100,A,7,3.1,A,7,4800,B,7,460,A,7,2.9,E,8,0.000,?,0,0.00,?,0,8,1,D,9,80,C,8
09/11/1987,04:00,0,0,0,1,0,0,1,0,0,1,0,0,1,0,0,1,0,0,1,0,0,1,0,10,A,7,10,A,7,17.2,A,7,16.1,A,7,93,A,7,982,A,7,100,A,7,3.6,A,7,6400,B,7,1520,A,7,2.8,E,8,0.000,?,0,0.00,?,0,8,1,D,9,45,C,8
09/11/1987,05:00,0,0,0,1,0,0,1,0,0,1,0,0,1,0,0,1,0,0,1,0,0,1,0,10,A,7,10,A,7,17.2,A,7,16.7,A,7,97,A,7,982,A,7,120,A,7,4.1,A,7,6400,B,7,1520,A,7,2.9,E,8,0.000,?,0,0.00,?,0,25,1,D,9,45,C,8
09/11/1987,06:00,0,0,0,1,0,0,1,0,0,1,0,0,1,0,0,1,0,0,1,0,0,1,0,10,A,7,10,A,7,17.2,A,7,16.7,A,7,97,A,7,982,A,7,120,A,7,5.2,A,7,6400,B,7,2130,A,7,2.9,E,8,0.000,?,0,0.00,?,0,5,1,D,9,45,C,8
09/11/1987,07:00,68,1023,20,1,13,2,1,9,20,1,13,23,1,13,0,1,9,23,1,13,69,1,21,8,A,7,8,A,7,17.2,A,7,16.7,A,7,97,A,7,982,A,7,120,A,7,2.1,A,7,6400,B,7,2130,A,7,2.9,E,8,0.000,F,8,0.00,?,0,0,1,D,9,45,C,8
09/11/1987,08:00,309,1348,145,1,13,355,1,9,63,1,13,153,1,13,284,1,9,88,1,13,113,1,21,2,A,7,2,A,7,18.3,A,7,17.2,A,7,93,A,7,982,A,7,120,A,7,3.1,A,7,4000,B,7,77777,A,7,2.9,E,8,0.000,F,8,0.00,?,0,0,1,D,9,45,C,8
09/11/1987,09:00,548,1348,352,1,9,653,1,9,84,1,13,368,1,9,625,1,9,114,1,13,170,1,18,2,A,7,2,A,7,20.0,A,7,17.2,A,7,84,A,7,982,A,7,130,A,7,3.1,A,7,6400,B,7,77777,A,7,3.0,E,8,0.000,F,8,0.00,?,0,0,1,D,9,45,C,8
09/11/1987,10:00,754,1348,501,1,9,663,1,9,128,1,13,527,1,9,663,1,9,155,1,13,290,1,18,5,A,7,2,A,7,22.2,A,7,17.8,A,7,76,A,7,982,A,7,170,A,7,3.6,A,7,6400,B,7,77777,A,7,3.1,E,8,0.000,F,8,0.00,?,0,0,1,D,9,05,C,8
09/11/1987,11:00,915,1348,549,1,13,517,1,13,197,1,13,595,1,13,536,1,13,231,1,13,522,1,23,5,A,7,4,A,7,23.9,A,7,18.3,A,7,71,A,7,983,A,7,160,A,7,4.6,A,7,8000,B,7,77777,A,7,3.2,E,8,0.000,F,8,0.00,?,0,0,1,D,9,05,C,8
09/11/1987,12:00,1018,1348,429,1,9,75,1,9,372,1,13,472,1,9,77,1,9,414,1,13,1376,1,18,9,A,7,9,A,7,24.4,A,7,17.8,A,7,67,A,7,982,A,7,170,A,7,5.2,A,7,9700,B,7,3050,A,7,3.1,E,8,0.000,F,8,0.00,?,0,0,1,D,9,05,C,8
09/11/1987,13:00,1057,1348,766,1,9,799,1,9,136,1,13,810,1,9,807,1,9,176,1,13,442,1,18,2,A,7,2,A,7,25.6,A,7,17.8,A,7,62,A,7,982,A,7,180,A,7,5.7,A,7,11300,B,7,77777,A,7,3.1,E,8,0.000,F,8,0.00,?,0,0,1,D,9,05,C,8
09/11/1987,14:00,1029,1348,707,1,13,696,1,13,172,1,13,752,1,13,712,1,13,207,1,13,560,1,23,3,A,7,3,A,7,26.1,A,7,17.8,A,7,60,A,7,982,A,7,200,A,7,5.2,A,7,11300,B,7,77777,A,7,3.0,E,8,0.000,F,8,0.00,?,0,0,1,D,9,00,C,8
09/11/1987,15:00,935,1348,667,1,13,729,1,13,157,1,13,706,1,13,742,1,13,190,1,13,437,1,23,4,A,7,4,A,7,25.0,A,7,17.8,A,7,64,A,7,981,A,7,210,A,7,5.7,A,7,12900,B,7,77777,A,7,3.0,E,8,0.000,F,8,0.00,?,0,0,1,D,9,00,C,8
09/11/1987,16:00,783,1348,437,1,13,355,1,13,228,1,13,470,1,13,376,1,13,250,1,13,550,1,23,5,A,7,5,A,7,25.6,A,7,16.1,A,7,56,A,7,981,A,7,220,A,7,5.2,A,7,12900,B,7,77777,A,7,2.8,E,8,0.000,F,8,0.00,?,0,0,1,D,9,00,C,8
09/11/1987,17:00,583,1348,339,1,13,543,1,13,101,1,13,351,1,13,523,1,13,125,1,13,204,1,23,4,A,7,3,A,7,25.6,A,7,16.1,A,7,56,A,7,981,A,7,190,A,7,6.2,A,7,12900,B,7,77777,A,7,2.8,E,8,0.000,F,8,0.00,?,0,0,1,D,9,00,C,8
09/11/1987,18:00,348,1348,171,1,13,376,1,13,72,1,13,180,1,13,315,1,13,98,1,13,131,1,23,4,A,7,3,A,7,24.4,A,7,16.7,A,7,62,A,7,981,A,7,210,A,7,4.1,A,7,12900,B,7,77777,A,7,2.9,E,8,0.000,F,8,0.00,?,0,0,1,D,9,00,C,8
09/11/1987,19:00,100,1225,35,1,13,38,1,13,32,1,13,38,1,13,19,1,13,37,1,13,66,1,23,6,A,7,6,A,7,23.3,A,7,17.2,A,7,69,A,7,982,A,7,210,A,7,3.6,A,7,12900,B,7,980,A,7,3.0,E,8,0.000,F,8,0.00,?,0,0,1,D,9,00,C,8
09/11/1987,20:00,0,0,0,1,0,0,1,0,0,1,0,0,1,0,0,1,0,0,1,0,0,1,0,4,A,7,2,A,7,20.0,A,7,17.2,A,7,84,A,7,982,A,7,280,A,7,1.5,A,7,12900,B,7,77777,A,7,3.0,E,8,0.000,?,0,0.00,?,0,0,1,D,9,00,C,8
09/11/1987,21:00,0,0,0,1,0,0,1,0,0,1,0,0,1,0,0,1,0,0,1,0,0,1,0,6,A,7,2,A,7,18.3,A,7,17.2,A,7,93,A,7,983,A,7,30,A,7,1.5,A,7,12900,B,7,77777,A,7,2.9,E,8,0.000,?,0,0.00,?,0,0,1,D,9,00,C,8
09/11/1987,22:00,0,0,0,1,0,0,1,0,0,1,0,0,1,0,0,1,0,0,1,0,0,1,0,6,A,7,2,A,7,17.2,A,7,16.7,A,7,97,A,7,983,A,7,0,A,7,0.0,A,7,12900,B,7,77777,A,7,2.9,E,8,0.000,?,0,0.00,?,0,0,1,D,9,00,C,8
09/11/1987,23:00,0,0,0,1,0,0,1,0,0,1,0,0,1,0,0,1,0,0,1,0,0,1,0,6,A,7,2,A,7,17.2,A,7,16.1,A,7,93,A,7,983,A,7,0,A,7,0.0,A,7,12900,B,7,77777,A,7,2.8,E,8,0.000,?,0,0.00,?,0,0,1,D,9,00,C,8
09/11/1987,24:00,0,0,0,1,0,0,1,0,0,1,0,0,1,0,0,1,0,0,1,0,0,1,0,6,A,7,2,A,7,17.2,A,7,16.1,A,7,93,A,7,982,A,7,80,A,7,3.1,A,7,12900,B,7,77777,A,7,2.8,E,8,0.000,?,0,0.00,?,0,0,1,D,9,00,C,8
09/12/1987,01:00,0,0,0,1,0,0,1,0,0,1,0,0,1,0,0,1,0,0,1,0,0,1,0,4,A,7,1,A,7,15.6,A,7,15.0,A,7,97,A,7,982,A,7,50,A,7,2.6,A,7,11300,B,7,77777,A,7,2.6,E,8,0.000,?,0,0.00,?,0,0,1,D,9,00,C,8
09/12/1987,02:00,0,0,0,1,0,0,1,0,0,1,0,0,1,0,0,1,0,0,1,0,0,1,0,7,A,7,1,A,7,15.6,A,7,15.0,A,7,97,A,7,982,A,7,170,A,7,2.1,A,7,11300,B,7,77777,A,7,2.6,E,8,0.000,?,0,0.00,?,0,0,1,D,9,00,C,8
09/12/1987,03:00,0,0,0,1,0,0,1,0,0,1,0,0,1,0,0,1,0,0,1,0,0,1,0,7,A,7,1,A,7,15.6,A,7,15.0,A,7,97,A,7,982,A,7,70,A,7,2.1,A,7,11300,B,7,77777,A,7,2.6,E,8,0.000,?,0,0.00,?,0,0,1,D,9,00,C,8
09/12/1987,04:00,0,0,0,1,0,0,1,0,0,1,0,0,1,0,0,1,0,0,1,0,0,1,0,8,A,7,1,A,7,15.0,A,7,14.4,A,7,97,A,7,982,A,7,0,A,7,0.0,A,7,8000,B,7,77777,A,7,2.5,E,8,0.000,?,0,0.00,?,0,0,1,D,9,00,C,8
09/12/1987,05:00,0,0,0,1,0,0,1,0,0,1,0,0,1,0,0,1,0,0,1,0,0,1,0,8,A,7,1,A,7,15.0,A,7,14.4,A,7,97,A,7,981,A,7,100,A,7,2.6,A,7,8000,B,7,77777,A,7,2.5,E,8,0.000,?,0,0.00,?,0,0,1,D,9,45,C,8
09/12/1987,06:00,0,0,0,1,0,0,1,0,0,1,0,0,1,0,0,1,0,0,1,0,0,1,0,9,A,7,1,A,7,15.6,A,7,15.0,A,7,97,A,7,981,A,7,110,A,7,2.1,A,7,6400,B,7,77777,A,7,2.6,E,8,0.000,?,0,0.00,?,0,0,1,D,9,45,C,8
09/12/1987,07:00,65,1001,28,1,13,35,1,13,25,1,13,30,1,13,16,1,13,29,1,13,52,1,23,10,A,7,4,A,7,15.0,A,7,14.4,A,7,97,A,7,982,A,7,60,A,7,1.5,A,7,2400,B,7,77777,A,7,2.5,E,8,0.000,F,8,0.00,?,0,0,1,D,9,45,C,8
09/12/1987,08:00,305,1349,129,1,13,174,1,9,90,1,13,136,1,13,139,1,9,104,1,13,177,1,21,6,A,7,2,A,7,17.2,A,7,16.7,A,7,97,A,7,982,A,7,260,A,7,2.1,A,7,2400,B,7,77777,A,7,2.9,E,8,0.000,F,8,0.00,?,0,0,1,D,9,45,C,8
09/12/1987,09:00,543,1349,348,1,9,688,1,9,69,1,13,362,1,9,654,1,9,98,1,13,142,1,18,0,A,7,0,A,7,20.6,A,7,17.8,A,7,84,A,7,982,A,7,230,A,7,2.1,A,7,4800,B,7,77777,A,7,3.1,E,8,0.000,F,8,0.00,?,0,0,1,D,9,45,C,8
09/12/1987,10:00,750,1349,489,1,13,633,1,13,135,1,13,512,1,13,631,1,13,160,1,13,302,1,23,3,A,7,3,A,7,22.2,A,7,17.8,A,7,76,A,7,982,A,7,270,A,7,2.6,A,7,6400,B,7,77777,A,7,3.1,E,8,0.000,F,8,0.00,?,0,0,1,D,9,45,C,8
09/12/1987,11:00,910,1349,560,1,13,483,1,13,233,1,13,597,1,13,500,1,13,259,1,13,622,1,23,3,A,7,3,A,7,24.4,A,7,17.8,A,7,67,A,7,981,A,7,0,A,7,0.0,A,7,8000,B,7,77777,A,7,3.1,E,8,0.000,F,8,0.00,?,0,0,1,D,9,05,C,8
09/12/1987,12:00,1013,1349,133,1,9,28,1,9,111,1,13,147,1,9,28,1,9,126,1,13,468,1,18,10,A,7,10,A,7,21.7,A,7,18.3,A,7,81,A,7,981,A,7,330,A,7,3.6,A,7,4800,B,7,1370,A,7,3.1,E,8,0.000,F,8,0.00,?,0,74,1,D,9,05,C,8
09/12/1987,13:00,1052,1349,186,1,9,3,1,9,184,1,13,227,1,9,2,1,9,225,1,13,920,1,18,10,A,7,10,A,7,18.3,A,7,16.7,A,7,90,A,7,983,A,7,130,A,7,3.1,A,7,1600,B,7,1220,A,7,2.9,E,8,0.000,F,8,0.00,?,0,51,1,D,9,81,C,8
09/12/1987,14:00,1023,1349,610,1,9,317,1,9,367,1,13,655,1,9,342,1,9,395,1,13,1199,1,18,8,A,7,8,A,7,20.6,A,7,15.6,A,7,73,A,7,981,A,7,320,A,7,5.2,A,7,16100,B,7,1370,A,7,2.7,E,8,0.000,F,8,0.00,?,0,3,1,D,9,81,C,8
09/12/1987,15:00,929,1349,651,1,9,757,1,9,125,1,13,681,1,9,760,1,9,156,1,13,324,1,18,1,A,7,1,A,7,22.8,A,7,15.0,A,7,62,A,7,981,A,7,30,A,7,3.6,A,7,16100,B,7,77777,A,7,2.6,E,8,0.000,F,8,0.00,?,0,0,1,D,9,00,C,8
09/12/1987,16:00,777,1349,515,1,9,672,1,9,124,1,13,542,1,9,676,1,9,152,1,13,289,1,18,3,A,7,2,A,7,23.9,A,7,15.6,A,7,60,A,7,981,A,7,30,A,7,3.1,A,7,16100,B,7,77777,A,7,2.7,E,8,0.000,F,8,0.00,?,0,0,1,D,9,00,C,8
09/12/1987,17:00,576,1349,220,1,13,93,1,13,180,1,13,241,1,13,91,1,13,202,1,13,511,1,23,9,A,7,7,A,7,23.9,A,7,15.6,A,7,60,A,7,981,A,7,30,A,7,3.1,A,7,16100,B,7,2440,A,7,2.7,E,8,0.000,F,8,0.00,?,0,0,1,D,9,00,C,8
09/12/1987,18:00,341,1349,124,1,13,88,1,13,101,1,13,134,1,13,76,1,13,115,1,13,222,1,23,8,A,7,6,A,7,20.6,A,7,16.7,A,7,79,A,7,981,A,7,100,A,7,3.1,A,7,16100,B,7,6100,A,7,2.9,E,8,0.000,F,8,0.00,?,0,0,1,D,9,00,C,8
09/12/1987,19:00,93,1181,39,1,13,86,1,13,30,1,13,39,1,13,36,1,13,36,1,13,55,1,23,8,A,7,4,A,7,18.3,A,7,16.7,A,7,90,A,7,981,A,7,110,A,7,2.6,A,7,16100,B,7,77777,A,7,2.8,E,8,0.000,F,8,0.00,?,0,0,1,D,9,00,C,8
09/12/1987,20:00,0,0,0,1,0,0,1,0,0,1,0,0,1,0,0,1,0,0,1,0,0,1,0,5,A,7,5,A,7,18.3,A,7,16.7,A,7,90,A,7,981,A,7,330,A,7,2.1,A,7,16100,B,7,77777,A,7,2.8,E,8,0.000,?,0,0.00,?,0,0,1,D,9,00,C,8
09/12/1987,21:00,0,0,0,1,0,0,1,0,0,1,0,0,1,0,0,1,0,0,1,0,0,1,0,5,A,7,5,A,7,17.2,A,7,15.6,A,7,90,A,7,981,A,7,150,A,7,2.1,A,7,16100,B,7,77777,A,7,2.7,E,8,0.000,?,0,0.00,?,0,0,1,D,9,00,C,8
09/12/1987,22:00,0,0,0,1,0,0,1,0,0,1,0,0,1,0,0,1,0,0,1,0,0,1,0,3,A,7,2,A,7,16.7,A,7,15.6,A,7,93,A,7,981,A,7,90,A,7,2.6,A,7,11300,B,7,77777,A,7,2.7,E,8,0.000,?,0,0.00,?,0,0,1,D,9,00,C,8
09/12/1987,23:00,0,0,0,1,0,0,1,0,0,1,0,0,1,0,0,1,0,0,1,0,0,1,0,4,A,7,3,A,7,15.6,A,7,15.0,A,7,97,A,7,981,A,7,160,A,7,2.6,A,7,9700,B,7,77777,A,7,2.6,E,8,0.000,?,0,0.00,?,0,0,1,D,9,00,C,8
09/12/1987,24:00,0,0,0,1,0,0,1,0,0,1,0,0,1,0,0,1,0,0,1,0,0,1,0,4,A,7,3,A,7,14.4,A,7,13.9,A,7,97,A,7,981,A,7,260,A,7,3.1,A,7,9700,B,7,77777,A,7,2.4,E,8,0.000,?,0,0.00,?,0,0,1,D,9,45,C,8
09/13/1987,01:00,0,0,0,1,0,0,1,0,0,1,0,0,1,0,0,1,0,0,1,0,0,1,0,8,A,7,2,A,7,15.0,A,7,13.9,A,7,93,A,7,981,A,7,250,A,7,3.1,A,7,9700,B,7,77777,A,7,2.4,E,8,0.000,?,0,0.00,?,0,0,1,D,9,45,C,8
09/13/1987,02:00,0,0,0,1,0,0,1,0,0,1,0,0,1,0,0,1,0,0,1,0,0,1,0,6,A,7,1,A,7,13.9,A,7,13.3,A,7,97,A,7,981,A,7,270,A,7,3.6,A,7,9700,B,7,77777,A,7,2.4,E,8,0.000,?,0,0.00,?,0,0,1,D,9,45,C,8
09/13/1987,03:00,0,0,0,1,0,0,1,0,0,1,0,0,1,0,0,1,0,0,1,0,0,1,0,2,A,7,0,A,7,13.3,A,7,12.2,A,7,93,A,7,982,A,7,270,A,7,3.1,A,7,11300,B,7,77777,A,7,2.2,E,8,0.000,?,0,0.00,?,0,0,1,D,9,45,C,8
09/13/1987,04:00,0,0,0,1,0,0,1,0,0,1,0,0,1,0,0,1,0,0,1,0,0,1,0,1,A,7,0,A,7,12.2,A,7,11.7,A,7,96,A,7,982,A,7,270,A,7,3.1,A,7,11300,B,7,77777,A,7,2.1,E,8,0.000,?,0,0.00,?,0,0,1,D,9,00,C,8
09/13/1987,05:00,0,0,0,1,0,0,1,0,0,1,0,0,1,0,0,1,0,0,1,0,0,1,0,0,A,7,0,A,7,11.7,A,7,11.1,A,7,96,A,7,982,A,7,260,A,7,2.6,A,7,11300,B,7,77777,A,7,2.0,E,8,0.000,?,0,0.00,?,0,0,1,D,9,00,C,8
09/13/1987,06:00,0,0,0,1,0,0,1,0,0,1,0,0,1,0,0,1,0,0,1,0,0,1,0,1,A,7,0,A,7,11.1,A,7,10.0,A,7,93,A,7,983,A,7,260,A,7,3.1,A,7,11300,B,7,77777,A,7,1.9,E,8,0.000,?,0,0.00,?,0,0,1,D,9,00,C,8
09/13/1987,07:00,61,979,25,1,13,7,1,9,24,1,13,27,1,13,0,1,9,27,1,13,77,1,21,4,A,7,0,A,7,10.6,A,7,10.0,A,7,96,A,7,983,A,7,240,A,7,2.1,A,7,11300,B,7,77777,A,7,1.9,E,8,0.000,F,8,0.00,?,0,0,1,D,9,00,C,8
09/13/1987,08:00,301,1350,116,1,13,138,1,13,85,1,13,126,1,13,113,1,13,101,1,13,184,1,23,7,A,7,3,A,7,14.4,A,7,12.8,A,7,90,A,7,983,A,7,280,A,7,2.6,A,7,11300,B,7,77777,A,7,2.3,E,8,0.000,F,8,0.00,?,0,0,1,D,9,00,C,8
09/13/1987,09:00,539,1350,283,1,9,327,1,9,151,1,13,301,1,9,323,1,9,172,1,13,315,1,18,5,A,7,2,A,7,17.2,A,7,12.8,A,7,75,A,7,983,A,7,290,A,7,3.6,A,7,19300,B,7,77777,A,7,2.3,E,8,0.000,F,8,0.00,?,0,0,1,D,9,00,C,8
09/13/1987,10:00,746,1350,378,1,13,317,1,13,202,1,13,409,1,13,334,1,13,224,1,13,468,1,23,4,A,7,3,A,7,18.3,A,7,11.7,A,7,65,A,7,984,A,7,290,A,7,5.7,A,7,24100,B,7,77777,A,7,2.1,E,8,0.000,F,8,0.00,?,0,0,1,D,9,00,C,8
09/13/1987,11:00,906,1350,576,1,13,478,1,13,253,1,13,607,1,13,494,1,13,275,1,13,676,1,23,4,A,7,3,A,7,19.4,A,7,9.4,A,7,53,A,7,984,A,7,290,A,7,5.2,A,7,24100,B,7,77777,A,7,1.9,E,8,0.000,F,8,0.00,?,0,0,1,D,9,00,C,8
09/13/1987,12:00,1008,1350,674,1,13,553,1,13,259,1,13,721,1,13,575,1,13,290,1,13,808,1,23,4,A,7,3,A,7,20.6,A,7,8.9,A,7,47,A,7,984,A,7,220,A,7,4.6,A,7,24100,B,7,77777,A,7,1.8,E,8,0.000,F,8,0.00,?,0,0,1,D,9,00,C,8
09/13/1987,13:00,1047,1350,613,1,13,294,1,13,383,1,13,659,1,13,318,1,13,412,1,13,1302,1,23,8,A,7,7,A,7,20.6,A,7,8.9,A,7,47,A,7,984,A,7,260,A,7,5.2,A,7,24100,B,7,2440,A,7,1.8,E,8,0.000,F,8,0.00,?,0,0,1,D,9,00,C,8
09/13/1987,14:00,1018,1350,380,1,9,81,1,9,318,1,13,418,1,9,83,1,9,356,1,13,1210,1,18,10,A,7,9,A,7,18.3,A,7,10.6,A,7,61,A,7,984,A,7,280,A,7,5.7,A,7,19300,B,7,850,A,7,2.0,E,8,0.000,F,8,0.00,?,0,0,1,D,9,00,C,8
09/13/1987,15:00,923,1350,371,1,9,112,1,9,293,1,13,406,1,9,119,1,9,325,1,13,869,1,18,9,A,7,9,A,7,17.8,A,7,12.2,A,7,70,A,7,983,A,7,140,A,7,3.1,A,7,19300,B,7,3050,A,7,2.2,E,8,0.000,F,8,0.00,?,0,0,1,D,9,00,C,8
09/13/1987,16:00,771,1350,294,1,9,49,1,9,266,1,13,323,1,9,50,1,9,295,1,13,827,1,18,10,A,7,9,A,7,18.3,A,7,12.2,A,7,68,A,7,983,A,7,280,A,7,5.2,A,7,19300,B,7,3050,A,7,2.2,E,8,0.000,F,8,0.00,?,0,0,1,D,9,00,C,8
09/13/1987,17:00,569,1350,123,1,9,41,1,9,105,1,13,135,1,9,39,1,9,118,1,13,325,1,18,9,A,7,9,A,7,17.2,A,7,12.2,A,7,73,A,7,984,A,7,290,A,7,4.1,A,7,19300,B,7,3050,A,7,2.2,E,8,0.000,F,8,0.00,?,0,0,1,D,9,00,C,8
09/13/1987,18:00,334,1350,118,1,13,84,1,13,96,1,13,127,1,13,72,1,13,109,1,13,210,1,23,4,A,7,3,A,7,16.1,A,7,11.7,A,7,75,A,7,984,A,7,300,A,7,5.2,A,7,19300,B,7,77777,A,7,2.1,E,8,0.000,F,8,0.00,?,0,0,1,D,9,00,C,8
09/13/1987,19:00,87,1159,22,1,13,7,1,13,21,1,13,24,1,13,4,1,13,23,1,13,52,1,23,3,A,7,3,A,7,14.4,A,7,11.7,A,7,84,A,7,985,A,7,340,A,7,2.1,A,7,19300,B,7,77777,A,7,2.1,E,8,0.000,F,8,0.00,?,0,0,1,D,9,00,C,8
09/13/1987,20:00,0,0,0,1,0,0,1,0,0,1,0,0,1,0,0,1,0,0,1,0,0,1,0,2,A,7,2,A,7,12.2,A,7,11.1,A,7,93,A,7,985,A,7,350,A,7,2.1,A,7,19300,B,7,77777,A,7,2.1,E,8,0.000,?,0,0.00,?,0,0,1,D,9,00,C,8
09/13/1987,21:00,0,0,0,1,0,0,1,0,0,1,0,0,1,0,0,1,0,0,1,0,0,1,0,0,A,7,0,A,7,11.1,A,7,10.6,A,7,96,A,7,985,A,7,140,A,7,2.1,A,7,19300,B,7,77777,A,7,2.0,E,8,0.000,?,0,0.00,?,0,0,1,D,9,00,C,8
09/13/1987,22:00,0,0,0,1,0,0,1,0,0,1,0,0,1,0,0,1,0,0,1,0,0,1,0,0,A,7,0,A,7,10.0,A,7,9.4,A,7,96,A,7,986,A,7,70,A,7,2.1,A,7,19300,B,7,77777,A,7,1.9,E,8,0.000,?,0,0.00,?,0,0,1,D,9,00,C,8
09/13/1987,23:00,0,0,0,1,0,0,1,0,0,1,0,0,1,0,0,1,0,0,1,0,0,1,0,0,A,7,0,A,7,9.4,A,7,8.9,A,7,96,A,7,986,A,7,40,A,7,2.1,A,7,19300,B,7,77777,A,7,1.8,E,8,0.000,?,0,0.00,?,0,0,1,D,9,00,C,8
09/13/1987,24:00,0,0,0,1,0,0,1,0,0,1,0,0,1,0,0,1,0,0,1,0,0,1,0,0,A,7,0,A,7,8.9,A,7,8.3,A,7,96,A,7,986,A,7,0,A,7,0.0,A,7,16100,B,7,77777,A,7,1.7,E,8,0.000,?,0,0.00,?,0,0,1,D,9,00,C,8
09/14/1987,01:00,0,0,0,1,0,0,1,0,0,1,0,0,1,0,0,1,0,0,1,0,0,1,0,0,A,7,0,A,7,8.3,A,7,7.8,A,7,96,A,7,986,A,7,0,A,7,0.0,A,7,12900,B,7,77777,A,7,1.7,E,8,0.000,?,0,0.00,?,0,0,1,D,9,00,C,8
09/14/1987,02:00,0,0,0,1,0,0,1,0,0,1,0,0,1,0,0,1,0,0,1,0,0,1,0,0,A,7,0,A,7,7.8,A,7,7.2,A,7,96,A,7,986,A,7,0,A,7,0.0,A,7,12900,B,7,77777,A,7,1.6,E,8,0.000,?,0,0.00,?,0,0,1,D,9,00,C,8
09/14/1987,03:00,0,0,0,1,0,0,1,0,0,1,0,0,1,0,0,1,0,0,1,0,0,1,0,0,A,7,0,A,7,7.8,A,7,7.2,A,7,96,A,7,987,A,7,0,A,7,0.0,A,7,12900,B,7,77777,A,7,1.6,E,8,0.000,?,0,0.00,?,0,0,1,D,9,00,C,8
09/14/1987,04:00,0,0,0,1,0,0,1,0,0,1,0,0,1,0,0,1,0,0,1,0,0,1,0,0,A,7,0,A,7,7.2,A,7,6.7,A,7,96,A,7,987,A,7,0,A,7,0.0,A,7,11300,B,7,77777,A,7,1.6,E,8,0.000,?,0,0.00,?,0,0,1,D,9,00,C,8
09/14/1987,05:00,0,0,0,1,0,0,1,0,0,1,0,0,1,0,0,1,0,0,1,0,0,1,0,0,A,7,0,A,7,6.7,A,7,6.7,A,7,100,A,7,987,A,7,0,A,7,0.0,A,7,8000,B,7,77777,A,7,1.6,E,8,0.000,?,0,0.00,?,0,0,1,D,9,00,C,8
09/14/1987,06:00,0,0,0,1,0,0,1,0,0,1,0,0,1,0,0,1,0,0,1,0,0,1,0,0,A,7,0,A,7,8.3,A,7,7.8,A,7,96,A,7,988,A,7,210,A,7,2.6,A,7,8000,B,7,77777,A,7,1.7,E,8,0.000,?,0,0.00,?,0,0,1,D,9,45,C,8
09/14/1987,07:00,58,957,26,1,13,55,1,9,20,1,13,25,1,13,19,1,9,24,1,13,35,1,21,0,A,7,0,A,7,8.3,A,7,7.8,A,7,96,A,7,988,A,7,0,A,7,0.0,A,7,6400,B,7,77777,A,7,1.7,E,8,0.000,F,8,0.00,?,0,0,1,D,9,45,C,8
09/14/1987,08:00,296,1351,147,1,13,406,1,9,57,1,13,150,1,13,321,1,9,79,1,13,103,1,21,0,A,7,0,A,7,13.9,A,7,11.7,A,7,87,A,7,989,A,7,220,A,7,2.6,A,7,11300,B,7,77777,A,7,2.2,E,8,0.000,F,8,0.00,?,0,0,1,D,9,11,C,8
09/14/1987,09:00,535,1351,334,1,9,618,1,9,87,1,13,348,1,9,587,1,9,115,1,13,173,1,18,0,A,7,0,A,7,15.6,A,7,12.2,A,7,81,A,7,989,A,7,240,A,7,3.1,A,7,12900,B,7,77777,A,7,2.2,E,8,0.000,F,8,0.00,?,0,0,1,D,9,00,C,8
09/14/1987,10:00,741,1351,474,1,9,651,1,9,114,1,13,501,1,9,652,1,9,142,1,13,259,1,18,1,A,7,1,A,7,17.2,A,7,12.8,A,7,75,A,7,989,A,7,280,A,7,3.6,A,7,16100,B,7,77777,A,7,2.3,E,8,0.000,F,8,0.00,?,0,0,1,D,9,00,C,8
09/14/1987,11:00,901,1351,379,1,13,205,1,13,242,1,13,415,1,13,220,1,13,267,1,13,643,1,23,6,A,7,5,A,7,19.4,A,7,11.1,A,7,59,A,7,990,A,7,260,A,7,4.1,A,7,16100,B,7,610,A,7,2.1,E,8,0.000,F,8,0.00,?,0,0,1,D,9,00,C,8
09/14/1987,12:00,1004,1351,685,1,13,621,1,13,220,1,13,714,1,13,626,1,13,247,1,13,661,1,23,5,A,7,5,A,7,19.4,A,7,9.4,A,7,53,A,7,989,A,7,260,A,7,4.1,A,7,24100,B,7,77777,A,7,1.9,E,8,0.000,F,8,0.00,?,0,0,1,D,9,00,C,8
09/14/1987,13:00,1042,1351,720,1,13,635,1,13,227,1,13,752,1,13,641,1,13,256,1,13,734,1,23,5,A,7,4,A,7,21.1,A,7,10.6,A,7,51,A,7,989,A,7,260,A,7,6.2,A,7,24100,B,7,77777,A,7,2.0,E,8,0.000,F,8,0.00,?,0,0,1,D,9,00,C,8
09/14/1987,14:00,1012,1351,732,1,13,706,1,13,199,1,13,769,1,13,716,1,13,231,1,13,616,1,23,4,A,7,4,A,7,20.0,A,7,10.0,A,7,53,A,7,989,A,7,300,A,7,4.6,A,7,24100,B,7,77777,A,7,1.9,E,8,0.000,F,8,0.00,?,0,0,1,D,9,00,C,8
09/14/1987,15:00,917,1351,649,1,13,667,1,13,192,1,13,675,1,13,671,1,13,218,1,13,505,1,23,4,A,7,3,A,7,22.2,A,7,11.1,A,7,50,A,7,988,A,7,300,A,7,5.2,A,7,24100,B,7,77777,A,7,2.1,E,8,0.000,F,8,0.00,?,0,0,1,D,9,00,C,8
09/14/1987,16:00,764,1351,458,1,13,479,1,13,184,1,13,485,1,13,488,1,13,209,1,13,414,1,23,4,A,7,3,A,7,21.7,A,7,11.1,A,7,51,A,7,988,A,7,250,A,7,4.6,A,7,24100,B,7,77777,A,7,2.1,E,8,0.000,F,8,0.00,?,0,0,1,D,9,00,C,8
09/14/1987,17:00,562,1351,336,1,13,474,1,13,136,1,13,352,1,13,459,1,13,160,1,13,269,1,23,3,A,7,3,A,7,21.7,A,7,11.1,A,7,51,A,7,987,A,7,260,A,7,2.6,A,7,24100,B,7,77777,A,7,2.1,E,8,0.000,F,8,0.00,?,0,0,1,D,9,00,C,8
09/14/1987,18:00,327,1351,160,1,13,277,1,13,91,1,13,167,1,13,228,1,13,112,1,13,177,1,23,3,A,7,3,A,7,21.1,A,7,11.7,A,7,55,A,7,987,A,7,250,A,7,2.1,A,7,24100,B,7,77777,A,7,2.1,E,8,0.000,F,8,0.00,?,0,0,1,D,9,00,C,8
09/14/1987,19:00,81,1114,34,1,13,81,1,9,26,1,13,34,1,13,32,1,9,32,1,13,47,1,21,2,A,7,0,A,7,18.3,A,7,11.1,A,7,63,A,7,987,A,7,220,A,7,2.6,A,7,24100,B,7,77777,A,7,2.1,E,8,0.000,F,8,0.00,?,0,0,1,D,9,00,C,8
09/14/1987,20:00,0,0,0,1,0,0,1,0,0,1,0,0,1,0,0,1,0,0,1,0,0,1,0,2,A,7,0,A,7,14.4,A,7,12.2,A,7,87,A,7,987,A,7,110,A,7,2.1,A,7,24100,B,7,77777,A,7,2.2,E,8,0.000,?,0,0.00,?,0,0,1,D,9,00,C,8
09/14/1987,21:00,0,0,0,1,0,0,1,0,0,1,0,0,1,0,0,1,0,0,1,0,0,1,0,3,A,7,0,A,7,12.8,A,7,11.7,A,7,93,A,7,988,A,7,40,A,7,2.1,A,7,24100,B,7,77777,A,7,2.1,E,8,0.000,?,0,0.00,?,0,0,1,D,9,00,C,8
09/14/1987,22:00,0,0,0,1,0,0,1,0,0,1,0,0,1,0,0,1,0,0,1,0,0,1,0,3,A,7,0,A,7,11.7,A,7,10.6,A,7,93,A,7,988,A,7,330,A,7,2.1,A,7,24100,B,7,77777,A,7,2.0,E,8,0.000,?,0,0.00,?,0,0,1,D,9,00,C,8
09/14/1987,23:00,0,0,0,1,0,0,1,0,0,1,0,0,1,0,0,1,0,0,1,0,0,1,0,3,A,7,0,A,7,11.1,A,7,10.6,A,7,96,A,7,987,A,7,100,A,7,2.1,A,7,24100,B,7,77777,A,7,2.0,E,8,0.000,?,0,0.00,?,0,0,1,D,9,00,C,8
09/14/1987,24:00,0,0,0,1,0,0,1,0,0,1,0,0,1,0,0,1,0,0,1,0,0,1,0,3,A,7,0,A,7,10.0,A,7,9.4,A,7,96,A,7,987,A,7,70,A,7,2.1,A,7,24100,B,7,77777,A,7,1.9,E,8,0.000,?,0,0.00,?,0,0,1,D,9,00,C,8
09/15/1987,01:00,0,0,0,1,0,0,1,0,0,1,0,0,1,0,0,1,0,0,1,0,0,1,0,7,A,7,4,A,7,9.4,A,7,8.9,A,7,96,A,7,986,A,7,50,A,7,2.1,A,7,16100,B,7,7620,A,7,1.8,E,8,0.000,?,0,0.00,?,0,0,1,D,9,00,C,8
09/15/1987,02:00,0,0,0,1,0,0,1,0,0,1,0,0,1,0,0,1,0,0,1,0,0,1,0,8,A,7,6,A,7,10.6,A,7,10.0,A,7,96,A,7,986,A,7,70,A,7,1.5,A,7,16100,B,7,7620,A,7,1.9,E,8,0.000,?,0,0.00,?,0,0,1,D,9,00,C,8
09/15/1987,03:00,0,0,0,1,0,0,1,0,0,1,0,0,1,0,0,1,0,0,1,0,0,1,0,10,A,7,10,A,7,12.8,A,7,11.1,A,7,90,A,7,986,A,7,0,A,7,0.0,A,7,16100,B,7,1680,A,7,2.1,E,8,0.000,?,0,0.00,?,0,0,1,D,9,00,C,8
09/15/1987,04:00,0,0,0,1,0,0,1,0,0,1,0,0,1,0,0,1,0,0,1,0,0,1,0,10,A,7,10,A,7,13.3,A,7,11.7,A,7,90,A,7,986,A,7,20,A,7,3.6,A,7,16100,B,7,3050,A,7,2.1,E,8,0.000,?,0,0.00,?,0,0,1,D,9,00,C,8
09/15/1987,05:00,0,0,0,1,0,0,1,0,0,1,0,0,1,0,0,1,0,0,1,0,0,1,0,10,A,7,10,A,7,13.3,A,7,12.2,A,7,93,A,7,987,A,7,200,A,7,3.1,A,7,6400,B,7,1680,A,7,2.2,E,8,0.000,?,0,0.00,?,0,8,1,D,9,00,C,8
09/15/1987,06:00,0,0,0,1,0,0,1,0,0,1,0,0,1,0,0,1,0,0,1,0,0,1,0,10,A,7,10,A,7,13.9,A,7,12.8,A,7,93,A,7,987,A,7,130,A,7,3.6,A,7,6400,B,7,1520,A,7,2.3,E,8,0.000,?,0,0.00,?,0,30,1,D,9,61,C,8
09/15/1987,07:00,55,935,8,1,13,1,1,9,8,1,13,10,1,13,0,1,9,10,1,13,31,1,21,10,A,7,10,A,7,13.9,A,7,13.3,A,7,97,A,7,987,A,7,140,A,7,4.1,A,7,1600,B,7,980,A,7,2.4,E,8,0.000,F,8,0.00,?,0,36,1,D,9,61,C,8
09/15/1987,08:00,292,1351,40,1,13,2,1,9,40,1,13,48,1,13,1,1,9,47,1,13,160,1,21,10,A,7,10,A,7,14.4,A,7,13.9,A,7,97,A,7,986,A,7,130,A,7,4.6,A,7,2400,B,7,910,A,7,2.4,E,8,0.000,F,8,0.00,?,0,18,1,D,9,45,C,8
09/15/1987,09:00,531,1351,204,1,9,161,1,9,140,1,13,223,1,9,158,1,9,161,1,13,327,1,18,9,A,7,9,A,7,15.6,A,7,14.4,A,7,93,A,7,986,A,7,160,A,7,4.1,A,7,4800,B,7,3050,A,7,2.5,E,8,0.000,F,8,0.00,?,0,0,1,D,9,45,C,8
09/15/1987,10:00,737,1351,410,1,13,425,1,13,176,1,13,435,1,13,431,1,13,199,1,13,387,1,23,7,A,7,6,A,7,17.2,A,7,15.0,A,7,87,A,7,986,A,7,180,A,7,5.2,A,7,8000,B,7,3660,A,7,2.6,E,8,0.000,F,8,0.00,?,0,0,1,D,9,45,C,8
09/15/1987,11:00,897,1351,412,1,13,207,1,13,274,1,13,453,1,13,219,1,13,307,1,13,793,1,23,7,A,7,6,A,7,19.4,A,7,15.6,A,7,78,A,7,986,A,7,180,A,7,4.6,A,7,11300,B,7,3660,A,7,2.7,E,8,0.000,F,8,0.00,?,0,0,1,D,9,45,C,8
09/15/1987,12:00,999,1351,591,1,13,471,1,13,240,1,13,635,1,13,490,1,13,271,1,13,731,1,23,8,A,7,7,A,7,20.0,A,7,15.6,A,7,76,A,7,986,A,7,190,A,7,4.6,A,7,11300,B,7,3050,A,7,2.7,E,8,0.000,F,8,0.00,?,0,0,1,D,9,00,C,8
09/15/1987,13:00,1036,1351,622,1,13,399,1,13,314,1,13,678,1,13,432,1,13,346,1,13,1018,1,23,8,A,7,7,A,7,21.7,A,7,16.1,A,7,71,A,7,985,A,7,180,A,7,5.2,A,7,12900,B,7,3050,A,7,2.8,E,8,0.000,F,8,0.00,?,0,0,1,D,9,00,C,8
09/15/1987,14:00,1007,1351,600,1,13,437,1,13,272,1,13,637,1,13,454,1,13,298,1,13,847,1,23,8,A,7,6,A,7,22.8,A,7,16.7,A,7,69,A,7,984,A,7,130,A,7,4.6,A,7,16100,B,7,3050,A,7,2.9,E,8,0.000,F,8,0.00,?,0,0,1,D,9,00,C,8
09/15/1987,15:00,911,1351,487,1,13,395,1,13,218,1,13,521,1,13,409,1,13,244,1,13,578,1,23,7,A,7,7,A,7,22.2,A,7,16.7,A,7,71,A,7,984,A,7,150,A,7,4.1,A,7,16100,B,7,3660,A,7,2.9,E,8,0.000,F,8,0.00,?,0,0,1,D,9,00,C,8
09/15/1987,16:00,758,1351,461,1,13,494,1,13,181,1,13,489,1,13,503,1,13,206,1,13,405,1,23,5,A,7,4,A,7,23.3,A,7,16.7,A,7,66,A,7,984,A,7,140,A,7,3.1,A,7,16100,B,7,77777,A,7,2.9,E,8,0.000,F,8,0.00,?,0,0,1,D,9,00,C,8
09/15/1987,17:00,555,1351,302,1,13,429,1,13,123,1,13,319,1,13,415,1,13,148,1,13,240,1,23,5,A,7,4,A,7,23.9,A,7,16.7,A,7,64,A,7,984,A,7,120,A,7,2.6,A,7,16100,B,7,77777,A,7,2.9,E,8,0.000,F,8,0.00,?,0,0,1,D,9,00,C,8
09/15/1987,18:00,319,1351,157,1,13,275,1,13,91,1,13,165,1,13,224,1,13,111,1,13,178,1,23,6,A,7,6,A,7,22.2,A,7,16.7,A,7,71,A,7,984,A,7,190,A,7,3.6,A,7,16100,B,7,700,A,7,2.9,E,8,0.000,F,8,0.00,?,0,0,1,D,9,00,C,8
09/15/1987,19:00,75,1070,33,1,13,29,1,13,30,1,13,35,1,13,17,1,13,34,1,13,68,1,23,7,A,7,3,A,7,20.6,A,7,17.2,A,7,81,A,7,984,A,7,160,A,7,2.6,A,7,16100,B,7,77777,A,7,3.0,E,8,0.000,F,8,0.00,?,0,0,1,D,9,00,C,8
09/15/1987,20:00,0,0,0,1,0,0,1,0,0,1,0,0,1,0,0,1,0,0,1,0,0,1,0,7,A,7,2,A,7,19.4,A,7,17.2,A,7,87,A,7,984,A,7,170,A,7,2.6,A,7,16100,B,7,77777,A,7,3.0,E,8,0.000,?,0,0.00,?,0,0,1,D,9,00,C,8
09/15/1987,21:00,0,0,0,1,0,0,1,0,0,1,0,0,1,0,0,1,0,0,1,0,0,1,0,8,A,7,3,A,7,18.3,A,7,16.7,A,7,90,A,7,984,A,7,130,A,7,3.6,A,7,16100,B,7,77777,A,7,2.9,E,8,0.000,?,0,0.00,?,0,0,1,D,9,00,C,8
09/15/1987,22:00,0,0,0,1,0,0,1,0,0,1,0,0,1,0,0,1,0,0,1,0,0,1,0,10,A,7,10,A,7,18.3,A,7,16.7,A,7,90,A,7,984,A,7,150,A,7,3.1,A,7,9700,B,7,1520,A,7,2.9,E,8,0.000,?,0,0.00,?,0,0,1,D,9,00,C,8
09/15/1987,23:00,0,0,0,1,0,0,1,0,0,1,0,0,1,0,0,1,0,0,1,0,0,1,0,10,A,7,10,A,7,17.8,A,7,16.7,A,7,93,A,7,984,A,7,140,A,7,3.1,A,7,6400,B,7,1370,A,7,2.9,E,8,0.000,?,0,0.00,?,0,0,1,D,9,45,C,8
09/15/1987,24:00,0,0,0,1,0,0,1,0,0,1,0,0,1,0,0,1,0,0,1,0,0,1,0,10,A,7,10,A,7,17.8,A,7,16.7,A,7,93,A,7,984,A,7,150,A,7,3.1,A,7,6400,B,7,1520,A,7,2.9,E,8,0.000,?,0,0.00,?,0,0,1,D,9,45,C,8
09/16/1987,01:00,0,0,0,1,0,0,1,0,0,1,0,0,1,0,0,1,0,0,1,0,0,1,0,2,A,7,2,A,7,16.7,A,7,16.1,A,7,97,A,7,984,A,7,160,A,7,3.6,A,7,4800,B,7,77777,A,7,2.8,E,8,0.000,?,0,0.00,?,0,0,1,D,9,45,C,8
09/16/1987,02:00,0,0,0,1,0,0,1,0,0,1,0,0,1,0,0,1,0,0,1,0,0,1,0,2,A,7,2,A,7,16.7,A,7,15.6,A,7,93,A,7,984,A,7,120,A,7,2.6,A,7,4000,B,7,77777,A,7,2.7,E,8,0.000,?,0,0.00,?,0,0,1,D,9,45,C,8
09/16/1987,03:00,0,0,0,1,0,0,1,0,0,1,0,0,1,0,0,1,0,0,1,0,0,1,0,2,A,7,2,A,7,16.1,A,7,15.6,A,7,97,A,7,983,A,7,70,A,7,3.1,A,7,4000,B,7,77777,A,7,2.7,E,8,0.000,?,0,0.00,?,0,0,1,D,9,45,C,8
09/16/1987,04:00,0,0,0,1,0,0,1,0,0,1,0,0,1,0,0,1,0,0,1,0,0,1,0,8,A,7,8,A,7,16.1,A,7,15.6,A,7,97,A,7,983,A,7,90,A,7,3.1,A,7,2400,B,7,120,A,7,2.7,E,8,0.000,?,0,0.00,?,0,0,1,D,9,45,C,8
09/16/1987,05:00,0,0,0,1,0,0,1,0,0,1,0,0,1,0,0,1,0,0,1,0,0,1,0,8,A,7,8,A,7,16.7,A,7,16.1,A,7,97,A,7,983,A,7,60,A,7,2.6,A,7,2400,B,7,1220,A,7,2.8,E,8,0.000,?,0,0.00,?,0,0,1,D,9,45,C,8
09/16/1987,06:00,0,0,0,1,0,0,1,0,0,1,0,0,1,0,0,1,0,0,1,0,0,1,0,8,A,7,8,A,7,16.1,A,7,15.6,A,7,97,A,7,983,A,7,80,A,7,2.6,A,7,2400,B,7,90,A,7,2.7,E,8,0.000,?,0,0.00,?,0,0,1,D,9,45,C,8
09/16/1987,07:00,53,890,11,1,13,2,1,9,11,1,13,13,1,13,0,1,9,13,1,13,41,1,21,10,A,7,9,A,7,16.7,A,7,16.1,A,7,97,A,7,983,A,7,90,A,7,2.1,A,7,1200,B,7,6100,A,7,2.8,E,8,0.000,F,8,0.00,?,0,0,1,D,9,45,C,8
09/16/1987,08:00,287,1352,67,1,13,16,1,9,63,1,13,73,1,13,13,1,9,70,1,13,165,1,21,10,A,7,10,A,7,18.3,A,7,17.8,A,7,97,A,7,983,A,7,130,A,7,3.6,A,7,1600,B,7,3660,A,7,3.1,E,8,0.000,F,8,0.00,?,0,0,1,D,9,45,C,8
09/16/1987,09:00,526,1352,99,1,9,6,1,9,97,1,13,116,1,9,4,1,9,115,1,13,409,1,18,10,A,7,10,A,7,19.4,A,7,17.8,A,7,90,A,7,983,A,7,130,A,7,3.6,A,7,2400,B,7,7620,A,7,3.0,E,8,0.000,F,8,0.00,?,0,0,1,D,9,45,C,8
09/16/1987,10:00,733,1352,97,1,9,3,1,9,95,1,13,118,1,9,2,1,9,117,1,13,457,1,18,10,A,7,10,A,7,20.0,A,7,18.3,A,7,90,A,7,983,A,7,120,A,7,2.6,A,7,3200,B,7,3660,A,7,3.2,E,8,0.000,F,8,0.00,?,0,0,1,D,9,45,C,8
09/16/1987,11:00,892,1352,148,1,9,4,1,9,145,1,13,179,1,9,3,1,9,177,1,13,710,1,18,10,A,7,10,A,7,21.1,A,7,18.3,A,7,84,A,7,983,A,7,180,A,7,3.1,A,7,3200,B,7,3050,A,7,3.1,E,8,0.000,F,8,0.00,?,0,0,1,D,9,45,C,8
09/16/1987,12:00,994,1352,297,1,9,2,1,9,295,1,13,345,1,9,2,1,9,344,1,13,1299,1,18,10,A,7,10,A,7,21.7,A,7,18.3,A,7,81,A,7,982,A,7,130,A,7,2.6,A,7,4800,B,7,2440,A,7,3.1,E,8,0.000,F,8,0.00,?,0,0,1,D,9,45,C,8
09/16/1987,13:00,1031,1352,404,1,9,7,1,9,398,1,13,461,1,9,7,1,9,456,1,13,1605,1,18,10,A,7,10,A,7,22.2,A,7,18.3,A,7,79,A,7,982,A,7,180,A,7,3.1,A,7,4800,B,7,2740,A,7,3.2,E,8,0.000,F,8,0.00,?,0,0,1,D,9,45,C,8
09/16/1987,14:00,1001,1352,193,1,9,3,1,9,190,1,13,232,1,9,2,1,9,230,1,13,929,1,18,10,A,7,10,A,7,22.2,A,7,18.9,A,7,82,A,7,982,A,7,180,A,7,3.1,A,7,1600,B,7,640,A,7,3.3,E,8,0.000,F,8,0.00,?,0,30,1,D,9,05,C,8
09/16/1987,15:00,905,1352,289,1,9,2,1,9,288,1,13,333,1,9,2,1,9,331,1,13,1212,1,18,10,A,7,10,A,7,22.2,A,7,19.4,A,7,84,A,7,981,A,7,190,A,7,2.6,A,7,4800,B,7,610,A,7,3.3,E,8,0.000,F,8,0.00,?,0,5,1,D,9,05,C,8
09/16/1987,16:00,751,1352,136,1,9,3,1,9,134,1,13,161,1,9,2,1,9,160,1,13,619,1,18,10,A,7,10,A,7,21.7,A,7,19.4,A,7,87,A,7,981,A,7,210,A,7,4.6,A,7,4800,B,7,580,A,7,3.4,E,8,0.000,F,8,0.00,?,0,0,1,D,9,05,C,8
09/16/1987,17:00,548,1352,103,1,9,0,1,9,103,1,13,120,1,9,0,1,9,120,1,13,437,1,18,10,A,7,10,A,7,21.1,A,7,18.9,A,7,87,A,7,980,A,7,130,A,7,3.6,A,7,4800,B,7,1520,A,7,3.2,E,8,0.000,F,8,0.00,?,0,3,1,D,9,05,C,8
09/16/1987,18:00,312,1352,48,1,13,0,1,9,48,1,13,56,1,13,0,1,9,56,1,13,191,1,21,10,A,7,10,A,7,20.6,A,7,18.9,A,7,90,A,7,980,A,7,140,A,7,3.6,A,7,8000,B,7,2740,A,7,3.3,E,8,0.000,F,8,0.00,?,0,0,1,D,9,05,C,8
09/16/1987,19:00,69,1025,16,1,13,0,1,9,16,1,13,18,1,13,0,1,9,18,1,13,57,1,21,10,A,7,10,A,7,20.0,A,7,18.9,A,7,93,A,7,979,A,7,100,A,7,3.6,A,7,8000,B,7,2440,A,7,3.2,E,8,0.000,F,8,0.00,?,0,0,1,D,9,45,C,8
09/16/1987,20:00,0,0,0,1,0,0,1,0,0,1,0,0,1,0,0,1,0,0,1,0,0,1,0,10,A,7,10,A,7,20.0,A,7,18.9,A,7,93,A,7,979,A,7,90,A,7,3.6,A,7,4800,B,7,1370,A,7,3.2,E,8,0.000,?,0,0.00,?,0,0,1,D,9,45,C,8
09/16/1987,21:00,0,0,0,1,0,0,1,0,0,1,0,0,1,0,0,1,0,0,1,0,0,1,0,6,A,7,6,A,7,20.0,A,7,18.9,A,7,93,A,7,979,A,7,120,A,7,5.2,A,7,4800,B,7,1220,A,7,3.2,E,8,0.000,?,0,0.00,?,0,0,1,D,9,45,C,8
09/16/1987,22:00,0,0,0,1,0,0,1,0,0,1,0,0,1,0,0,1,0,0,1,0,0,1,0,8,A,7,8,A,7,20.0,A,7,18.9,A,7,93,A,7,979,A,7,90,A,7,4.1,A,7,4800,B,7,2900,A,7,3.2,E,8,0.000,?,0,0.00,?,0,0,1,D,9,45,C,8
09/16/1987,23:00,0,0,0,1,0,0,1,0,0,1,0,0,1,0,0,1,0,0,1,0,0,1,0,8,A,7,8,A,7,19.4,A,7,17.8,A,7,90,A,7,978,A,7,100,A,7,4.6,A,7,4800,B,7,1370,A,7,3.0,E,8,0.000,?,0,0.00,?,0,0,1,D,9,45,C,8
09/16/1987,24:00,0,0,0,1,0,0,1,0,0,1,0,0,1,0,0,1,0,0,1,0,0,1,0,10,A,7,10,A,7,18.9,A,7,17.2,A,7,90,A,7,978,A,7,120,A,7,4.6,A,7,4800,B,7,1220,A,7,2.9,E,8,0.000,?,0,0.00,?,0,0,1,D,9,45,C,8
09/17/1987,01:00,0,0,0,1,0,0,1,0,0,1,0,0,1,0,0,1,0,0,1,0,0,1,0,4,A,7,4,A,7,18.9,A,7,17.2,A,7,90,A,7,977,A,7,150,A,7,3.6,A,7,4800,B,7,77777,A,7,2.9,E,8,0.000,?,0,0.00,?,0,0,1,D,9,45,C,8
09/17/1987,02:00,0,0,0,1,0,0,1,0,0,1,0,0,1,0,0,1,0,0,1,0,0,1,0,3,A,7,3,A,7,18.3,A,7,17.2,A,7,93,A,7,976,A,7,120,A,7,4.6,A,7,4800,B,7,77777,A,7,2.9,E,8,0.000,?,0,0.00,?,0,0,1,D,9,45,C,8
09/17/1987,03:00,0,0,0,1,0,0,1,0,0,1,0,0,1,0,0,1,0,0,1,0,0,1,0,3,A,7,3,A,7,18.3,A,7,16.7,A,7,90,A,7,975,A,7,120,A,7,4.1,A,7,4800,B,7,77777,A,7,2.8,E,8,0.000,?,0,0.00,?,0,0,1,D,9,45,C,8
09/17/1987,04:00,0,0,0,1,0,0,1,0,0,1,0,0,1,0,0,1,0,0,1,0,0,1,0,3,A,7,3,A,7,18.3,A,7,16.7,A,7,90,A,7,975,A,7,120,A,7,2.6,A,7,4800,B,7,77777,A,7,2.8,E,8,0.000,?,0,0.00,?,0,0,1,D,9,45,C,8
09/17/1987,05:00,0,0,0,1,0,0,1,0,0,1,0,0,1,0,0,1,0,0,1,0,0,1,0,6,A,7,6,A,7,18.3,A,7,16.7,A,7,90,A,7,974,A,7,150,A,7,2.6,A,7,4800,B,7,310,A,7,2.8,E,8,0.000,?,0,0.00,?,0,0,1,D,9,45,C,8
09/17/1987,06:00,0,0,0,1,0,0,1,0,0,1,0,0,1,0,0,1,0,0,1,0,0,1,0,10,A,7,10,A,7,18.9,A,7,17.2,A,7,90,A,7,974,A,7,140,A,7,3.6,A,7,4800,B,7,520,A,7,2.9,E,8,0.000,?,0,0.00,?,0,0,1,D,9,45,C,8
09/17/1987,07:00,50,868,18,1,13,0,1,9,18,1,13,20,1,13,0,1,9,20,1,13,61,1,21,10,A,7,10,A,7,19.4,A,7,17.8,A,7,90,A,7,974,A,7,130,A,7,4.1,A,7,2400,B,7,210,A,7,3.0,E,8,0.000,F,8,0.00,?,0,0,1,D,9,45,C,8
09/17/1987,08:00,283,1353,88,1,13,1,1,9,88,1,13,97,1,13,0,1,9,97,1,13,284,1,21,10,A,7,10,A,7,20.0,A,7,18.3,A,7,90,A,7,974,A,7,170,A,7,4.6,A,7,2400,B,7,270,A,7,3.1,E,8,0.000,F,8,0.00,?,0,0,1,D,9,45,C,8
09/17/1987,09:00,522,1353,182,1,9,1,1,9,182,1,13,202,1,9,1,1,9,202,1,13,631,1,18,10,A,7,10,A,7,21.1,A,7,18.9,A,7,87,A,7,974,A,7,180,A,7,6.2,A,7,4800,B,7,370,A,7,3.2,E,8,0.000,F,8,0.00,?,0,0,1,D,9,45,C,8
09/17/1987,10:00,728,1353,253,1,9,0,1,9,253,1,13,285,1,9,0,1,9,285,1,13,966,1,18,10,A,7,10,A,7,21.1,A,7,18.9,A,7,87,A,7,974,A,7,210,A,7,6.7,A,7,4800,B,7,760,A,7,3.2,E,8,0.000,F,8,0.00,?,0,0,1,D,9,45,C,8
09/17/1987,11:00,888,1353,340,1,9,101,1,9,273,1,13,374,1,9,103,1,9,306,1,13,938,1,18,9,A,7,9,A,7,22.8,A,7,18.3,A,7,76,A,7,974,A,7,190,A,7,6.7,A,7,9700,B,7,640,A,7,3.1,E,8,0.000,F,8,0.00,?,0,0,1,D,9,45,C,8
09/17/1987,12:00,989,1353,426,1,9,173,1,9,299,1,13,470,1,9,184,1,9,335,1,13,948,1,18,10,A,7,9,A,7,22.2,A,7,17.8,A,7,76,A,7,974,A,7,230,A,7,6.7,A,7,11300,B,7,850,A,7,3.0,E,8,0.000,F,8,0.00,?,0,0,1,D,9,05,C,8
09/17/1987,13:00,1026,1353,373,1,13,94,1,13,301,1,13,411,1,13,96,1,13,338,1,13,1163,1,23,8,A,7,7,A,7,23.3,A,7,17.8,A,7,71,A,7,973,A,7,210,A,7,6.2,A,7,11300,B,7,1680,A,7,3.0,E,8,0.000,F,8,0.00,?,0,0,1,D,9,00,C,8
09/17/1987,14:00,995,1353,528,1,9,334,1,9,280,1,13,577,1,9,361,1,9,310,1,13,842,1,18,8,A,7,8,A,7,23.3,A,7,17.2,A,7,69,A,7,973,A,7,210,A,7,6.7,A,7,11300,B,7,6100,A,7,2.9,E,8,0.000,F,8,0.00,?,0,0,1,D,9,00,C,8
09/17/1987,15:00,899,1353,532,1,13,515,1,13,187,1,13,577,1,13,534,1,13,221,1,13,482,1,23,7,A,7,5,A,7,23.3,A,7,17.2,A,7,69,A,7,972,A,7,180,A,7,5.2,A,7,11300,B,7,6100,A,7,2.9,E,8,0.000,F,8,0.00,?,0,0,1,D,9,00,C,8
09/17/1987,16:00,744,1353,399,1,13,343,1,13,209,1,13,430,1,13,361,1,13,231,1,13,486,1,23,8,A,7,7,A,7,23.9,A,7,16.7,A,7,64,A,7,971,A,7,200,A,7,5.7,A,7,11300,B,7,6100,A,7,2.8,E,8,0.000,F,8,0.00,?,0,0,1,D,9,00,C,8
09/17/1987,17:00,541,1353,188,1,9,235,1,9,93,1,13,204,1,9,227,1,9,113,1,13,176,1,18,9,A,7,8,A,7,22.8,A,7,17.2,A,7,71,A,7,971,A,7,200,A,7,6.2,A,7,11300,B,7,1370,A,7,2.9,E,8,0.000,F,8,0.00,?,0,13,1,D,9,00,C,8
09/17/1987,18:00,305,1353,55,1,13,6,1,9,54,1,13,64,1,13,2,1,9,63,1,13,208,1,21,10,A,7,10,A,7,18.9,A,7,17.2,A,7,90,A,7,972,A,7,220,A,7,3.6,A,7,11300,B,7,1220,A,7,2.9,E,8,0.000,F,8,0.00,?,0,0,1,D,9,80,C,8
09/17/1987,19:00,64,981,10,1,13,0,1,9,10,1,13,12,1,13,0,1,9,12,1,13,38,1,21,10,A,7,10,A,7,18.3,A,7,17.8,A,7,97,A,7,972,A,7,190,A,7,3.1,A,7,11300,B,7,980,A,7,3.0,E,8,0.000,F,8,0.00,?,0,0,1,D,9,80,C,8
09/17/1987,20:00,0,0,0,1,0,0,1,0,0,1,0,0,1,0,0,1,0,0,1,0,0,1,0,10,A,7,10,A,7,18.3,A,7,17.8,A,7,97,A,7,972,A,7,140,A,7,2.1,A,7,11300,B,7,520,A,7,3.0,E,8,0.000,?,0,0.00,?,0,0,1,D,9,80,C,8
09/17/1987,21:00,0,0,0,1,0,0,1,0,0,1,0,0,1,0,0,1,0,0,1,0,0,1,0,10,A,7,10,A,7,18.3,A,7,17.8,A,7,97,A,7,973,A,7,180,A,7,2.1,A,7,6400,B,7,580,A,7,3.0,E,8,0.000,?,0,0.00,?,0,0,1,D,9,45,C,8
09/17/1987,22:00,0,0,0,1,0,0,1,0,0,1,0,0,1,0,0,1,0,0,1,0,0,1,0,10,A,7,10,A,7,18.3,A,7,17.8,A,7,97,A,7,973,A,7,210,A,7,2.6,A,7,6400,B,7,460,A,7,3.0,E,8,0.000,?,0,0.00,?,0,0,1,D,9,45,C,8
09/17/1987,23:00,0,0,0,1,0,0,1,0,0,1,0,0,1,0,0,1,0,0,1,0,0,1,0,10,A,7,10,A,7,18.3,A,7,17.8,A,7,97,A,7,973,A,7,270,A,7,2.6,A,7,6400,B,7,310,A,7,3.0,E,8,0.000,?,0,0.00,?,0,0,1,D,9,45,C,8
09/17/1987,24:00,0,0,0,1,0,0,1,0,0,1,0,0,1,0,0,1,0,0,1,0,0,1,0,10,A,7,10,A,7,18.3,A,7,17.8,A,7,97,A,7,972,A,7,280,A,7,2.6,A,7,6400,B,7,150,A,7,3.0,E,8,0.000,?,0,0.00,?,0,0,1,D,9,45,C,8
09/18/1987,01:00,0,0,0,1,0,0,1,0,0,1,0,0,1,0,0,1,0,0,1,0,0,1,0,10,A,7,10,A,7,18.3,A,7,17.8,A,7,97,A,7,972,A,7,310,A,7,2.6,A,7,3200,B,7,60,A,7,3.0,E,8,0.000,?,0,0.00,?,0,0,1,D,9,45,C,8
09/18/1987,02:00,0,0,0,1,0,0,1,0,0,1,0,0,1,0,0,1,0,0,1,0,0,1,0,10,A,7,10,A,7,18.3,A,7,17.8,A,7,97,A,7,972,A,7,320,A,7,2.6,A,7,3200,B,7,60,A,7,3.0,E,8,0.000,?,0,0.00,?,0,0,1,D,9,45,C,8
09/18/1987,03:00,0,0,0,1,0,0,1,0,0,1,0,0,1,0,0,1,0,0,1,0,0,1,0,10,A,7,10,A,7,18.3,A,7,17.8,A,7,97,A,7,973,A,7,320,A,7,2.6,A,7,1600,B,7,60,A,7,3.0,E,8,0.000,?,0,0.00,?,0,0,1,D,9,45,C,8
09/18/1987,04:00,0,0,0,1,0,0,1,0,0,1,0,0,1,0,0,1,0,0,1,0,0,1,0,10,A,7,10,A,7,17.8,A,7,17.2,A,7,97,A,7,973,A,7,330,A,7,2.6,A,7,2400,B,7,30,A,7,2.9,E,8,0.000,?,0,0.00,?,0,0,1,D,9,45,C,8
09/18/1987,05:00,0,0,0,1,0,0,1,0,0,1,0,0,1,0,0,1,0,0,1,0,0,1,0,10,A,7,10,A,7,17.2,A,7,17.2,A,7,100,A,7,974,A,7,330,A,7,4.1,A,7,600,B,7,0,A,7,2.9,E,8,0.000,?,0,0.00,?,0,0,1,D,9,45,C,8
09/18/1987,06:00,0,0,0,1,0,0,1,0,0,1,0,0,1,0,0,1,0,0,1,0,0,1,0,10,A,7,10,A,7,16.7,A,7,16.7,A,7,100,A,7,974,A,7,330,A,7,2.6,A,7,800,B,7,0,A,7,2.8,E,8,0.000,?,0,0.00,?,0,0,1,D,9,45,C,8
09/18/1987,07:00,47,846,9,1,13,0,1,9,9,1,13,11,1,13,0,1,9,11,1,13,34,1,21,10,A,7,10,A,7,16.1,A,7,15.6,A,7,97,A,7,975,A,7,10,A,7,6.2,A,7,1600,B,7,60,A,7,2.7,E,8,0.000,F,8,0.00,?,0,0,1,D,9,45,C,8
09/18/1987,08:00,279,1354,64,1,13,3,1,9,63,1,13,72,1,13,1,1,9,72,1,13,226,1,21,10,A,7,10,A,7,16.1,A,7,15.0,A,7,93,A,7,976,A,7,360,A,7,5.2,A,7,3200,B,7,120,A,7,2.6,E,8,0.000,F,8,0.00,?,0,0,1,D,9,45,C,8
09/18/1987,09:00,517,1354,82,1,9,0,1,9,81,1,13,96,1,9,0,1,9,96,1,13,350,1,18,10,A,7,10,A,7,15.6,A,7,15.0,A,7,97,A,7,976,A,7,360,A,7,4.6,A,7,2400,B,7,120,A,7,2.6,E,8,0.000,F,8,0.00,?,0,0,1,D,9,45,C,8
09/18/1987,10:00,724,1354,114,1,9,5,1,9,111,1,13,137,1,9,3,1,9,135,1,13,520,1,18,10,A,7,10,A,7,16.1,A,7,15.0,A,7,93,A,7,976,A,7,10,A,7,4.1,A,7,2400,B,7,120,A,7,2.6,E,8,0.000,F,8,0.00,?,0,0,1,D,9,45,C,8
09/18/1987,11:00,883,1354,163,1,9,1,1,9,162,1,13,195,1,9,1,1,9,194,1,13,775,1,18,10,A,7,10,A,7,16.1,A,7,15.0,A,7,93,A,7,977,A,7,10,A,7,3.6,A,7,2400,B,7,180,A,7,2.6,E,8,0.000,F,8,0.00,?,0,0,1,D,9,45,C,8
09/18/1987,12:00,984,1354,303,1,9,4,1,9,300,1,13,351,1,9,4,1,9,349,1,13,1307,1,18,10,A,7,10,A,7,16.1,A,7,15.0,A,7,93,A,7,977,A,7,40,A,7,4.6,A,7,2400,B,7,150,A,7,2.6,E,8,0.000,F,8,0.00,?,0,0,1,D,9,45,C,8
09/18/1987,13:00,1020,1354,325,1,9,2,1,9,323,1,13,376,1,9,2,1,9,375,1,13,1400,1,18,10,A,7,10,A,7,16.1,A,7,14.4,A,7,90,A,7,978,A,7,360,A,7,3.6,A,7,2400,B,7,180,A,7,2.5,E,8,0.000,F,8,0.00,?,0,0,1,D,9,45,C,8
09/18/1987,14:00,989,1354,335,1,9,1,1,9,335,1,13,386,1,9,1,1,9,386,1,13,1410,1,18,10,A,7,10,A,7,16.1,A,7,14.4,A,7,90,A,7,978,A,7,360,A,7,4.1,A,7,6400,B,7,180,A,7,2.5,E,8,0.000,F,8,0.00,?,0,0,1,D,9,45,C,8
09/18/1987,15:00,893,1354,328,1,9,1,1,9,327,1,13,372,1,9,1,1,9,371,1,13,1299,1,18,10,A,7,10,A,7,16.7,A,7,14.4,A,7,87,A,7,978,A,7,360,A,7,3.1,A,7,8000,B,7,210,A,7,2.5,E,8,0.000,F,8,0.00,?,0,0,1,D,9,45,C,8
09/18/1987,16:00,738,1354,227,1,9,0,1,9,227,1,13,258,1,9,0,1,9,258,1,13,911,1,18,10,A,7,10,A,7,16.1,A,7,14.4,A,7,90,A,7,978,A,7,40,A,7,2.1,A,7,9700,B,7,270,A,7,2.5,E,8,0.000,F,8,0.00,?,0,0,1,D,9,45,C,8
09/18/1987,17:00,534,1354,163,1,9,0,1,9,163,1,13,183,1,9,0,1,9,183,1,13,601,1,18,10,A,7,10,A,7,16.1,A,7,13.9,A,7,87,A,7,979,A,7,360,A,7,2.6,A,7,9700,B,7,340,A,7,2.4,E,8,0.000,F,8,0.00,?,0,0,1,D,9,45,C,8
09/18/1987,18:00,297,1354,88,1,13,0,1,9,88,1,13,97,1,13,0,1,9,97,1,13,291,1,21,10,A,7,10,A,7,16.1,A,7,13.9,A,7,87,A,7,979,A,7,10,A,7,3.1,A,7,9700,B,7,370,A,7,2.4,E,8,0.000,F,8,0.00,?,0,0,1,D,9,45,C,8
09/18/1987,19:00,59,959,26,1,13,0,1,9,26,1,13,29,1,13,0,1,9,29,1,13,81,1,21,10,A,7,10,A,7,15.6,A,7,13.9,A,7,90,A,7,979,A,7,360,A,7,2.6,A,7,6400,B,7,370,A,7,2.4,E,8,0.000,F,8,0.00,?,0,0,1,D,9,45,C,8
09/18/1987,20:00,0,0,0,1,0,0,1,0,0,1,0,0,1,0,0,1,0,0,1,0,0,1,0,10,A,7,10,A,7,15.0,A,7,14.4,A,7,97,A,7,979,A,7,50,A,7,2.6,A,7,6400,B,7,310,A,7,2.5,E,8,0.000,?,0,0.00,?,0,0,1,D,9,45,C,8
09/18/1987,21:00,0,0,0,1,0,0,1,0,0,1,0,0,1,0,0,1,0,0,1,0,0,1,0,10,A,7,10,A,7,15.6,A,7,14.4,A,7,93,A,7,979,A,7,40,A,7,2.1,A,7,8000,B,7,270,A,7,2.5,E,8,0.000,?,0,0.00,?,0,0,1,D,9,45,C,8
09/18/1987,22:00,0,0,0,1,0,0,1,0,0,1,0,0,1,0,0,1,0,0,1,0,0,1,0,10,A,7,10,A,7,15.6,A,7,14.4,A,7,93,A,7,979,A,7,60,A,7,2.1,A,7,6400,B,7,580,A,7,2.5,E,8,0.000,?,0,0.00,?,0,0,1,D,9,45,C,8
09/18/1987,23:00,0,0,0,1,0,0,1,0,0,1,0,0,1,0,0,1,0,0,1,0,0,1,0,10,A,7,10,A,7,15.0,A,7,14.4,A,7,97,A,7,978,A,7,120,A,7,2.1,A,7,6400,B,7,520,A,7,2.5,E,8,0.000,?,0,0.00,?,0,0,1,D,9,45,C,8
09/18/1987,24:00,0,0,0,1,0,0,1,0,0,1,0,0,1,0,0,1,0,0,1,0,0,1,0,10,A,7,10,A,7,15.6,A,7,14.4,A,7,93,A,7,979,A,7,190,A,7,2.1,A,7,6400,B,7,370,A,7,2.5,E,8,0.000,?,0,0.00,?,0,0,1,D,9,45,C,8
09/19/1987,01:00,0,0,0,1,0,0,1,0,0,1,0,0,1,0,0,1,0,0,1,0,0,1,0,10,A,7,10,A,7,15.6,A,7,14.4,A,7,93,A,7,978,A,7,180,A,7,3.6,A,7,6400,B,7,210,A,7,2.5,E,8,0.000,?,0,0.00,?,0,0,1,D,9,45,C,8
09/19/1987,02:00,0,0,0,1,0,0,1,0,0,1,0,0,1,0,0,1,0,0,1,0,0,1,0,10,A,7,10,A,7,15.6,A,7,15.0,A,7,97,A,7,978,A,7,160,A,7,4.1,A,7,4000,B,7,90,A,7,2.6,E,8,0.000,?,0,0.00,?,0,0,1,D,9,45,C,8
09/19/1987,03:00,0,0,0,1,0,0,1,0,0,1,0,0,1,0,0,1,0,0,1,0,0,1,0,10,A,7,10,A,7,15.6,A,7,15.0,A,7,97,A,7,978,A,7,180,A,7,4.1,A,7,3200,B,7,180,A,7,2.6,E,8,0.000,?,0,0.00,?,0,3,1,D,9,45,C,8
09/19/1987,04:00,0,0,0,1,0,0,1,0,0,1,0,0,1,0,0,1,0,0,1,0,0,1,0,10,A,7,10,A,7,16.1,A,7,15.6,A,7,97,A,7,978,A,7,200,A,7,3.6,A,7,3200,B,7,180,A,7,2.7,E,8,0.000,?,0,0.00,?,0,0,1,D,9,45,C,8
09/19/1987,05:00,0,0,0,1,0,0,1,0,0,1,0,0,1,0,0,1,0,0,1,0,0,1,0,10,A,7,10,A,7,16.1,A,7,15.6,A,7,97,A,7,978,A,7,220,A,7,4.1,A,7,3200,B,7,340,A,7,2.7,E,8,0.000,?,0,0.00,?,0,3,1,D,9,45,C,8
09/19/1987,06:00,0,0,0,1,0,0,1,0,0,1,0,0,1,0,0,1,0,0,1,0,0,1,0,5,A,7,4,A,7,16.1,A,7,15.0,A,7,93,A,7,978,A,7,220,A,7,5.7,A,7,8000,B,7,77777,A,7,2.6,E,8,0.000,?,0,0.00,?,0,0,1,D,9,45,C,8
09/19/1987,07:00,44,824,16,1,13,2,1,13,15,1,13,17,1,13,0,1,13,17,1,13,53,1,23,8,A,7,6,A,7,15.6,A,7,14.4,A,7,93,A,7,978,A,7,230,A,7,4.1,A,7,9700,B,7,6100,A,7,2.5,E,8,0.000,F,8,0.00,?,0,0,1,D,9,45,C,8
09/19/1987,08:00,274,1354,83,1,13,58,1,13,71,1,13,91,1,13,47,1,13,81,1,13,179,1,23,6,A,7,5,A,7,16.1,A,7,14.4,A,7,90,A,7,979,A,7,250,A,7,4.1,A,7,9700,B,7,3050,A,7,2.5,E,8,0.000,F,8,0.00,?,0,0,1,D,9,45,C,8
09/19/1987,09:00,513,1354,265,1,13,338,1,13,136,1,13,283,1,13,330,1,13,158,1,13,277,1,23,7,A,7,7,A,7,17.2,A,7,14.4,A,7,84,A,7,979,A,7,250,A,7,4.6,A,7,11300,B,7,340,A,7,2.5,E,8,0.000,F,8,0.00,?,0,0,1,D,9,45,C,8
09/19/1987,10:00,719,1354,402,1,9,357,1,9,211,1,13,431,1,9,374,1,9,232,1,13,487,1,18,8,A,7,8,A,7,17.8,A,7,13.3,A,7,75,A,7,980,A,7,260,A,7,7.2,A,7,16100,B,7,430,A,7,2.3,E,8,0.000,F,8,0.00,?,0,0,1,D,9,00,C,8
09/19/1987,11:00,878,1354,585,1,13,582,1,13,204,1,13,626,1,13,601,1,13,235,1,13,516,1,23,5,A,7,4,A,7,18.9,A,7,12.2,A,7,65,A,7,980,A,7,270,A,7,5.2,A,7,16100,B,7,77777,A,7,2.2,E,8,0.000,F,8,0.00,?,0,0,1,D,9,00,C,8
09/19/1987,12:00,979,1354,527,1,13,364,1,13,261,1,13,559,1,13,378,1,13,285,1,13,772,1,23,5,A,7,5,A,7,20.0,A,7,11.7,A,7,59,A,7,980,A,7,270,A,7,4.1,A,7,16100,B,7,77777,A,7,2.1,E,8,0.000,F,8,0.00,?,0,0,1,D,9,00,C,8
09/19/1987,13:00,1015,1354,685,1,13,635,1,13,205,1,13,717,1,13,643,1,13,234,1,13,632,1,23,4,A,7,4,A,7,21.1,A,7,10.6,A,7,51,A,7,979,A,7,220,A,7,6.7,A,7,16100,B,7,77777,A,7,2.0,E,8,0.000,F,8,0.00,?,0,0,1,D,9,00,C,8
09/19/1987,14:00,983,1354,525,1,13,343,1,13,274,1,13,574,1,13,371,1,13,304,1,13,808,1,23,6,A,7,6,A,7,21.7,A,7,10.6,A,7,49,A,7,979,A,7,240,A,7,5.2,A,7,16100,B,7,910,A,7,2.0,E,8,0.000,F,8,0.00,?,0,0,1,D,9,00,C,8
09/19/1987,15:00,887,1354,490,1,13,323,1,13,277,1,13,528,1,13,346,1,13,301,1,13,741,1,23,6,A,7,6,A,7,21.1,A,7,8.3,A,7,44,A,7,979,A,7,220,A,7,7.2,A,7,16100,B,7,910,A,7,1.7,E,8,0.000,F,8,0.00,?,0,0,1,D,9,00,C,8
09/19/1987,16:00,731,1354,475,1,13,560,1,13,169,1,13,504,1,13,568,1,13,197,1,13,368,1,23,3,A,7,3,A,7,21.1,A,7,6.7,A,7,39,A,7,979,A,7,230,A,7,7.2,A,7,16100,B,7,77777,A,7,1.6,E,8,0.000,F,8,0.00,?,0,0,1,D,9,00,C,8
09/19/1987,17:00,527,1354,297,1,9,473,1,9,109,1,13,314,1,9,452,1,9,138,1,13,208,1,18,1,A,7,1,A,7,20.0,A,7,7.2,A,7,44,A,7,980,A,7,250,A,7,6.7,A,7,16100,B,7,77777,A,7,1.6,E,8,0.000,F,8,0.00,?,0,0,1,D,9,00,C,8
09/19/1987,18:00,290,1354,138,1,13,350,1,9,61,1,13,144,1,13,271,1,9,86,1,13,110,1,21,0,A,7,0,A,7,18.3,A,7,9.4,A,7,56,A,7,980,A,7,260,A,7,4.6,A,7,16100,B,7,77777,A,7,1.8,E,8,0.000,F,8,0.00,?,0,0,1,D,9,00,C,8
09/19/1987,19:00,54,914,25,1,13,39,1,9,21,1,13,26,1,13,17,1,9,25,1,13,43,1,21,0,A,7,0,A,7,15.0,A,7,9.4,A,7,70,A,7,980,A,7,290,A,7,1.5,A,7,16100,B,7,77777,A,7,1.9,E,8,0.000,F,8,0.00,?,0,0,1,D,9,00,C,8
09/19/1987,20:00,0,0,0,1,0,0,1,0,0,1,0,0,1,0,0,1,0,0,1,0,0,1,0,1,A,7,1,A,7,12.2,A,7,10.0,A,7,86,A,7,980,A,7,290,A,7,1.5,A,7,16100,B,7,77777,A,7,1.9,E,8,0.000,?,0,0.00,?,0,0,1,D,9,00,C,8
09/19/1987,21:00,0,0,0,1,0,0,1,0,0,1,0,0,1,0,0,1,0,0,1,0,0,1,0,2,A,7,2,A,7,11.1,A,7,10.0,A,7,93,A,7,980,A,7,90,A,7,1.5,A,7,16100,B,7,77777,A,7,1.9,E,8,0.000,?,0,0.00,?,0,0,1,D,9,00,C,8
09/19/1987,22:00,0,0,0,1,0,0,1,0,0,1,0,0,1,0,0,1,0,0,1,0,0,1,0,7,A,7,7,A,7,10.6,A,7,9.4,A,7,93,A,7,980,A,7,90,A,7,1.5,A,7,11300,B,7,2440,A,7,1.9,E,8,0.000,?,0,0.00,?,0,0,1,D,9,00,C,8
09/19/1987,23:00,0,0,0,1,0,0,1,0,0,1,0,0,1,0,0,1,0,0,1,0,0,1,0,10,A,7,10,A,7,12.8,A,7,10.0,A,7,83,A,7,980,A,7,130,A,7,3.1,A,7,11300,B,7,2440,A,7,1.9,E,8,0.000,?,0,0.00,?,0,0,1,D,9,00,C,8
09/19/1987,24:00,0,0,0,1,0,0,1,0,0,1,0,0,1,0,0,1,0,0,1,0,0,1,0,7,A,7,5,A,7,12.8,A,7,10.0,A,7,83,A,7,980,A,7,280,A,7,3.6,A,7,12900,B,7,1830,A,7,1.9,E,8,0.000,?,0,0.00,?,0,0,1,D,9,00,C,8
09/20/1987,01:00,0,0,0,1,0,0,1,0,0,1,0,0,1,0,0,1,0,0,1,0,0,1,0,9,A,7,8,A,7,12.2,A,7,10.0,A,7,86,A,7,980,A,7,290,A,7,2.1,A,7,12900,B,7,1830,A,7,1.9,E,8,0.000,?,0,0.00,?,0,0,1,D,9,00,C,8
09/20/1987,02:00,0,0,0,1,0,0,1,0,0,1,0,0,1,0,0,1,0,0,1,0,0,1,0,8,A,7,4,A,7,12.2,A,7,10.6,A,7,90,A,7,979,A,7,100,A,7,2.1,A,7,11300,B,7,77777,A,7,2.0,E,8,0.000,?,0,0.00,?,0,0,1,D,9,00,C,8
09/20/1987,03:00,0,0,0,1,0,0,1,0,0,1,0,0,1,0,0,1,0,0,1,0,0,1,0,5,A,7,4,A,7,12.2,A,7,8.9,A,7,80,A,7,979,A,7,190,A,7,3.1,A,7,12900,B,7,77777,A,7,1.8,E,8,0.000,?,0,0.00,?,0,0,1,D,9,00,C,8
09/20/1987,04:00,0,0,0,1,0,0,1,0,0,1,0,0,1,0,0,1,0,0,1,0,0,1,0,9,A,7,9,A,7,12.2,A,7,9.4,A,7,83,A,7,979,A,7,190,A,7,3.1,A,7,12900,B,7,1680,A,7,1.8,E,8,0.000,?,0,0.00,?,0,0,1,D,9,00,C,8
09/20/1987,05:00,0,0,0,1,0,0,1,0,0,1,0,0,1,0,0,1,0,0,1,0,0,1,0,9,A,7,8,A,7,11.7,A,7,9.4,A,7,86,A,7,979,A,7,190,A,7,3.1,A,7,11300,B,7,1830,A,7,1.9,E,8,0.000,?,0,0.00,?,0,0,1,D,9,00,C,8
09/20/1987,06:00,0,0,0,1,0,0,1,0,0,1,0,0,1,0,0,1,0,0,1,0,0,1,0,7,A,7,3,A,7,11.1,A,7,8.9,A,7,86,A,7,979,A,7,190,A,7,3.6,A,7,11300,B,7,77777,A,7,1.8,E,8,0.000,?,0,0.00,?,0,0,1,D,9,00,C,8
09/20/1987,07:00,42,802,17,1,13,5,1,13,16,1,13,18,1,13,3,1,13,18,1,13,39,1,23,7,A,7,3,A,7,11.7,A,7,9.4,A,7,86,A,7,979,A,7,200,A,7,3.6,A,7,11300,B,7,77777,A,7,1.9,E,8,0.000,F,8,0.00,?,0,0,1,D,9,00,C,8
09/20/1987,08:00,270,1355,111,1,13,178,1,13,75,1,13,116,1,13,133,1,13,90,1,13,144,1,23,7,A,7,3,A,7,12.8,A,7,10.0,A,7,83,A,7,980,A,7,210,A,7,4.1,A,7,16100,B,7,77777,A,7,1.9,E,8,0.000,F,8,0.00,?,0,0,1,D,9,00,C,8
09/20/1987,09:00,508,1355,213,1,9,186,1,9,143,1,13,233,1,9,181,1,9,165,1,13,331,1,18,8,A,7,8,A,7,14.4,A,7,10.0,A,7,75,A,7,979,A,7,190,A,7,4.1,A,7,16100,B,7,3050,A,7,1.9,E,8,0.000,F,8,0.00,?,0,0,1,D,9,00,C,8
09/20/1987,10:00,714,1355,176,1,9,6,1,9,173,1,13,204,1,9,5,1,9,202,1,13,739,1,18,10,A,7,10,A,7,16.1,A,7,10.6,A,7,70,A,7,979,A,7,210,A,7,5.2,A,7,16100,B,7,3050,A,7,2.0,E,8,0.000,F,8,0.00,?,0,0,1,D,9,00,C,8
09/20/1987,11:00,873,1355,193,1,9,9,1,9,186,1,13,227,1,9,7,1,9,222,1,13,862,1,18,10,A,7,10,A,7,16.7,A,7,11.1,A,7,70,A,7,980,A,7,180,A,7,4.1,A,7,16100,B,7,3050,A,7,2.1,E,8,0.000,F,8,0.00,?,0,0,1,D,9,00,C,8
09/20/1987,12:00,974,1355,246,1,9,3,1,9,244,1,13,290,1,9,3,1,9,288,1,13,1119,1,18,10,A,7,10,A,7,17.8,A,7,10.6,A,7,63,A,7,980,A,7,210,A,7,5.2,A,7,16100,B,7,2130,A,7,2.0,E,8,0.000,F,8,0.00,?,0,0,1,D,9,00,C,8
09/20/1987,13:00,1010,1355,354,1,9,196,1,9,207,1,13,397,1,9,213,1,9,238,1,13,610,1,18,10,A,7,9,A,7,15.6,A,7,11.7,A,7,78,A,7,980,A,7,230,A,7,4.6,A,7,16100,B,7,910,A,7,2.1,E,8,0.000,F,8,0.00,?,0,3,1,D,9,00,C,8
09/20/1987,14:00,978,1355,225,1,9,94,1,9,157,1,13,258,1,9,101,1,9,185,1,13,490,1,18,10,A,7,10,A,7,15.0,A,7,11.7,A,7,81,A,7,980,A,7,200,A,7,4.1,A,7,11300,B,7,2130,A,7,2.1,E,8,0.000,F,8,0.00,?,0,0,1,D,9,80,C,8
09/20/1987,15:00,880,1355,365,1,9,116,1,9,288,1,13,398,1,9,122,1,9,318,1,13,820,1,18,10,A,7,9,A,7,16.1,A,7,11.1,A,7,72,A,7,979,A,7,230,A,7,4.1,A,7,16100,B,7,2130,A,7,2.0,E,8,0.000,F,8,0.00,?,0,0,1,D,9,80,C,8
09/20/1987,16:00,724,1355,132,1,9,9,1,9,127,1,13,157,1,9,6,1,9,153,1,13,582,1,18,10,A,7,10,A,7,12.8,A,7,10.6,A,7,87,A,7,980,A,7,200,A,7,5.2,A,7,8000,B,7,640,A,7,2.0,E,8,0.000,F,8,0.00,?,0,33,1,D,9,00,C,8
09/20/1987,17:00,520,1355,113,1,9,31,1,9,101,1,13,124,1,9,29,1,9,113,1,13,302,1,18,9,A,7,9,A,7,13.9,A,7,11.7,A,7,87,A,7,979,A,7,190,A,7,4.6,A,7,16100,B,7,850,A,7,2.1,E,8,0.000,F,8,0.00,?,0,8,1,D,9,80,C,8
09/20/1987,18:00,282,1355,102,1,13,71,1,13,87,1,13,111,1,13,59,1,13,99,1,13,211,1,23,9,A,7,7,A,7,13.9,A,7,11.7,A,7,87,A,7,979,A,7,190,A,7,2.6,A,7,16100,B,7,1160,A,7,2.1,E,8,0.000,F,8,0.00,?,0,0,1,D,9,00,C,8
09/20/1987,19:00,49,870,9,1,13,0,1,9,9,1,13,11,1,13,0,1,9,11,1,13,34,1,21,10,A,7,10,A,7,13.3,A,7,11.7,A,7,90,A,7,980,A,7,160,A,7,3.6,A,7,16100,B,7,910,A,7,2.1,E,8,0.000,F,8,0.00,?,0,0,1,D,9,00,C,8
09/20/1987,20:00,0,0,0,1,0,0,1,0,0,1,0,0,1,0,0,1,0,0,1,0,0,1,0,10,A,7,10,A,7,12.8,A,7,11.7,A,7,93,A,7,980,A,7,190,A,7,3.1,A,7,16100,B,7,610,A,7,2.1,E,8,0.000,?,0,0.00,?,0,0,1,D,9,00,C,8
09/20/1987,21:00,0,0,0,1,0,0,1,0,0,1,0,0,1,0,0,1,0,0,1,0,0,1,0,8,A,7,8,A,7,12.8,A,7,11.7,A,7,93,A,7,980,A,7,200,A,7,1.5,A,7,11300,B,7,850,A,7,2.1,E,8,0.000,?,0,0.00,?,0,0,1,D,9,00,C,8
09/20/1987,22:00,0,0,0,1,0,0,1,0,0,1,0,0,1,0,0,1,0,0,1,0,0,1,0,10,A,7,10,A,7,12.2,A,7,11.1,A,7,93,A,7,980,A,7,150,A,7,2.6,A,7,11300,B,7,760,A,7,2.0,E,8,0.000,?,0,0.00,?,0,0,1,D,9,00,C,8
09/20/1987,23:00,0,0,0,1,0,0,1,0,0,1,0,0,1,0,0,1,0,0,1,0,0,1,0,10,A,7,10,A,7,12.2,A,7,10.0,A,7,86,A,7,980,A,7,190,A,7,3.1,A,7,11300,B,7,700,A,7,1.9,E,8,0.000,?,0,0.00,?,0,0,1,D,9,00,C,8
09/20/1987,24:00,0,0,0,1,0,0,1,0,0,1,0,0,1,0,0,1,0,0,1,0,0,1,0,10,A,7,10,A,7,11.7,A,7,10.0,A,7,90,A,7,980,A,7,200,A,7,2.6,A,7,11300,B,7,760,A,7,1.9,E,8,0.000,?,0,0.00,?,0,0,1,D,9,00,C,8
09/21/1987,01:00,0,0,0,1,0,0,1,0,0,1,0,0,1,0,0,1,0,0,1,0,0,1,0,10,A,7,10,A,7,12.2,A,7,10.6,A,7,90,A,7,980,A,7,190,A,7,2.6,A,7,11300,B,7,520,A,7,2.0,E,8,0.000,?,0,0.00,?,0,0,1,D,9,00,C,8
09/21/1987,02:00,0,0,0,1,0,0,1,0,0,1,0,0,1,0,0,1,0,0,1,0,0,1,0,10,A,7,10,A,7,11.7,A,7,10.0,A,7,90,A,7,980,A,7,180,A,7,2.6,A,7,11300,B,7,240,A,7,1.9,E,8,0.000,?,0,0.00,?,0,0,1,D,9,00,C,8
09/21/1987,03:00,0,0,0,1,0,0,1,0,0,1,0,0,1,0,0,1,0,0,1,0,0,1,0,10,A,7,10,A,7,11.7,A,7,10.0,A,7,90,A,7,980,A,7,200,A,7,3.1,A,7,11300,B,7,210,A,7,1.9,E,8,0.000,?,0,0.00,?,0,0,1,D,9,00,C,8
09/21/1987,04:00,0,0,0,1,0,0,1,0,0,1,0,0,1,0,0,1,0,0,1,0,0,1,0,10,A,7,10,A,7,11.7,A,7,10.0,A,7,90,A,7,980,A,7,210,A,7,3.6,A,7,11300,B,7,210,A,7,1.9,E,8,0.000,?,0,0.00,?,0,0,1,D,9,00,C,8
09/21/1987,05:00,0,0,0,1,0,0,1,0,0,1,0,0,1,0,0,1,0,0,1,0,0,1,0,10,A,7,10,A,7,11.7,A,7,10.0,A,7,90,A,7,980,A,7,230,A,7,3.6,A,7,11300,B,7,270,A,7,1.9,E,8,0.000,?,0,0.00,?,0,0,1,D,9,00,C,8
09/21/1987,06:00,0,0,0,1,0,0,1,0,0,1,0,0,1,0,0,1,0,0,1,0,0,1,0,10,A,7,10,A,7,11.7,A,7,10.0,A,7,90,A,7,980,A,7,240,A,7,2.1,A,7,11300,B,7,1520,A,7,1.9,E,8,0.000,?,0,0.00,?,0,0,1,D,9,00,C,8
09/21/1987,07:00,39,780,16,1,13,0,1,9,16,1,13,18,1,13,0,1,9,18,1,13,55,1,21,10,A,7,10,A,7,11.7,A,7,10.6,A,7,93,A,7,981,A,7,240,A,7,2.6,A,7,11300,B,7,210,A,7,2.0,E,8,0.000,F,8,0.00,?,0,0,1,D,9,00,C,8
09/21/1987,08:00,265,1356,69,1,13,19,1,9,65,1,13,75,1,13,15,1,9,72,1,13,165,1,21,10,A,7,9,A,7,12.8,A,7,11.1,A,7,90,A,7,981,A,7,240,A,7,3.1,A,7,11300,B,7,1830,A,7,2.1,E,8,0.000,F,8,0.00,?,0,0,1,D,9,00,C,8
09/21/1987,09:00,504,1356,198,1,9,80,1,9,169,1,13,218,1,9,77,1,9,189,1,13,452,1,18,10,A,7,9,A,7,13.3,A,7,11.1,A,7,87,A,7,981,A,7,230,A,7,4.1,A,7,11300,B,7,270,A,7,2.1,E,8,0.000,F,8,0.00,?,0,0,1,D,9,00,C,8
09/21/1987,10:00,710,1356,306,1,9,118,1,9,243,1,13,331,1,9,121,1,9,267,1,13,616,1,18,10,A,7,9,A,7,14.4,A,7,11.1,A,7,81,A,7,981,A,7,230,A,7,3.1,A,7,11300,B,7,270,A,7,2.1,E,8,0.000,F,8,0.00,?,0,0,1,D,9,00,C,8
09/21/1987,11:00,868,1356,327,1,9,4,1,9,324,1,13,370,1,9,4,1,9,367,1,13,1266,1,18,10,A,7,10,A,7,13.9,A,7,11.1,A,7,84,A,7,982,A,7,170,A,7,4.1,A,7,11300,B,7,340,A,7,2.1,E,8,0.000,F,8,0.00,?,0,0,1,D,9,00,C,8
09/21/1987,12:00,969,1356,353,1,9,8,1,9,347,1,13,403,1,9,8,1,9,398,1,13,1421,1,18,10,A,7,10,A,7,15.6,A,7,11.7,A,7,78,A,7,981,A,7,190,A,7,4.1,A,7,11300,B,7,340,A,7,2.1,E,8,0.000,F,8,0.00,?,0,0,1,D,9,00,C,8
09/21/1987,13:00,1004,1356,323,1,9,9,1,9,317,1,13,375,1,9,8,1,9,369,1,13,1370,1,18,10,A,7,10,A,7,15.0,A,7,12.2,A,7,84,A,7,981,A,7,150,A,7,5.2,A,7,11300,B,7,340,A,7,2.2,E,8,0.000,F,8,0.00,?,0,15,1,D,9,00,C,8
09/21/1987,14:00,972,1356,181,1,9,5,1,9,177,1,13,218,1,9,4,1,9,215,1,13,866,1,18,10,A,7,10,A,7,13.9,A,7,11.1,A,7,84,A,7,982,A,7,330,A,7,3.1,A,7,11300,B,7,400,A,7,2.1,E,8,0.000,F,8,0.00,?,0,0,1,D,9,00,C,8
09/21/1987,15:00,874,1356,155,1,9,3,1,9,153,1,13,186,1,9,2,1,9,185,1,13,736,1,18,10,A,7,10,A,7,11.7,A,7,11.1,A,7,96,A,7,982,A,7,270,A,7,2.6,A,7,8000,B,7,550,A,7,2.0,E,8,0.000,F,8,0.00,?,0,20,1,D,9,80,C,8
09/21/1987,16:00,717,1356,120,1,9,2,1,9,119,1,13,143,1,9,1,1,9,142,1,13,549,1,18,10,A,7,10,A,7,11.7,A,7,10.6,A,7,93,A,7,982,A,7,310,A,7,3.1,A,7,4000,B,7,850,A,7,2.0,E,8,0.000,F,8,0.00,?,0,46,1,D,9,45,C,8
09/21/1987,17:00,513,1356,125,1,9,63,1,9,101,1,13,138,1,9,59,1,9,115,1,13,300,1,18,10,A,7,9,A,7,12.2,A,7,11.1,A,7,93,A,7,982,A,7,270,A,7,3.6,A,7,8000,B,7,1830,A,7,2.1,E,8,0.000,F,8,0.00,?,0,10,1,D,9,45,C,8
09/21/1987,18:00,275,1356,42,1,13,22,1,9,37,1,13,46,1,13,18,1,9,42,1,13,103,1,21,9,A,7,9,A,7,12.2,A,7,10.6,A,7,90,A,7,982,A,7,280,A,7,2.1,A,7,9700,B,7,1680,A,7,2.0,E,8,0.000,F,8,0.00,?,0,5,1,D,9,45,C,8
09/21/1987,19:00,45,825,24,1,13,4,1,13,24,1,13,27,1,13,0,1,13,27,1,13,73,1,23,9,A,7,7,A,7,11.7,A,7,11.1,A,7,96,A,7,983,A,7,140,A,7,2.6,A,7,9700,B,7,1520,A,7,2.1,E,8,0.000,F,8,0.00,?,0,3,1,D,9,45,C,8
09/21/1987,20:00,0,0,0,1,0,0,1,0,0,1,0,0,1,0,0,1,0,0,1,0,0,1,0,7,A,7,3,A,7,10.0,A,7,9.4,A,7,96,A,7,983,A,7,360,A,7,1.5,A,7,8000,B,7,77777,A,7,1.9,E,8,0.000,?,0,0.00,?,0,0,1,D,9,45,C,8
09/21/1987,21:00,0,0,0,1,0,0,1,0,0,1,0,0,1,0,0,1,0,0,1,0,0,1,0,4,A,7,4,A,7,8.3,A,7,8.3,A,7,100,A,7,983,A,7,120,A,7,2.1,A,7,2000,B,7,77777,A,7,1.7,E,8,0.000,?,0,0.00,?,0,0,1,D,9,45,C,8
09/21/1987,22:00,0,0,0,1,0,0,1,0,0,1,0,0,1,0,0,1,0,0,1,0,0,1,0,6,A,7,6,A,7,8.3,A,7,7.8,A,7,96,A,7,983,A,7,80,A,7,2.1,A,7,1200,B,7,77777,A,7,1.7,E,8,0.000,?,0,0.00,?,0,0,1,D,9,45,C,8
09/21/1987,23:00,0,0,0,1,0,0,1,0,0,1,0,0,1,0,0,1,0,0,1,0,0,1,0,6,A,7,6,A,7,7.2,A,7,7.2,A,7,100,A,7,983,A,7,310,A,7,2.1,A,7,1200,B,7,77777,A,7,1.6,E,8,0.000,?,0,0.00,?,0,0,1,D,9,45,C,8
09/21/1987,24:00,0,0,0,1,0,0,1,0,0,1,0,0,1,0,0,1,0,0,1,0,0,1,0,8,A,7,8,A,7,7.2,A,7,7.2,A,7,100,A,7,983,A,7,40,A,7,1.5,A,7,800,B,7,77777,A,7,1.6,E,8,0.000,?,0,0.00,?,0,0,1,D,9,45,C,8
09/22/1987,01:00,0,0,0,1,0,0,1,0,0,1,0,0,1,0,0,1,0,0,1,0,0,1,0,8,A,7,8,A,7,6.7,A,7,6.7,A,7,100,A,7,983,A,7,0,A,7,0.0,A,7,1200,B,7,77777,A,7,1.6,E,8,0.000,?,0,0.00,?,0,0,1,D,9,45,C,8
09/22/1987,02:00,0,0,0,1,0,0,1,0,0,1,0,0,1,0,0,1,0,0,1,0,0,1,0,8,A,7,8,A,7,6.7,A,7,6.7,A,7,100,A,7,983,A,7,0,A,7,0.0,A,7,800,B,7,77777,A,7,1.6,E,8,0.000,?,0,0.00,?,0,0,1,D,9,45,C,8
09/22/1987,03:00,0,0,0,1,0,0,1,0,0,1,0,0,1,0,0,1,0,0,1,0,0,1,0,10,A,7,10,A,7,6.7,A,7,6.7,A,7,100,A,7,983,A,7,0,A,7,0.0,A,7,400,B,7,0,A,7,1.6,E,8,0.000,?,0,0.00,?,0,0,1,D,9,45,C,8
09/22/1987,04:00,0,0,0,1,0,0,1,0,0,1,0,0,1,0,0,1,0,0,1,0,0,1,0,10,A,7,10,A,7,8.3,A,7,8.3,A,7,100,A,7,984,A,7,0,A,7,0.0,A,7,100,B,7,0,A,7,1.7,E,8,0.000,?,0,0.00,?,0,0,1,D,9,45,C,8
09/22/1987,05:00,0,0,0,1,0,0,1,0,0,1,0,0,1,0,0,1,0,0,1,0,0,1,0,10,A,7,10,A,7,8.9,A,7,8.9,A,7,100,A,7,984,A,7,300,A,7,1.5,A,7,100,B,7,0,A,7,1.8,E,8,0.000,?,0,0.00,?,0,0,1,D,9,45,C,8
09/22/1987,06:00,0,0,0,1,0,0,1,0,0,1,0,0,1,0,0,1,0,0,1,0,0,1,0,10,A,7,10,A,7,8.9,A,7,8.9,A,7,100,A,7,984,A,7,320,A,7,2.6,A,7,400,B,7,0,A,7,1.8,E,8,0.000,?,0,0.00,?,0,0,1,D,9,45,C,8
09/22/1987,07:00,37,758,5,1,13,0,1,9,5,1,13,6,1,13,0,1,9,6,1,13,20,1,21,10,A,7,10,A,7,8.9,A,7,8.9,A,7,100,A,7,985,A,7,330,A,7,2.6,A,7,200,B,7,0,A,7,1.8,E,8,0.000,F,8,0.00,?,0,0,1,D,9,45,C,8
09/22/1987,08:00,260,1357,65,1,13,9,1,9,63,1,13,73,1,13,3,1,9,72,1,13,220,1,21,10,A,7,10,A,7,10.6,A,7,10.6,A,7,100,A,7,985,A,7,330,A,7,3.1,A,7,400,B,7,0,A,7,2.0,E,8,0.000,F,8,0.00,?,0,0,1,D,9,45,C,8
09/22/1987,09:00,499,1357,104,1,9,7,1,9,102,1,13,121,1,9,4,1,9,119,1,13,415,1,18,10,A,7,10,A,7,11.1,A,7,11.1,A,7,100,A,7,986,A,7,320,A,7,3.1,A,7,400,B,7,30,A,7,2.1,E,8,0.000,F,8,0.00,?,0,0,1,D,9,45,C,8
09/22/1987,10:00,705,1357,164,1,9,9,1,9,160,1,13,192,1,9,7,1,9,188,1,13,691,1,18,10,A,7,10,A,7,11.7,A,7,11.1,A,7,96,A,7,986,A,7,310,A,7,3.6,A,7,400,B,7,60,A,7,2.1,E,8,0.000,F,8,0.00,?,0,0,1,D,9,45,C,8
09/22/1987,11:00,863,1357,218,1,9,4,1,9,215,1,13,254,1,9,3,1,9,252,1,13,959,1,18,10,A,7,10,A,7,12.2,A,7,12.2,A,7,100,A,7,986,A,7,330,A,7,3.6,A,7,2400,B,7,60,A,7,2.2,E,8,0.000,F,8,0.00,?,0,0,1,D,9,45,C,8
09/22/1987,12:00,964,1357,329,1,9,2,1,9,328,1,13,378,1,9,2,1,9,377,1,13,1367,1,18,10,A,7,10,A,7,14.4,A,7,12.2,A,7,87,A,7,986,A,7,300,A,7,4.1,A,7,6400,B,7,210,A,7,2.2,E,8,0.000,F,8,0.00,?,0,0,1,D,9,45,C,8
09/22/1987,13:00,998,1357,504,1,13,300,1,13,282,1,13,551,1,13,324,1,13,312,1,13,849,1,23,6,A,7,6,A,7,16.1,A,7,12.8,A,7,81,A,7,986,A,7,300,A,7,2.6,A,7,11300,B,7,460,A,7,2.3,E,8,0.000,F,8,0.00,?,0,0,1,D,9,45,C,8
09/22/1987,14:00,966,1357,490,1,9,246,1,9,313,1,13,528,1,9,265,1,9,339,1,13,921,1,18,8,A,7,8,A,7,17.8,A,7,11.7,A,7,68,A,7,986,A,7,320,A,7,2.6,A,7,12900,B,7,610,A,7,2.2,E,8,0.000,F,8,0.00,?,0,0,1,D,9,00,C,8
09/22/1987,15:00,867,1357,315,1,9,47,1,9,284,1,13,346,1,9,48,1,9,315,1,13,948,1,18,9,A,7,9,A,7,17.8,A,7,11.1,A,7,65,A,7,985,A,7,0,A,7,0.0,A,7,16100,B,7,700,A,7,2.1,E,8,0.000,F,8,0.00,?,0,13,1,D,9,00,C,8
09/22/1987,16:00,710,1357,352,1,13,270,1,13,209,1,13,377,1,13,282,1,13,229,1,13,479,1,23,8,A,7,7,A,7,16.7,A,7,13.9,A,7,84,A,7,986,A,7,280,A,7,4.1,A,7,12900,B,7,3050,A,7,2.4,E,8,0.000,F,8,0.00,?,0,51,1,D,9,00,C,8
09/22/1987,17:00,506,1357,179,1,9,95,1,9,143,1,13,195,1,9,92,1,9,161,1,13,330,1,18,8,A,7,8,A,7,17.2,A,7,12.8,A,7,75,A,7,985,A,7,270,A,7,4.6,A,7,12900,B,7,3050,A,7,2.3,E,8,0.000,F,8,0.00,?,0,0,1,D,9,00,C,8
09/22/1987,18:00,267,1357,94,1,13,6,1,13,93,1,13,103,1,13,3,1,13,102,1,13,282,1,23,9,A,7,7,A,7,16.7,A,7,12.2,A,7,75,A,7,985,A,7,260,A,7,5.7,A,7,12900,B,7,3050,A,7,2.2,E,8,0.000,F,8,0.00,?,0,0,1,D,9,00,C,8
09/22/1987,19:00,40,780,14,1,13,2,1,9,14,1,13,16,1,13,0,1,9,16,1,13,49,1,21,9,A,7,9,A,7,15.0,A,7,12.8,A,7,87,A,7,985,A,7,260,A,7,4.1,A,7,12900,B,7,2440,A,7,2.3,E,8,0.000,F,8,0.00,?,0,0,1,D,9,00,C,8
09/22/1987,20:00,0,0,0,1,0,0,1,0,0,1,0,0,1,0,0,1,0,0,1,0,0,1,0,9,A,7,9,A,7,13.3,A,7,12.2,A,7,93,A,7,986,A,7,270,A,7,3.1,A,7,9700,B,7,2440,A,7,2.2,E,8,0.000,?,0,0.00,?,0,0,1,D,9,00,C,8
09/22/1987,21:00,0,0,0,1,0,0,1,0,0,1,0,0,1,0,0,1,0,0,1,0,0,1,0,10,A,7,10,A,7,14.4,A,7,13.3,A,7,93,A,7,986,A,7,270,A,7,3.1,A,7,9700,B,7,2440,A,7,2.3,E,8,0.000,?,0,0.00,?,0,0,1,D,9,45,C,8
09/22/1987,22:00,0,0,0,1,0,0,1,0,0,1,0,0,1,0,0,1,0,0,1,0,0,1,0,3,A,7,2,A,7,12.8,A,7,11.7,A,7,93,A,7,986,A,7,270,A,7,4.1,A,7,9700,B,7,77777,A,7,2.1,E,8,0.000,?,0,0.00,?,0,0,1,D,9,45,C,8
09/22/1987,23:00,0,0,0,1,0,0,1,0,0,1,0,0,1,0,0,1,0,0,1,0,0,1,0,2,A,7,2,A,7,11.7,A,7,10.6,A,7,93,A,7,986,A,7,280,A,7,3.6,A,7,9700,B,7,77777,A,7,2.0,E,8,0.000,?,0,0.00,?,0,0,1,D,9,45,C,8
09/22/1987,24:00,0,0,0,1,0,0,1,0,0,1,0,0,1,0,0,1,0,0,1,0,0,1,0,0,A,7,0,A,7,11.1,A,7,10.6,A,7,96,A,7,986,A,7,270,A,7,2.1,A,7,9700,B,7,77777,A,7,2.0,E,8,0.000,?,0,0.00,?,0,0,1,D,9,45,C,8
09/23/1987,01:00,0,0,0,1,0,0,1,0,0,1,0,0,1,0,0,1,0,0,1,0,0,1,0,0,A,7,0,A,7,10.6,A,7,10.0,A,7,96,A,7,986,A,7,260,A,7,2.1,A,7,9700,B,7,77777,A,7,1.9,E,8,0.000,?,0,0.00,?,0,0,1,D,9,45,C,8
09/23/1987,02:00,0,0,0,1,0,0,1,0,0,1,0,0,1,0,0,1,0,0,1,0,0,1,0,0,A,7,0,A,7,10.6,A,7,10.0,A,7,96,A,7,985,A,7,290,A,7,2.1,A,7,9700,B,7,77777,A,7,1.9,E,8,0.000,?,0,0.00,?,0,0,1,D,9,45,C,8
09/23/1987,03:00,0,0,0,1,0,0,1,0,0,1,0,0,1,0,0,1,0,0,1,0,0,1,0,0,A,7,0,A,7,9.4,A,7,8.9,A,7,96,A,7,985,A,7,270,A,7,2.1,A,7,9700,B,7,77777,A,7,1.8,E,8,0.000,?,0,0.00,?,0,0,1,D,9,45,C,8
09/23/1987,04:00,0,0,0,1,0,0,1,0,0,1,0,0,1,0,0,1,0,0,1,0,0,1,0,2,A,7,2,A,7,8.9,A,7,8.3,A,7,96,A,7,985,A,7,260,A,7,2.1,A,7,9700,B,7,77777,A,7,1.7,E,8,0.000,?,0,0.00,?,0,0,1,D,9,45,C,8
09/23/1987,05:00,0,0,0,1,0,0,1,0,0,1,0,0,1,0,0,1,0,0,1,0,0,1,0,0,A,7,0,A,7,8.3,A,7,7.8,A,7,96,A,7,985,A,7,0,A,7,0.0,A,7,9700,B,7,77777,A,7,1.7,E,8,0.000,?,0,0.00,?,0,0,1,D,9,45,C,8
09/23/1987,06:00,0,0,0,1,0,0,1,0,0,1,0,0,1,0,0,1,0,0,1,0,0,1,0,0,A,7,0,A,7,7.8,A,7,7.8,A,7,100,A,7,985,A,7,260,A,7,3.1,A,7,6400,B,7,77777,A,7,1.7,E,8,0.000,?,0,0.00,?,0,0,1,D,9,45,C,8
09/23/1987,07:00,34,735,20,1,13,55,1,9,14,1,13,18,1,13,16,1,9,17,1,13,24,1,21,2,A,7,1,A,7,10.0,A,7,9.4,A,7,96,A,7,985,A,7,240,A,7,4.1,A,7,12900,B,7,77777,A,7,1.9,E,8,0.000,F,8,0.00,?,0,0,1,D,9,45,C,8
09/23/1987,08:00,256,1357,128,1,13,446,1,9,43,1,13,131,1,13,335,1,9,68,1,13,79,1,21,2,A,7,1,A,7,12.2,A,7,11.1,A,7,93,A,7,985,A,7,250,A,7,4.1,A,7,16100,B,7,77777,A,7,2.1,E,8,0.000,F,8,0.00,?,0,0,1,D,9,00,C,8
09/23/1987,09:00,495,1357,274,1,13,449,1,13,108,1,13,289,1,13,422,1,13,135,1,13,205,1,23,6,A,7,3,A,7,15.6,A,7,12.8,A,7,84,A,7,984,A,7,250,A,7,6.2,A,7,16100,B,7,77777,A,7,2.3,E,8,0.000,F,8,0.00,?,0,0,1,D,9,00,C,8
09/23/1987,10:00,700,1357,432,1,13,544,1,13,149,1,13,463,1,13,549,1,13,179,1,13,314,1,23,7,A,7,3,A,7,17.2,A,7,12.2,A,7,73,A,7,984,A,7,250,A,7,7.2,A,7,16100,B,7,77777,A,7,2.2,E,8,0.000,F,8,0.00,?,0,0,1,D,9,00,C,8
09/23/1987,11:00,858,1357,552,1,13,598,1,13,170,1,13,575,1,13,600,1,13,194,1,13,416,1,23,8,A,7,3,A,7,18.9,A,7,11.7,A,7,63,A,7,984,A,7,280,A,7,7.7,A,7,16100,B,7,77777,A,7,2.1,E,8,0.000,F,8,0.00,?,0,0,1,D,9,00,C,8
09/23/1987,12:00,958,1357,512,1,13,319,1,13,285,1,13,556,1,13,344,1,13,312,1,13,819,1,23,9,A,7,6,A,7,19.4,A,7,11.7,A,7,61,A,7,983,A,7,260,A,7,9.3,A,7,16100,B,7,700,A,7,2.1,E,8,0.000,F,8,0.00,?,0,0,1,D,9,00,C,8
09/23/1987,13:00,993,1357,523,1,9,253,1,9,337,1,13,564,1,9,273,1,9,364,1,13,1035,1,18,8,A,7,8,A,7,20.6,A,7,11.7,A,7,57,A,7,983,A,7,270,A,7,8.2,A,7,16100,B,7,760,A,7,2.1,E,8,0.000,F,8,0.00,?,0,0,1,D,9,00,C,8
09/23/1987,14:00,959,1357,532,1,13,375,1,13,265,1,13,581,1,13,405,1,13,294,1,13,754,1,23,6,A,7,6,A,7,20.6,A,7,11.7,A,7,57,A,7,982,A,7,270,A,7,8.8,A,7,16100,B,7,760,A,7,2.1,E,8,0.000,F,8,0.00,?,0,0,1,D,9,00,C,8
09/23/1987,15:00,861,1357,609,1,13,713,1,13,152,1,13,639,1,13,720,1,13,181,1,13,379,1,23,5,A,7,5,A,7,20.0,A,7,11.1,A,7,57,A,7,981,A,7,270,A,7,9.8,A,7,16100,B,7,77777,A,7,2.1,E,8,0.000,F,8,0.00,?,0,0,1,D,9,00,C,8
09/23/1987,16:00,703,1357,477,1,9,676,1,9,123,1,13,497,1,9,669,1,9,150,1,13,266,1,18,2,A,7,2,A,7,20.0,A,7,11.1,A,7,57,A,7,981,A,7,260,A,7,9.3,A,7,24100,B,7,77777,A,7,2.1,E,8,0.000,F,8,0.00,?,0,0,1,D,9,00,C,8
09/23/1987,17:00,498,1357,312,1,9,650,1,9,70,1,13,327,1,9,611,1,9,102,1,13,140,1,18,1,A,7,1,A,7,19.4,A,7,11.1,A,7,59,A,7,980,A,7,260,A,7,9.3,A,7,24100,B,7,77777,A,7,2.1,E,8,0.000,F,8,0.00,?,0,0,1,D,9,00,C,8
09/23/1987,18:00,260,1357,137,1,13,492,1,9,40,1,13,140,1,13,374,1,9,68,1,13,75,1,21,0,A,7,0,A,7,18.3,A,7,11.1,A,7,63,A,7,981,A,7,270,A,7,8.8,A,7,24100,B,7,77777,A,7,2.1,E,8,0.000,F,8,0.00,?,0,0,1,D,9,00,C,8
09/23/1987,19:00,36,758,23,1,13,82,1,9,15,1,13,21,1,13,28,1,9,19,1,13,26,1,21,0,A,7,0,A,7,16.7,A,7,11.1,A,7,70,A,7,981,A,7,250,A,7,5.7,A,7,24100,B,7,77777,A,7,2.1,E,8,0.000,F,8,0.00,?,0,0,1,D,9,00,C,8
09/23/1987,20:00,0,0,0,1,0,0,1,0,0,1,0,0,1,0,0,1,0,0,1,0,0,1,0,0,A,7,0,A,7,15.6,A,7,11.1,A,7,75,A,7,981,A,7,240,A,7,5.7,A,7,16100,B,7,77777,A,7,2.1,E,8,0.000,?,0,0.00,?,0,0,1,D,9,00,C,8
09/23/1987,21:00,0,0,0,1,0,0,1,0,0,1,0,0,1,0,0,1,0,0,1,0,0,1,0,0,A,7,0,A,7,15.0,A,7,11.1,A,7,78,A,7,981,A,7,230,A,7,5.2,A,7,16100,B,7,77777,A,7,2.1,E,8,0.000,?,0,0.00,?,0,0,1,D,9,00,C,8
09/23/1987,22:00,0,0,0,1,0,0,1,0,0,1,0,0,1,0,0,1,0,0,1,0,0,1,0,0,A,7,0,A,7,15.0,A,7,10.6,A,7,75,A,7,981,A,7,240,A,7,5.7,A,7,16100,B,7,77777,A,7,2.0,E,8,0.000,?,0,0.00,?,0,0,1,D,9,00,C,8
09/23/1987,23:00,0,0,0,1,0,0,1,0,0,1,0,0,1,0,0,1,0,0,1,0,0,1,0,0,A,7,0,A,7,14.4,A,7,11.1,A,7,81,A,7,980,A,7,250,A,7,5.7,A,7,16100,B,7,77777,A,7,2.1,E,8,0.000,?,0,0.00,?,0,0,1,D,9,00,C,8
09/23/1987,24:00,0,0,0,1,0,0,1,0,0,1,0,0,1,0,0,1,0,0,1,0,0,1,0,0,A,7,0,A,7,14.4,A,7,11.1,A,7,81,A,7,980,A,7,240,A,7,5.7,A,7,16100,B,7,77777,A,7,2.1,E,8,0.000,?,0,0.00,?,0,0,1,D,9,00,C,8
09/24/1987,01:00,0,0,0,1,0,0,1,0,0,1,0,0,1,0,0,1,0,0,1,0,0,1,0,0,A,7,0,A,7,12.8,A,7,11.1,A,7,90,A,7,980,A,7,250,A,7,3.6,A,7,16100,B,7,77777,A,7,2.1,E,8,0.000,?,0,0.00,?,0,0,1,D,9,00,C,8
09/24/1987,02:00,0,0,0,1,0,0,1,0,0,1,0,0,1,0,0,1,0,0,1,0,0,1,0,0,A,7,0,A,7,11.7,A,7,10.6,A,7,93,A,7,980,A,7,250,A,7,3.1,A,7,16100,B,7,77777,A,7,2.0,E,8,0.000,?,0,0.00,?,0,0,1,D,9,00,C,8
09/24/1987,03:00,0,0,0,1,0,0,1,0,0,1,0,0,1,0,0,1,0,0,1,0,0,1,0,8,A,7,8,A,7,13.3,A,7,12.2,A,7,93,A,7,980,A,7,260,A,7,2.1,A,7,16100,B,7,520,A,7,2.2,E,8,0.000,?,0,0.00,?,0,0,1,D,9,00,C,8
09/24/1987,04:00,0,0,0,1,0,0,1,0,0,1,0,0,1,0,0,1,0,0,1,0,0,1,0,8,A,7,8,A,7,12.2,A,7,11.1,A,7,93,A,7,980,A,7,260,A,7,2.1,A,7,16100,B,7,520,A,7,2.0,E,8,0.000,?,0,0.00,?,0,0,1,D,9,00,C,8
09/24/1987,05:00,0,0,0,1,0,0,1,0,0,1,0,0,1,0,0,1,0,0,1,0,0,1,0,8,A,7,8,A,7,13.9,A,7,12.2,A,7,90,A,7,981,A,7,350,A,7,3.6,A,7,16100,B,7,520,A,7,2.2,E,8,0.000,?,0,0.00,?,0,0,1,D,9,00,C,8
09/24/1987,06:00,0,0,0,1,0,0,1,0,0,1,0,0,1,0,0,1,0,0,1,0,0,1,0,10,A,7,10,A,7,12.8,A,7,10.6,A,7,87,A,7,981,A,7,10,A,7,4.1,A,7,16100,B,7,580,A,7,2.0,E,8,0.000,?,0,0.00,?,0,0,1,D,9,00,C,8
09/24/1987,07:00,32,713,10,1,13,1,1,9,10,1,13,12,1,13,0,1,9,12,1,13,37,1,21,10,A,7,10,A,7,12.8,A,7,10.0,A,7,83,A,7,982,A,7,20,A,7,4.1,A,7,16100,B,7,520,A,7,1.9,E,8,0.000,F,8,0.00,?,0,0,1,D,9,00,C,8
09/24/1987,08:00,251,1358,118,1,13,380,1,9,47,1,13,120,1,13,282,1,9,68,1,13,85,1,21,6,A,7,1,A,7,12.2,A,7,10.0,A,7,86,A,7,982,A,7,350,A,7,3.1,A,7,16100,B,7,77777,A,7,1.9,E,8,0.000,F,8,0.00,?,0,0,1,D,9,00,C,8
09/24/1987,09:00,490,1358,193,1,13,81,1,13,163,1,13,211,1,13,77,1,13,183,1,13,433,1,23,9,A,7,7,A,7,12.8,A,7,10.0,A,7,83,A,7,982,A,7,20,A,7,4.6,A,7,16100,B,7,520,A,7,1.9,E,8,0.000,F,8,0.00,?,0,0,1,D,9,00,C,8
09/24/1987,10:00,695,1358,371,1,13,352,1,13,190,1,13,400,1,13,367,1,13,212,1,13,426,1,23,9,A,7,7,A,7,14.4,A,7,10.6,A,7,78,A,7,983,A,7,350,A,7,3.6,A,7,16100,B,7,580,A,7,2.0,E,8,0.000,F,8,0.00,?,0,0,1,D,9,00,C,8
09/24/1987,11:00,853,1358,416,1,9,184,1,9,299,1,13,452,1,9,193,1,9,330,1,13,832,1,18,8,A,7,8,A,7,17.8,A,7,11.7,A,7,68,A,7,984,A,7,10,A,7,3.6,A,7,16100,B,7,460,A,7,2.1,E,8,0.000,F,8,0.00,?,0,0,1,D,9,00,C,8
09/24/1987,12:00,953,1358,563,1,13,394,1,13,285,1,13,611,1,13,425,1,13,313,1,13,814,1,23,6,A,7,6,A,7,19.4,A,7,10.0,A,7,55,A,7,983,A,7,360,A,7,4.1,A,7,16100,B,7,610,A,7,1.9,E,8,0.000,F,8,0.00,?,0,0,1,D,9,00,C,8
09/24/1987,13:00,987,1358,490,1,13,430,1,13,174,1,13,541,1,13,449,1,13,214,1,13,505,1,23,4,A,7,4,A,7,18.3,A,7,7.8,A,7,50,A,7,983,A,7,360,A,7,4.1,A,7,16100,B,7,77777,A,7,1.7,E,8,0.000,F,8,0.00,?,0,0,1,D,9,00,C,8
09/24/1987,14:00,953,1358,679,1,13,834,1,13,88,1,13,702,1,13,832,1,13,117,1,13,232,1,23,4,A,7,4,A,7,18.3,A,7,7.8,A,7,50,A,7,983,A,7,20,A,7,5.2,A,7,16100,B,7,77777,A,7,1.7,E,8,0.000,F,8,0.00,?,0,0,1,D,9,00,C,8
09/24/1987,15:00,854,1358,595,1,13,726,1,13,134,1,13,629,1,13,736,1,13,165,1,13,336,1,23,3,A,7,3,A,7,19.4,A,7,8.3,A,7,49,A,7,983,A,7,360,A,7,5.7,A,7,16100,B,7,77777,A,7,1.7,E,8,0.000,F,8,0.00,?,0,0,1,D,9,00,C,8
09/24/1987,16:00,697,1358,426,1,13,532,1,13,150,1,13,455,1,13,536,1,13,179,1,13,316,1,23,4,A,7,4,A,7,18.9,A,7,7.8,A,7,49,A,7,983,A,7,360,A,7,4.1,A,7,16100,B,7,77777,A,7,1.7,E,8,0.000,F,8,0.00,?,0,0,1,D,9,00,C,8
09/24/1987,17:00,491,1358,307,1,9,623,1,9,78,1,13,318,1,9,581,1,9,108,1,13,153,1,18,1,A,7,1,A,7,17.8,A,7,6.7,A,7,48,A,7,983,A,7,350,A,7,2.6,A,7,16100,B,7,77777,A,7,1.6,E,8,0.000,F,8,0.00,?,0,0,1,D,9,00,C,8
09/24/1987,18:00,252,1358,124,1,13,435,1,9,41,1,13,126,1,13,326,1,9,66,1,13,76,1,21,1,A,7,1,A,7,17.2,A,7,5.6,A,7,46,A,7,983,A,7,330,A,7,1.5,A,7,24100,B,7,77777,A,7,1.5,E,8,0.000,F,8,0.00,?,0,0,1,D,9,00,C,8
09/24/1987,19:00,32,713,18,1,13,65,1,9,12,1,13,16,1,13,22,1,9,15,1,13,21,1,21,1,A,7,1,A,7,13.3,A,7,8.3,A,7,72,A,7,984,A,7,360,A,7,1.5,A,7,24100,B,7,77777,A,7,1.7,E,8,0.000,F,8,0.00,?,0,0,1,D,9,00,C,8
09/24/1987,20:00,0,0,0,1,0,0,1,0,0,1,0,0,1,0,0,1,0,0,1,0,0,1,0,1,A,7,1,A,7,11.7,A,7,7.8,A,7,77,A,7,984,A,7,360,A,7,2.1,A,7,32200,B,7,77777,A,7,1.7,E,8,0.000,?,0,0.00,?,0,0,1,D,9,00,C,8
09/24/1987,21:00,0,0,0,1,0,0,1,0,0,1,0,0,1,0,0,1,0,0,1,0,0,1,0,5,A,7,5,A,7,12.2,A,7,6.7,A,7,69,A,7,985,A,7,350,A,7,2.6,A,7,32200,B,7,77777,A,7,1.6,E,8,0.000,?,0,0.00,?,0,0,1,D,9,00,C,8
09/24/1987,22:00,0,0,0,1,0,0,1,0,0,1,0,0,1,0,0,1,0,0,1,0,0,1,0,0,A,7,0,A,7,11.1,A,7,5.6,A,7,69,A,7,986,A,7,350,A,7,3.6,A,7,32200,B,7,77777,A,7,1.5,E,8,0.000,?,0,0.00,?,0,0,1,D,9,00,C,8
09/24/1987,23:00,0,0,0,1,0,0,1,0,0,1,0,0,1,0,0,1,0,0,1,0,0,1,0,0,A,7,0,A,7,8.9,A,7,5.0,A,7,77,A,7,986,A,7,340,A,7,2.1,A,7,32200,B,7,77777,A,7,1.4,E,8,0.000,?,0,0.00,?,0,0,1,D,9,00,C,8
09/24/1987,24:00,0,0,0,1,0,0,1,0,0,1,0,0,1,0,0,1,0,0,1,0,0,1,0,0,A,7,0,A,7,7.8,A,7,4.4,A,7,80,A,7,987,A,7,340,A,7,2.6,A,7,24100,B,7,77777,A,7,1.4,E,8,0.000,?,0,0.00,?,0,0,1,D,9,00,C,8
09/25/1987,01:00,0,0,0,1,0,0,1,0,0,1,0,0,1,0,0,1,0,0,1,0,0,1,0,0,A,7,0,A,7,7.2,A,7,4.4,A,7,83,A,7,987,A,7,340,A,7,2.1,A,7,24100,B,7,77777,A,7,1.4,E,8,0.000,?,0,0.00,?,0,0,1,D,9,00,C,8
09/25/1987,02:00,0,0,0,1,0,0,1,0,0,1,0,0,1,0,0,1,0,0,1,0,0,1,0,0,A,7,0,A,7,6.1,A,7,4.4,A,7,89,A,7,987,A,7,340,A,7,2.1,A,7,24100,B,7,77777,A,7,1.4,E,8,0.000,?,0,0.00,?,0,0,1,D,9,00,C,8
09/25/1987,03:00,0,0,0,1,0,0,1,0,0,1,0,0,1,0,0,1,0,0,1,0,0,1,0,0,A,7,0,A,7,4.4,A,7,3.3,A,7,93,A,7,987,A,7,320,A,7,2.1,A,7,24100,B,7,77777,A,7,1.3,E,8,0.000,?,0,0.00,?,0,0,1,D,9,00,C,8
09/25/1987,04:00,0,0,0,1,0,0,1,0,0,1,0,0,1,0,0,1,0,0,1,0,0,1,0,0,A,7,0,A,7,3.9,A,7,2.8,A,7,93,A,7,988,A,7,310,A,7,1.5,A,7,24100,B,7,77777,A,7,1.3,E,8,0.000,?,0,0.00,?,0,0,1,D,9,00,C,8
09/25/1987,05:00,0,0,0,1,0,0,1,0,0,1,0,0,1,0,0,1,0,0,1,0,0,1,0,0,A,7,0,A,7,4.4,A,7,3.3,A,7,93,A,7,988,A,7,300,A,7,1.5,A,7,16100,B,7,77777,A,7,1.3,E,8,0.000,?,0,0.00,?,0,0,1,D,9,00,C,8
09/25/1987,06:00,0,0,0,1,0,0,1,0,0,1,0,0,1,0,0,1,0,0,1,0,0,1,0,0,A,7,0,A,7,2.8,A,7,1.7,A,7,93,A,7,988,A,7,260,A,7,3.1,A,7,16100,B,7,77777,A,7,1.2,E,8,0.000,?,0,0.00,?,0,0,1,D,9,00,C,8
09/25/1987,07:00,30,691,16,1,13,25,1,9,13,1,13,16,1,13,9,1,9,15,1,13,27,1,21,0,A,7,0,A,7,3.3,A,7,2.8,A,7,96,A,7,989,A,7,260,A,7,2.6,A,7,16100,B,7,77777,A,7,1.3,E,8,0.000,F,8,0.00,?,0,0,1,D,9,00,C,8
09/25/1987,08:00,247,1359,117,1,13,364,1,9,50,1,13,118,1,13,266,1,9,70,1,13,89,1,21,0,A,7,0,A,7,6.7,A,7,5.6,A,7,93,A,7,989,A,7,0,A,7,0.0,A,7,16100,B,7,77777,A,7,1.5,E,8,0.000,F,8,0.00,?,0,0,1,D,9,00,C,8
09/25/1987,09:00,485,1359,298,1,9,608,1,9,78,1,13,309,1,9,565,1,9,107,1,13,152,1,18,0,A,7,0,A,7,10.6,A,7,6.1,A,7,74,A,7,990,A,7,280,A,7,3.1,A,7,16100,B,7,77777,A,7,1.5,E,8,0.000,F,8,0.00,?,0,0,1,D,9,00,C,8
09/25/1987,10:00,691,1359,473,1,9,723,1,9,102,1,13,499,1,9,719,1,9,133,1,13,223,1,18,0,A,7,0,A,7,13.3,A,7,5.0,A,7,57,A,7,990,A,7,310,A,7,2.6,A,7,16100,B,7,77777,A,7,1.4,E,8,0.000,F,8,0.00,?,0,0,1,D,9,00,C,8
09/25/1987,11:00,848,1359,618,1,9,793,1,9,119,1,13,641,1,9,789,1,9,147,1,13,275,1,18,0,A,7,0,A,7,14.4,A,7,2.8,A,7,46,A,7,990,A,7,0,A,7,0.0,A,7,16100,B,7,77777,A,7,1.3,E,8,0.000,F,8,0.00,?,0,0,1,D,9,00,C,8
09/25/1987,12:00,948,1359,709,1,9,826,1,9,128,1,13,741,1,9,829,1,9,161,1,13,336,1,18,0,A,7,0,A,7,15.0,A,7,2.8,A,7,44,A,7,990,A,7,280,A,7,3.6,A,7,16100,B,7,77777,A,7,1.3,E,8,0.000,F,8,0.00,?,0,0,1,D,9,00,C,8
09/25/1987,13:00,981,1359,689,1,9,709,1,9,174,1,13,728,1,9,721,1,9,206,1,13,511,1,18,2,A,7,2,A,7,15.6,A,7,3.3,A,7,44,A,7,990,A,7,230,A,7,4.1,A,7,16100,B,7,77777,A,7,1.3,E,8,0.000,F,8,0.00,?,0,0,1,D,9,00,C,8
09/25/1987,14:00,947,1359,706,1,9,822,1,9,128,1,13,737,1,9,825,1,9,161,1,13,336,1,18,0,A,7,0,A,7,16.7,A,7,2.8,A,7,40,A,7,989,A,7,280,A,7,3.6,A,7,16100,B,7,77777,A,7,1.3,E,8,0.000,F,8,0.00,?,0,0,1,D,9,00,C,8
09/25/1987,15:00,848,1359,594,1,9,754,1,9,119,1,13,615,1,9,751,1,9,146,1,13,274,1,18,0,A,7,0,A,7,17.2,A,7,2.8,A,7,38,A,7,988,A,7,290,A,7,3.1,A,7,16100,B,7,77777,A,7,1.3,E,8,0.000,F,8,0.00,?,0,0,1,D,9,00,C,8
09/25/1987,16:00,690,1359,477,1,9,731,1,9,102,1,13,503,1,9,727,1,9,133,1,13,223,1,18,0,A,7,0,A,7,17.2,A,7,3.9,A,7,41,A,7,988,A,7,290,A,7,4.1,A,7,16100,B,7,77777,A,7,1.3,E,8,0.000,F,8,0.00,?,0,0,1,D,9,00,C,8
09/25/1987,17:00,484,1359,299,1,9,612,1,9,78,1,13,310,1,9,568,1,9,107,1,13,152,1,18,0,A,7,0,A,7,16.7,A,7,4.4,A,7,45,A,7,987,A,7,260,A,7,3.1,A,7,16100,B,7,77777,A,7,1.4,E,8,0.000,F,8,0.00,?,0,0,1,D,9,00,C,8
09/25/1987,18:00,245,1359,117,1,13,363,1,9,50,1,13,118,1,13,264,1,9,70,1,13,88,1,21,0,A,7,0,A,7,15.0,A,7,5.0,A,7,52,A,7,987,A,7,260,A,7,2.6,A,7,16100,B,7,77777,A,7,1.4,E,8,0.000,F,8,0.00,?,0,0,1,D,9,00,C,8
09/25/1987,19:00,29,668,16,1,13,27,1,9,14,1,13,17,1,13,10,1,9,17,1,13,29,1,21,0,A,7,0,A,7,12.8,A,7,5.6,A,7,62,A,7,986,A,7,230,A,7,1.5,A,7,16100,B,7,77777,A,7,1.5,E,8,0.000,F,8,0.00,?,0,0,1,D,9,00,C,8
09/25/1987,20:00,0,0,0,1,0,0,1,0,0,1,0,0,1,0,0,1,0,0,1,0,0,1,0,0,A,7,0,A,7,10.0,A,7,5.6,A,7,74,A,7,986,A,7,240,A,7,2.6,A,7,32200,B,7,77777,A,7,1.5,E,8,0.000,?,0,0.00,?,0,0,1,D,9,00,C,8
09/25/1987,21:00,0,0,0,1,0,0,1,0,0,1,0,0,1,0,0,1,0,0,1,0,0,1,0,0,A,7,0,A,7,8.9,A,7,5.6,A,7,80,A,7,986,A,7,270,A,7,2.6,A,7,32200,B,7,77777,A,7,1.5,E,8,0.000,?,0,0.00,?,0,0,1,D,9,00,C,8
09/25/1987,22:00,0,0,0,1,0,0,1,0,0,1,0,0,1,0,0,1,0,0,1,0,0,1,0,0,A,7,0,A,7,8.3,A,7,6.1,A,7,86,A,7,986,A,7,210,A,7,2.1,A,7,32200,B,7,77777,A,7,1.5,E,8,0.000,?,0,0.00,?,0,0,1,D,9,00,C,8
09/25/1987,23:00,0,0,0,1,0,0,1,0,0,1,0,0,1,0,0,1,0,0,1,0,0,1,0,0,A,7,0,A,7,7.8,A,7,6.1,A,7,89,A,7,986,A,7,210,A,7,1.5,A,7,32200,B,7,77777,A,7,1.5,E,8,0.000,?,0,0.00,?,0,0,1,D,9,00,C,8
09/25/1987,24:00,0,0,0,1,0,0,1,0,0,1,0,0,1,0,0,1,0,0,1,0,0,1,0,0,A,7,0,A,7,8.3,A,7,6.1,A,7,86,A,7,986,A,7,190,A,7,2.6,A,7,16100,B,7,77777,A,7,1.5,E,8,0.000,?,0,0.00,?,0,0,1,D,9,00,C,8
09/26/1987,01:00,0,0,0,1,0,0,1,0,0,1,0,0,1,0,0,1,0,0,1,0,0,1,0,0,A,7,0,A,7,7.8,A,7,5.6,A,7,86,A,7,986,A,7,200,A,7,2.1,A,7,16100,B,7,77777,A,7,1.5,E,8,0.000,?,0,0.00,?,0,0,1,D,9,00,C,8
09/26/1987,02:00,0,0,0,1,0,0,1,0,0,1,0,0,1,0,0,1,0,0,1,0,0,1,0,0,A,7,0,A,7,8.9,A,7,5.6,A,7,80,A,7,985,A,7,210,A,7,2.1,A,7,16100,B,7,77777,A,7,1.5,E,8,0.000,?,0,0.00,?,0,0,1,D,9,00,C,8
09/26/1987,03:00,0,0,0,1,0,0,1,0,0,1,0,0,1,0,0,1,0,0,1,0,0,1,0,3,A,7,3,A,7,10.0,A,7,5.0,A,7,71,A,7,985,A,7,240,A,7,4.1,A,7,16100,B,7,77777,A,7,1.4,E,8,0.000,?,0,0.00,?,0,0,1,D,9,00,C,8
09/26/1987,04:00,0,0,0,1,0,0,1,0,0,1,0,0,1,0,0,1,0,0,1,0,0,1,0,3,A,7,3,A,7,9.4,A,7,4.4,A,7,71,A,7,986,A,7,230,A,7,3.1,A,7,16100,B,7,77777,A,7,1.4,E,8,0.000,?,0,0.00,?,0,0,1,D,9,00,C,8
09/26/1987,05:00,0,0,0,1,0,0,1,0,0,1,0,0,1,0,0,1,0,0,1,0,0,1,0,7,A,7,6,A,7,10.6,A,7,5.0,A,7,69,A,7,986,A,7,230,A,7,4.1,A,7,16100,B,7,2440,A,7,1.4,E,8,0.000,?,0,0.00,?,0,0,1,D,9,00,C,8
09/26/1987,06:00,0,0,0,1,0,0,1,0,0,1,0,0,1,0,0,1,0,0,1,0,0,1,0,8,A,7,8,A,7,11.1,A,7,6.1,A,7,72,A,7,986,A,7,220,A,7,4.6,A,7,16100,B,7,2440,A,7,1.5,E,8,0.000,?,0,0.00,?,0,0,1,D,9,00,C,8
09/26/1987,07:00,28,669,4,1,13,0,1,9,4,1,13,5,1,13,0,1,9,5,1,13,16,1,21,9,A,7,9,A,7,11.1,A,7,6.1,A,7,72,A,7,986,A,7,240,A,7,5.2,A,7,16100,B,7,2440,A,7,1.5,E,8,0.000,F,8,0.00,?,0,0,1,D,9,00,C,8
09/26/1987,08:00,242,1360,51,1,13,48,1,9,42,1,13,57,1,13,36,1,9,50,1,13,90,1,21,9,A,7,9,A,7,11.7,A,7,6.7,A,7,72,A,7,987,A,7,230,A,7,4.1,A,7,16100,B,7,2440,A,7,1.6,E,8,0.000,F,8,0.00,?,0,0,1,D,9,00,C,8
09/26/1987,09:00,480,1360,201,1,9,118,1,9,158,1,13,216,1,9,112,1,9,176,1,13,362,1,18,8,A,7,8,A,7,13.3,A,7,6.7,A,7,64,A,7,987,A,7,240,A,7,4.1,A,7,16100,B,7,2440,A,7,1.6,E,8,0.000,F,8,0.00,?,0,0,1,D,9,00,C,8
09/26/1987,10:00,686,1360,232,1,9,101,1,9,181,1,13,256,1,9,104,1,9,203,1,13,452,1,18,8,A,7,8,A,7,16.1,A,7,7.2,A,7,56,A,7,987,A,7,240,A,7,4.6,A,7,16100,B,7,2440,A,7,1.6,E,8,0.000,F,8,0.00,?,0,0,1,D,9,00,C,8
09/26/1987,11:00,843,1360,572,1,13,597,1,13,199,1,13,611,1,13,614,1,13,228,1,13,482,1,23,4,A,7,4,A,7,19.4,A,7,7.8,A,7,47,A,7,988,A,7,230,A,7,5.2,A,7,16100,B,7,77777,A,7,1.7,E,8,0.000,F,8,0.00,?,0,0,1,D,9,00,C,8
09/26/1987,12:00,942,1360,582,1,13,439,1,13,275,1,13,610,1,13,454,1,13,295,1,13,769,1,23,4,A,7,4,A,7,21.1,A,7,8.3,A,7,44,A,7,987,A,7,230,A,7,6.2,A,7,16100,B,7,77777,A,7,1.8,E,8,0.000,F,8,0.00,?,0,0,1,D,9,00,C,8
09/26/1987,13:00,975,1360,618,1,13,527,1,13,236,1,13,661,1,13,548,1,13,267,1,13,684,1,23,4,A,7,4,A,7,21.1,A,7,7.8,A,7,42,A,7,987,A,7,240,A,7,6.2,A,7,16100,B,7,77777,A,7,1.7,E,8,0.000,F,8,0.00,?,0,0,1,D,9,00,C,8
09/26/1987,14:00,941,1360,646,1,9,655,1,9,190,1,13,675,1,9,660,1,9,217,1,13,515,1,18,2,A,7,2,A,7,22.8,A,7,7.8,A,7,38,A,7,986,A,7,240,A,7,6.7,A,7,16100,B,7,77777,A,7,1.7,E,8,0.000,F,8,0.00,?,0,0,1,D,9,00,C,8
09/26/1987,15:00,841,1360,590,1,9,699,1,9,153,1,13,617,1,9,703,1,9,181,1,13,371,1,18,0,A,7,0,A,7,23.3,A,7,8.3,A,7,38,A,7,986,A,7,240,A,7,6.7,A,7,16100,B,7,77777,A,7,1.7,E,8,0.000,F,8,0.00,?,0,0,1,D,9,00,C,8
09/26/1987,16:00,683,1360,447,1,9,623,1,9,131,1,13,463,1,9,611,1,9,155,1,13,274,1,18,0,A,7,0,A,7,23.3,A,7,8.9,A,7,40,A,7,986,A,7,250,A,7,6.2,A,7,16100,B,7,77777,A,7,1.8,E,8,0.000,F,8,0.00,?,0,0,1,D,9,00,C,8
09/26/1987,17:00,476,1360,269,1,9,476,1,9,100,1,13,285,1,9,442,1,9,129,1,13,188,1,18,1,A,7,0,A,7,22.8,A,7,9.4,A,7,43,A,7,986,A,7,250,A,7,5.2,A,7,16100,B,7,77777,A,7,1.9,E,8,0.000,F,8,0.00,?,0,0,1,D,9,00,C,8
09/26/1987,18:00,237,1360,100,1,13,231,1,9,59,1,13,103,1,13,162,1,9,75,1,13,107,1,21,1,A,7,0,A,7,21.7,A,7,9.4,A,7,46,A,7,986,A,7,240,A,7,4.1,A,7,16100,B,7,77777,A,7,1.9,E,8,0.000,F,8,0.00,?,0,0,1,D,9,00,C,8
09/26/1987,19:00,25,623,13,1,13,7,1,9,13,1,13,15,1,13,3,1,9,14,1,13,32,1,21,0,A,7,0,A,7,17.2,A,7,10.6,A,7,65,A,7,986,A,7,200,A,7,2.1,A,7,16100,B,7,77777,A,7,2.0,E,8,0.000,F,8,0.00,?,0,0,1,D,9,00,C,8
09/26/1987,20:00,0,0,0,1,0,0,1,0,0,1,0,0,1,0,0,1,0,0,1,0,0,1,0,0,A,7,0,A,7,12.8,A,7,10.6,A,7,87,A,7,987,A,7,110,A,7,1.5,A,7,16100,B,7,77777,A,7,2.0,E,8,0.000,?,0,0.00,?,0,0,1,D,9,00,C,8
09/26/1987,21:00,0,0,0,1,0,0,1,0,0,1,0,0,1,0,0,1,0,0,1,0,0,1,0,0,A,7,0,A,7,11.7,A,7,10.0,A,7,90,A,7,987,A,7,0,A,7,0.0,A,7,11300,B,7,77777,A,7,1.9,E,8,0.000,?,0,0.00,?,0,0,1,D,9,00,C,8
09/26/1987,22:00,0,0,0,1,0,0,1,0,0,1,0,0,1,0,0,1,0,0,1,0,0,1,0,0,A,7,0,A,7,11.1,A,7,10.0,A,7,93,A,7,987,A,7,100,A,7,2.1,A,7,11300,B,7,77777,A,7,1.9,E,8,0.000,?,0,0.00,?,0,0,1,D,9,00,C,8
09/26/1987,23:00,0,0,0,1,0,0,1,0,0,1,0,0,1,0,0,1,0,0,1,0,0,1,0,0,A,7,0,A,7,10.6,A,7,9.4,A,7,93,A,7,988,A,7,90,A,7,2.1,A,7,11300,B,7,77777,A,7,1.9,E,8,0.000,?,0,0.00,?,0,0,1,D,9,00,C,8
09/26/1987,24:00,0,0,0,1,0,0,1,0,0,1,0,0,1,0,0,1,0,0,1,0,0,1,0,0,A,7,0,A,7,10.0,A,7,8.9,A,7,93,A,7,987,A,7,70,A,7,2.1,A,7,11300,B,7,77777,A,7,1.8,E,8,0.000,?,0,0.00,?,0,0,1,D,9,00,C,8
09/27/1987,01:00,0,0,0,1,0,0,1,0,0,1,0,0,1,0,0,1,0,0,1,0,0,1,0,3,A,7,3,A,7,11.1,A,7,9.4,A,7,90,A,7,987,A,7,70,A,7,2.1,A,7,16100,B,7,77777,A,7,1.9,E,8,0.000,?,0,0.00,?,0,0,1,D,9,00,C,8
09/27/1987,02:00,0,0,0,1,0,0,1,0,0,1,0,0,1,0,0,1,0,0,1,0,0,1,0,3,A,7,3,A,7,12.8,A,7,10.0,A,7,83,A,7,988,A,7,120,A,7,2.1,A,7,16100,B,7,77777,A,7,1.9,E,8,0.000,?,0,0.00,?,0,0,1,D,9,00,C,8
09/27/1987,03:00,0,0,0,1,0,0,1,0,0,1,0,0,1,0,0,1,0,0,1,0,0,1,0,10,A,7,10,A,7,14.4,A,7,11.1,A,7,81,A,7,988,A,7,140,A,7,2.1,A,7,16100,B,7,2440,A,7,2.1,E,8,0.000,?,0,0.00,?,0,3,1,D,9,00,C,8
09/27/1987,04:00,0,0,0,1,0,0,1,0,0,1,0,0,1,0,0,1,0,0,1,0,0,1,0,8,A,7,8,A,7,14.4,A,7,10.0,A,7,75,A,7,988,A,7,160,A,7,3.1,A,7,16100,B,7,2440,A,7,1.9,E,8,0.000,?,0,0.00,?,0,0,1,D,9,00,C,8
09/27/1987,05:00,0,0,0,1,0,0,1,0,0,1,0,0,1,0,0,1,0,0,1,0,0,1,0,7,A,7,7,A,7,16.7,A,7,8.3,A,7,58,A,7,988,A,7,200,A,7,4.6,A,7,16100,B,7,2440,A,7,1.8,E,8,0.000,?,0,0.00,?,0,0,1,D,9,00,C,8
09/27/1987,06:00,0,0,0,1,0,0,1,0,0,1,0,0,1,0,0,1,0,0,1,0,0,1,0,3,A,7,3,A,7,15.6,A,7,8.3,A,7,62,A,7,988,A,7,190,A,7,4.1,A,7,16100,B,7,77777,A,7,1.7,E,8,0.000,?,0,0.00,?,0,0,1,D,9,00,C,8
09/27/1987,07:00,25,624,11,1,13,7,1,13,10,1,13,11,1,13,3,1,13,11,1,13,25,1,23,7,A,7,7,A,7,15.6,A,7,8.3,A,7,62,A,7,988,A,7,190,A,7,4.1,A,7,16100,B,7,2440,A,7,1.8,E,8,0.000,F,8,0.00,?,0,0,1,D,9,00,C,8
09/27/1987,08:00,237,1361,104,1,13,274,1,9,55,1,13,107,1,13,192,1,9,74,1,13,99,1,21,2,A,7,2,A,7,16.7,A,7,8.3,A,7,58,A,7,989,A,7,190,A,7,6.2,A,7,16100,B,7,77777,A,7,1.8,E,8,0.000,F,8,0.00,?,0,0,1,D,9,00,C,8
09/27/1987,09:00,476,1361,121,1,9,3,1,9,120,1,13,137,1,9,2,1,9,137,1,13,457,1,18,10,A,7,10,A,7,19.4,A,7,9.4,A,7,53,A,7,989,A,7,200,A,7,4.1,A,7,16100,B,7,1830,A,7,1.9,E,8,0.000,F,8,0.00,?,0,0,1,D,9,00,C,8
09/27/1987,10:00,681,1361,239,1,9,68,1,9,204,1,13,262,1,9,68,1,9,228,1,13,616,1,18,9,A,7,9,A,7,22.2,A,7,11.1,A,7,50,A,7,989,A,7,200,A,7,6.2,A,7,16100,B,7,2440,A,7,2.1,E,8,0.000,F,8,0.00,?,0,0,1,D,9,00,C,8
09/27/1987,11:00,838,1361,609,1,9,830,1,9,94,1,13,647,1,9,833,1,9,132,1,13,233,1,18,0,A,7,0,A,7,23.9,A,7,12.2,A,7,48,A,7,989,A,7,240,A,7,6.2,A,7,16100,B,7,77777,A,7,2.2,E,8,0.000,F,8,0.00,?,0,0,1,D,9,00,C,8
09/27/1987,12:00,937,1361,691,1,9,850,1,9,101,1,13,713,1,9,846,1,9,129,1,13,236,1,18,0,A,7,0,A,7,25.0,A,7,13.9,A,7,50,A,7,989,A,7,240,A,7,6.2,A,7,16100,B,7,77777,A,7,2.4,E,8,0.000,F,8,0.00,?,0,0,1,D,9,00,C,8
09/27/1987,13:00,969,1361,721,1,9,859,1,9,104,1,13,743,1,9,856,1,9,131,1,13,252,1,18,0,A,7,0,A,7,26.1,A,7,15.6,A,7,52,A,7,988,A,7,240,A,7,5.7,A,7,16100,B,7,77777,A,7,2.7,E,8,0.000,F,8,0.00,?,0,0,1,D,9,00,C,8
09/27/1987,14:00,935,1361,594,1,9,638,1,9,152,1,13,629,1,9,650,1,9,182,1,13,419,1,18,2,A,7,2,A,7,27.2,A,7,16.1,A,7,51,A,7,988,A,7,240,A,7,6.7,A,7,16100,B,7,77777,A,7,2.8,E,8,0.000,F,8,0.00,?,0,0,1,D,9,00,C,8
09/27/1987,15:00,834,1361,601,1,9,821,1,9,93,1,13,638,1,9,824,1,9,131,1,13,230,1,18,0,A,7,0,A,7,27.2,A,7,15.0,A,7,47,A,7,988,A,7,230,A,7,7.2,A,7,16100,B,7,77777,A,7,2.6,E,8,0.000,F,8,0.00,?,0,0,1,D,9,00,C,8
09/27/1987,16:00,676,1361,466,1,9,763,1,9,83,1,13,486,1,9,748,1,9,114,1,13,180,1,18,1,A,7,0,A,7,26.7,A,7,15.0,A,7,49,A,7,988,A,7,240,A,7,6.7,A,7,12900,B,7,77777,A,7,2.6,E,8,0.000,F,8,0.00,?,0,0,1,D,9,00,C,8
09/27/1987,17:00,469,1361,292,1,9,652,1,9,64,1,13,299,1,9,600,1,9,91,1,13,126,1,18,1,A,7,0,A,7,26.1,A,7,14.4,A,7,49,A,7,988,A,7,230,A,7,6.2,A,7,12900,B,7,77777,A,7,2.5,E,8,0.000,F,8,0.00,?,0,0,1,D,9,00,C,8
09/27/1987,18:00,230,1361,113,1,13,423,1,9,40,1,13,115,1,13,303,1,9,64,1,13,73,1,21,0,A,7,0,A,7,23.9,A,7,15.6,A,7,60,A,7,988,A,7,220,A,7,3.6,A,7,11300,B,7,77777,A,7,2.7,E,8,0.000,F,8,0.00,?,0,0,1,D,9,00,C,8
09/27/1987,19:00,22,601,16,1,13,40,1,9,12,1,13,0,1,13,0,1,9,0,1,13,0,1,21,1,A,7,0,A,7,22.2,A,7,14.4,A,7,62,A,7,988,A,7,210,A,7,3.6,A,7,11300,B,7,77777,A,7,2.5,E,8,0.000,F,8,0.00,?,0,0,1,D,9,00,C,8
09/27/1987,20:00,0,0,0,1,0,0,1,0,0,1,0,0,1,0,0,1,0,0,1,0,0,1,0,1,A,7,0,A,7,17.2,A,7,15.0,A,7,87,A,7,989,A,7,60,A,7,3.6,A,7,11300,B,7,77777,A,7,2.6,E,8,0.000,?,0,0.00,?,0,0,1,D,9,00,C,8
09/27/1987,21:00,0,0,0,1,0,0,1,0,0,1,0,0,1,0,0,1,0,0,1,0,0,1,0,0,A,7,0,A,7,16.1,A,7,15.0,A,7,93,A,7,989,A,7,0,A,7,0.0,A,7,11300,B,7,77777,A,7,2.6,E,8,0.000,?,0,0.00,?,0,0,1,D,9,00,C,8
09/27/1987,22:00,0,0,0,1,0,0,1,0,0,1,0,0,1,0,0,1,0,0,1,0,0,1,0,0,A,7,0,A,7,15.6,A,7,13.9,A,7,90,A,7,989,A,7,140,A,7,1.5,A,7,11300,B,7,77777,A,7,2.5,E,8,0.000,?,0,0.00,?,0,0,1,D,9,00,C,8
09/27/1987,23:00,0,0,0,1,0,0,1,0,0,1,0,0,1,0,0,1,0,0,1,0,0,1,0,0,A,7,0,A,7,17.2,A,7,13.3,A,7,78,A,7,989,A,7,190,A,7,4.1,A,7,11300,B,7,77777,A,7,2.4,E,8,0.000,?,0,0.00,?,0,0,1,D,9,00,C,8
09/27/1987,24:00,0,0,0,1,0,0,1,0,0,1,0,0,1,0,0,1,0,0,1,0,0,1,0,0,A,7,0,A,7,16.7,A,7,12.8,A,7,78,A,7,989,A,7,180,A,7,2.6,A,7,11300,B,7,77777,A,7,2.3,E,8,0.000,?,0,0.00,?,0,0,1,D,9,00,C,8
09/28/1987,01:00,0,0,0,1,0,0,1,0,0,1,0,0,1,0,0,1,0,0,1,0,0,1,0,0,A,7,0,A,7,16.7,A,7,12.2,A,7,75,A,7,989,A,7,200,A,7,4.1,A,7,11300,B,7,77777,A,7,2.2,E,8,0.000,?,0,0.00,?,0,0,1,D,9,00,C,8
09/28/1987,02:00,0,0,0,1,0,0,1,0,0,1,0,0,1,0,0,1,0,0,1,0,0,1,0,0,A,7,0,A,7,17.2,A,7,12.2,A,7,73,A,7,989,A,7,190,A,7,4.6,A,7,11300,B,7,77777,A,7,2.2,E,8,0.000,?,0,0.00,?,0,0,1,D,9,00,C,8
09/28/1987,03:00,0,0,0,1,0,0,1,0,0,1,0,0,1,0,0,1,0,0,1,0,0,1,0,0,A,7,0,A,7,16.1,A,7,11.7,A,7,75,A,7,989,A,7,190,A,7,3.1,A,7,11300,B,7,77777,A,7,2.1,E,8,0.000,?,0,0.00,?,0,0,1,D,9,00,C,8
09/28/1987,04:00,0,0,0,1,0,0,1,0,0,1,0,0,1,0,0,1,0,0,1,0,0,1,0,0,A,7,0,A,7,15.6,A,7,11.7,A,7,78,A,7,989,A,7,190,A,7,3.1,A,7,11300,B,7,77777,A,7,2.2,E,8,0.000,?,0,0.00,?,0,0,1,D,9,00,C,8
09/28/1987,05:00,0,0,0,1,0,0,1,0,0,1,0,0,1,0,0,1,0,0,1,0,0,1,0,0,A,7,0,A,7,12.2,A,7,10.6,A,7,90,A,7,989,A,7,0,A,7,0.0,A,7,11300,B,7,77777,A,7,2.0,E,8,0.000,?,0,0.00,?,0,0,1,D,9,00,C,8
09/28/1987,06:00,0,0,0,1,0,0,1,0,0,1,0,0,1,0,0,1,0,0,1,0,0,1,0,0,A,7,0,A,7,14.4,A,7,11.1,A,7,81,A,7,989,A,7,220,A,7,2.1,A,7,11300,B,7,77777,A,7,2.1,E,8,0.000,?,0,0.00,?,0,0,1,D,9,00,C,8
09/28/1987,07:00,23,601,12,1,13,13,1,9,11,1,13,0,1,13,0,1,9,0,1,13,0,1,21,0,A,7,0,A,7,13.9,A,7,11.1,A,7,84,A,7,989,A,7,0,A,7,0.0,A,7,8000,B,7,77777,A,7,2.1,E,8,0.000,F,8,0.00,?,0,0,1,D,9,00,C,8
09/28/1987,08:00,233,1361,104,1,13,305,1,9,51,1,13,108,1,13,212,1,9,72,1,13,91,1,21,0,A,7,0,A,7,17.2,A,7,11.7,A,7,70,A,7,989,A,7,190,A,7,3.1,A,7,9700,B,7,77777,A,7,2.1,E,8,0.000,F,8,0.00,?,0,0,1,D,9,05,C,8
09/28/1987,09:00,471,1361,279,1,9,561,1,9,82,1,13,287,1,9,515,1,9,109,1,13,157,1,18,0,A,7,0,A,7,18.9,A,7,12.2,A,7,65,A,7,989,A,7,190,A,7,3.6,A,7,9700,B,7,77777,A,7,2.2,E,8,0.000,F,8,0.00,?,0,0,1,D,9,05,C,8
09/28/1987,10:00,676,1361,453,1,9,686,1,9,109,1,13,474,1,9,678,1,9,137,1,13,233,1,18,0,A,7,0,A,7,21.7,A,7,13.3,A,7,59,A,7,989,A,7,210,A,7,3.1,A,7,9700,B,7,77777,A,7,2.4,E,8,0.000,F,8,0.00,?,0,0,1,D,9,05,C,8
09/28/1987,11:00,833,1361,591,1,9,752,1,9,127,1,13,626,1,9,762,1,9,159,1,13,312,1,18,0,A,7,0,A,7,24.4,A,7,14.4,A,7,54,A,7,989,A,7,230,A,7,4.6,A,7,9700,B,7,77777,A,7,2.5,E,8,0.000,F,8,0.00,?,0,0,1,D,9,05,C,8
09/28/1987,12:00,931,1361,680,1,9,786,1,9,138,1,13,703,1,9,784,1,9,165,1,13,341,1,18,0,A,7,0,A,7,25.6,A,7,13.3,A,7,47,A,7,989,A,7,220,A,7,8.8,A,7,9700,B,7,77777,A,7,2.4,E,8,0.000,F,8,0.00,?,0,0,1,D,9,05,C,8
09/28/1987,13:00,964,1361,710,1,9,797,1,9,141,1,13,736,1,9,797,1,9,170,1,13,367,1,18,0,A,7,0,A,7,26.7,A,7,13.3,A,7,44,A,7,988,A,7,210,A,7,6.2,A,7,9700,B,7,77777,A,7,2.4,E,8,0.000,F,8,0.00,?,0,0,1,D,9,05,C,8
09/28/1987,14:00,928,1361,586,1,13,534,1,13,219,1,13,628,1,13,554,1,13,249,1,13,589,1,23,3,A,7,3,A,7,26.7,A,7,13.3,A,7,44,A,7,987,A,7,200,A,7,7.7,A,7,9700,B,7,77777,A,7,2.4,E,8,0.000,F,8,0.00,?,0,0,1,D,9,05,C,8
09/28/1987,15:00,828,1361,403,1,13,330,1,13,200,1,13,440,1,13,352,1,13,225,1,13,483,1,23,6,A,7,5,A,7,25.6,A,7,12.8,A,7,45,A,7,986,A,7,210,A,7,2.6,A,7,9700,B,7,1520,A,7,2.3,E,8,0.000,F,8,0.00,?,0,0,1,D,9,05,C,8
09/28/1987,16:00,668,1361,327,1,13,309,1,13,174,1,13,353,1,13,320,1,13,195,1,13,380,1,23,6,A,7,5,A,7,26.1,A,7,12.8,A,7,44,A,7,986,A,7,210,A,7,7.2,A,7,9700,B,7,3050,A,7,2.3,E,8,0.000,F,8,0.00,?,0,0,1,D,9,05,C,8
09/28/1987,17:00,462,1361,212,1,13,235,1,13,131,1,13,224,1,13,221,1,13,149,1,13,266,1,23,7,A,7,5,A,7,25.0,A,7,13.3,A,7,48,A,7,986,A,7,200,A,7,5.7,A,7,8000,B,7,3660,A,7,2.3,E,8,0.000,F,8,0.00,?,0,0,1,D,9,05,C,8
09/28/1987,18:00,222,1361,62,1,13,37,1,9,56,1,13,68,1,13,28,1,9,63,1,13,138,1,21,9,A,7,8,A,7,23.9,A,7,13.3,A,7,52,A,7,985,A,7,190,A,7,4.1,A,7,8000,B,7,1520,A,7,2.4,E,8,0.000,F,8,0.00,?,0,0,1,D,9,05,C,8
09/28/1987,19:00,19,556,3,1,13,2,1,9,3,1,13,0,1,13,0,1,9,0,1,13,0,1,21,10,A,7,10,A,7,18.9,A,7,16.1,A,7,84,A,7,987,A,7,260,A,7,6.2,A,7,3200,B,7,980,A,7,2.8,E,8,0.000,F,8,0.00,?,0,20,1,D,9,05,C,8
09/28/1987,20:00,0,0,0,1,0,0,1,0,0,1,0,0,1,0,0,1,0,0,1,0,0,1,0,10,A,7,10,A,7,17.8,A,7,16.7,A,7,93,A,7,986,A,7,70,A,7,2.1,A,7,8000,B,7,1220,A,7,2.9,E,8,0.000,?,0,0.00,?,0,0,1,D,9,05,C,8
09/28/1987,21:00,0,0,0,1,0,0,1,0,0,1,0,0,1,0,0,1,0,0,1,0,0,1,0,10,A,7,10,A,7,17.8,A,7,16.7,A,7,93,A,7,985,A,7,130,A,7,2.1,A,7,6400,B,7,1220,A,7,2.9,E,8,0.000,?,0,0.00,?,0,0,1,D,9,05,C,8
09/28/1987,22:00,0,0,0,1,0,0,1,0,0,1,0,0,1,0,0,1,0,0,1,0,0,1,0,10,A,7,10,A,7,18.9,A,7,16.7,A,7,87,A,7,984,A,7,140,A,7,3.6,A,7,6400,B,7,1220,A,7,2.9,E,8,0.000,?,0,0.00,?,0,0,1,D,9,45,C,8
09/28/1987,23:00,0,0,0,1,0,0,1,0,0,1,0,0,1,0,0,1,0,0,1,0,0,1,0,10,A,7,10,A,7,18.9,A,7,16.7,A,7,87,A,7,983,A,7,170,A,7,3.1,A,7,6400,B,7,1220,A,7,2.9,E,8,0.000,?,0,0.00,?,0,0,1,D,9,45,C,8
09/28/1987,24:00,0,0,0,1,0,0,1,0,0,1,0,0,1,0,0,1,0,0,1,0,0,1,0,10,A,7,10,A,7,19.4,A,7,15.0,A,7,76,A,7,983,A,7,170,A,7,4.1,A,7,11300,B,7,1220,A,7,2.6,E,8,0.000,?,0,0.00,?,0,0,1,D,9,45,C,8
09/29/1987,01:00,0,0,0,1,0,0,1,0,0,1,0,0,1,0,0,1,0,0,1,0,0,1,0,10,A,7,10,A,7,18.3,A,7,15.6,A,7,84,A,7,983,A,7,200,A,7,6.2,A,7,6400,B,7,1220,A,7,2.7,E,8,0.000,?,0,0.00,?,0,38,1,D,9,00,C,8
09/29/1987,02:00,0,0,0,1,0,0,1,0,0,1,0,0,1,0,0,1,0,0,1,0,0,1,0,10,A,7,10,A,7,17.8,A,7,16.1,A,7,90,A,7,983,A,7,220,A,7,5.7,A,7,3200,B,7,1220,A,7,2.8,E,8,0.000,?,0,0.00,?,0,8,1,D,9,80,C,8
09/29/1987,03:00,0,0,0,1,0,0,1,0,0,1,0,0,1,0,0,1,0,0,1,0,0,1,0,10,A,7,10,A,7,17.8,A,7,16.7,A,7,93,A,7,982,A,7,220,A,7,5.7,A,7,3200,B,7,1220,A,7,2.9,E,8,0.000,?,0,0.00,?,0,13,1,D,9,45,C,8
09/29/1987,04:00,0,0,0,1,0,0,1,0,0,1,0,0,1,0,0,1,0,0,1,0,0,1,0,10,A,7,10,A,7,17.2,A,7,16.7,A,7,97,A,7,981,A,7,190,A,7,4.1,A,7,3200,B,7,580,A,7,2.9,E,8,0.000,?,0,0.00,?,0,25,1,D,9,45,C,8
09/29/1987,05:00,0,0,0,1,0,0,1,0,0,1,0,0,1,0,0,1,0,0,1,0,0,1,0,10,A,7,10,A,7,17.2,A,7,16.7,A,7,97,A,7,980,A,7,240,A,7,4.6,A,7,3200,B,7,460,A,7,2.9,E,8,0.000,?,0,0.00,?,0,64,1,D,9,45,C,8
09/29/1987,06:00,0,0,0,1,0,0,1,0,0,1,0,0,1,0,0,1,0,0,1,0,0,1,0,10,A,7,10,A,7,16.1,A,7,15.6,A,7,97,A,7,980,A,7,170,A,7,4.1,A,7,3200,B,7,150,A,7,2.7,E,8,0.000,?,0,0.00,?,0,36,1,D,9,45,C,8
09/29/1987,07:00,21,579,5,1,13,3,1,9,4,1,13,0,1,13,0,1,9,0,1,13,0,1,21,10,A,7,10,A,7,16.1,A,7,15.0,A,7,93,A,7,980,A,7,210,A,7,4.1,A,7,4800,B,7,610,A,7,2.6,E,8,0.000,F,8,0.00,?,0,13,1,D,9,45,C,8
09/29/1987,08:00,228,1362,43,1,13,8,1,9,42,1,13,50,1,13,1,1,9,49,1,13,155,1,21,10,A,7,10,A,7,16.1,A,7,15.6,A,7,97,A,7,980,A,7,200,A,7,4.1,A,7,4000,B,7,150,A,7,2.7,E,8,0.000,F,8,0.00,?,0,20,1,D,9,45,C,8
09/29/1987,09:00,466,1362,87,1,9,5,1,9,85,1,13,101,1,9,3,1,9,100,1,13,349,1,18,10,A,7,10,A,7,16.1,A,7,15.6,A,7,97,A,7,979,A,7,190,A,7,2.6,A,7,4800,B,7,150,A,7,2.7,E,8,0.000,F,8,0.00,?,0,13,1,D,9,45,C,8
09/29/1987,10:00,671,1362,202,1,9,1,1,9,201,1,13,229,1,9,1,1,9,228,1,13,789,1,18,10,A,7,10,A,7,17.2,A,7,15.6,A,7,90,A,7,979,A,7,230,A,7,4.1,A,7,9700,B,7,310,A,7,2.7,E,8,0.000,F,8,0.00,?,0,0,1,D,9,45,C,8
09/29/1987,11:00,828,1362,257,1,9,3,1,9,256,1,13,295,1,9,3,1,9,293,1,13,1056,1,18,10,A,7,10,A,7,17.2,A,7,15.6,A,7,90,A,7,979,A,7,240,A,7,9.8,A,7,9700,B,7,310,A,7,2.7,E,8,0.000,F,8,0.00,?,0,0,1,D,9,45,C,8
09/29/1987,12:00,925,1362,492,1,9,324,1,9,271,1,13,534,1,9,348,1,9,297,1,13,744,1,18,8,A,7,8,A,7,20.0,A,7,15.6,A,7,76,A,7,978,A,7,270,A,7,6.2,A,7,11300,B,7,550,A,7,2.7,E,8,0.000,F,8,0.00,?,0,0,1,D,9,45,C,8
09/29/1987,13:00,958,1362,140,1,9,9,1,9,133,1,13,171,1,9,6,1,9,167,1,13,674,1,18,10,A,7,10,A,7,18.3,A,7,14.4,A,7,78,A,7,978,A,7,260,A,7,6.2,A,7,11300,B,7,700,A,7,2.5,E,8,0.000,F,8,0.00,?,0,3,1,D,9,00,C,8
09/29/1987,14:00,922,1362,480,1,13,421,1,13,193,1,13,521,1,13,437,1,13,224,1,13,510,1,23,7,A,7,7,A,7,19.4,A,7,15.0,A,7,76,A,7,977,A,7,260,A,7,6.7,A,7,11300,B,7,760,A,7,2.6,E,8,0.000,F,8,0.00,?,0,0,1,D,9,61,C,8
09/29/1987,15:00,821,1362,348,1,13,169,1,13,245,1,13,381,1,13,177,1,13,274,1,13,664,1,23,6,A,7,6,A,7,20.6,A,7,12.2,A,7,59,A,7,977,A,7,260,A,7,6.7,A,7,11300,B,7,1220,A,7,2.2,E,8,0.000,F,8,0.00,?,0,0,1,D,9,00,C,8
09/29/1987,16:00,661,1362,399,1,13,516,1,13,146,1,13,424,1,13,515,1,13,173,1,13,301,1,23,7,A,7,6,A,7,18.9,A,7,11.7,A,7,63,A,7,977,A,7,260,A,7,7.2,A,7,11300,B,7,1220,A,7,2.1,E,8,0.000,F,8,0.00,?,0,0,1,D,9,00,C,8
09/29/1987,17:00,454,1362,198,1,13,254,1,13,112,1,13,211,1,13,238,1,13,132,1,13,221,1,23,7,A,7,6,A,7,17.2,A,7,11.7,A,7,70,A,7,977,A,7,270,A,7,8.8,A,7,12900,B,7,980,A,7,2.1,E,8,0.000,F,8,0.00,?,0,0,1,D,9,00,C,8
09/29/1987,18:00,215,1362,89,1,13,110,1,13,71,1,13,95,1,13,76,1,13,83,1,13,151,1,23,7,A,7,5,A,7,15.6,A,7,11.7,A,7,78,A,7,978,A,7,280,A,7,5.7,A,7,12900,B,7,3050,A,7,2.1,E,8,0.000,F,8,0.00,?,0,0,1,D,9,00,C,8
09/29/1987,19:00,16,511,5,1,13,4,1,9,5,1,13,0,1,13,0,1,9,0,1,13,0,1,21,9,A,7,8,A,7,15.0,A,7,11.1,A,7,78,A,7,978,A,7,270,A,7,5.7,A,7,12900,B,7,1220,A,7,2.1,E,8,0.000,F,8,0.00,?,0,0,1,D,9,00,C,8
09/29/1987,20:00,0,0,0,1,0,0,1,0,0,1,0,0,1,0,0,1,0,0,1,0,0,1,0,3,A,7,3,A,7,13.3,A,7,11.1,A,7,87,A,7,979,A,7,270,A,7,5.2,A,7,12900,B,7,77777,A,7,2.1,E,8,0.000,?,0,0.00,?,0,0,1,D,9,00,C,8
09/29/1987,21:00,0,0,0,1,0,0,1,0,0,1,0,0,1,0,0,1,0,0,1,0,0,1,0,0,A,7,0,A,7,11.7,A,7,10.0,A,7,90,A,7,979,A,7,260,A,7,4.1,A,7,12900,B,7,77777,A,7,1.9,E,8,0.000,?,0,0.00,?,0,0,1,D,9,00,C,8
09/29/1987,22:00,0,0,0,1,0,0,1,0,0,1,0,0,1,0,0,1,0,0,1,0,0,1,0,0,A,7,0,A,7,11.7,A,7,10.6,A,7,93,A,7,978,A,7,260,A,7,4.1,A,7,11300,B,7,77777,A,7,2.0,E,8,0.000,?,0,0.00,?,0,0,1,D,9,00,C,8
09/29/1987,23:00,0,0,0,1,0,0,1,0,0,1,0,0,1,0,0,1,0,0,1,0,0,1,0,0,A,7,0,A,7,11.7,A,7,10.6,A,7,93,A,7,978,A,7,270,A,7,4.1,A,7,11300,B,7,77777,A,7,2.0,E,8,0.000,?,0,0.00,?,0,0,1,D,9,00,C,8
09/29/1987,24:00,0,0,0,1,0,0,1,0,0,1,0,0,1,0,0,1,0,0,1,0,0,1,0,6,A,7,6,A,7,12.2,A,7,11.1,A,7,93,A,7,978,A,7,270,A,7,4.1,A,7,11300,B,7,1220,A,7,2.0,E,8,0.000,?,0,0.00,?,0,0,1,D,9,00,C,8
09/30/1987,01:00,0,0,0,1,0,0,1,0,0,1,0,0,1,0,0,1,0,0,1,0,0,1,0,3,A,7,3,A,7,12.8,A,7,11.7,A,7,93,A,7,978,A,7,300,A,7,4.6,A,7,11300,B,7,77777,A,7,2.1,E,8,0.000,?,0,0.00,?,0,0,1,D,9,00,C,8
09/30/1987,02:00,0,0,0,1,0,0,1,0,0,1,0,0,1,0,0,1,0,0,1,0,0,1,0,3,A,7,3,A,7,12.8,A,7,11.1,A,7,90,A,7,978,A,7,320,A,7,4.6,A,7,11300,B,7,77777,A,7,2.1,E,8,0.000,?,0,0.00,?,0,0,1,D,9,00,C,8
09/30/1987,03:00,0,0,0,1,0,0,1,0,0,1,0,0,1,0,0,1,0,0,1,0,0,1,0,0,A,7,0,A,7,11.7,A,7,9.4,A,7,86,A,7,978,A,7,310,A,7,5.2,A,7,16100,B,7,77777,A,7,1.9,E,8,0.000,?,0,0.00,?,0,0,1,D,9,00,C,8
09/30/1987,04:00,0,0,0,1,0,0,1,0,0,1,0,0,1,0,0,1,0,0,1,0,0,1,0,0,A,7,0,A,7,10.0,A,7,8.9,A,7,93,A,7,979,A,7,280,A,7,4.1,A,7,16100,B,7,77777,A,7,1.8,E,8,0.000,?,0,0.00,?,0,0,1,D,9,00,C,8
09/30/1987,05:00,0,0,0,1,0,0,1,0,0,1,0,0,1,0,0,1,0,0,1,0,0,1,0,0,A,7,0,A,7,8.9,A,7,7.8,A,7,93,A,7,979,A,7,250,A,7,2.6,A,7,16100,B,7,77777,A,7,1.7,E,8,0.000,?,0,0.00,?,0,0,1,D,9,00,C,8
09/30/1987,06:00,0,0,0,1,0,0,1,0,0,1,0,0,1,0,0,1,0,0,1,0,0,1,0,0,A,7,0,A,7,8.3,A,7,7.8,A,7,96,A,7,979,A,7,280,A,7,4.1,A,7,16100,B,7,77777,A,7,1.7,E,8,0.000,?,0,0.00,?,0,0,1,D,9,00,C,8
09/30/1987,07:00,20,557,8,1,13,14,1,9,7,1,13,0,1,13,0,1,9,0,1,13,0,1,21,2,A,7,2,A,7,8.9,A,7,8.3,A,7,96,A,7,979,A,7,280,A,7,4.1,A,7,16100,B,7,77777,A,7,1.7,E,8,0.000,F,8,0.00,?,0,0,1,D,9,00,C,8
09/30/1987,08:00,223,1363,94,1,13,196,1,9,62,1,13,99,1,13,131,1,9,77,1,13,118,1,21,8,A,7,2,A,7,11.7,A,7,10.0,A,7,90,A,7,979,A,7,290,A,7,4.6,A,7,16100,B,7,77777,A,7,1.9,E,8,0.000,F,8,0.00,?,0,0,1,D,9,00,C,8
09/30/1987,09:00,461,1363,264,1,13,482,1,13,99,1,13,279,1,13,443,1,13,128,1,13,186,1,23,7,A,7,4,A,7,12.8,A,7,9.4,A,7,80,A,7,979,A,7,280,A,7,4.6,A,7,16100,B,7,7620,A,7,1.9,E,8,0.000,F,8,0.00,?,0,0,1,D,9,00,C,8
09/30/1987,10:00,666,1363,121,1,9,5,1,9,118,1,13,142,1,9,3,1,9,141,1,13,528,1,18,10,A,7,10,A,7,10.6,A,7,8.9,A,7,90,A,7,981,A,7,290,A,7,6.2,A,7,2400,B,7,610,A,7,1.8,E,8,0.000,F,8,0.00,?,0,48,1,D,9,00,C,8
09/30/1987,11:00,822,1363,333,1,9,176,1,9,226,1,13,367,1,9,185,1,9,255,1,13,613,1,18,9,A,7,8,A,7,11.7,A,7,9.4,A,7,86,A,7,980,A,7,300,A,7,2.6,A,7,16100,B,7,1220,A,7,1.9,E,8,0.000,F,8,0.00,?,0,3,1,D,9,80,C,8
09/30/1987,12:00,920,1363,541,1,13,501,1,13,200,1,13,584,1,13,520,1,13,232,1,13,527,1,23,6,A,7,5,A,7,12.8,A,7,8.3,A,7,75,A,7,979,A,7,270,A,7,4.1,A,7,24100,B,7,2440,A,7,1.8,E,8,0.000,F,8,0.00,?,0,0,1,D,9,00,C,8
09/30/1987,13:00,952,1363,612,1,13,534,1,13,236,1,13,653,1,13,554,1,13,265,1,13,658,1,23,7,A,7,7,A,7,15.6,A,7,4.4,A,7,48,A,7,979,A,7,300,A,7,8.2,A,7,24100,B,7,850,A,7,1.4,E,8,0.000,F,8,0.00,?,0,0,1,D,9,00,C,8
09/30/1987,14:00,916,1363,353,1,9,231,1,9,196,1,13,391,1,9,249,1,9,223,1,13,508,1,18,8,A,7,8,A,7,10.0,A,7,3.9,A,7,66,A,7,980,A,7,300,A,7,5.2,A,7,24100,B,7,850,A,7,1.3,E,8,0.000,F,8,0.00,?,0,20,1,D,9,00,C,8
09/30/1987,15:00,814,1363,502,1,13,489,1,13,207,1,13,530,1,13,501,1,13,230,1,13,489,1,23,4,A,7,4,A,7,14.4,A,7,4.4,A,7,51,A,7,979,A,7,330,A,7,8.2,A,7,24100,B,7,77777,A,7,1.4,E,8,0.000,F,8,0.00,?,0,0,1,D,9,80,C,8
09/30/1987,16:00,654,1363,259,1,9,137,1,9,193,1,13,283,1,9,140,1,9,216,1,13,474,1,18,8,A,7,8,A,7,13.9,A,7,4.4,A,7,53,A,7,980,A,7,330,A,7,9.3,A,7,16100,B,7,760,A,7,1.4,E,8,0.000,F,8,0.00,?,0,0,1,D,9,00,C,8
09/30/1987,17:00,447,1363,197,1,13,192,1,13,133,1,13,213,1,13,180,1,13,154,1,13,301,1,23,7,A,7,7,A,7,10.0,A,7,4.4,A,7,69,A,7,981,A,7,320,A,7,5.2,A,7,16100,B,7,1830,A,7,1.4,E,8,0.000,F,8,0.00,?,0,0,1,D,9,00,C,8
09/30/1987,18:00,207,1363,81,1,13,130,1,13,60,1,13,84,1,13,83,1,13,71,1,13,115,1,23,5,A,7,5,A,7,10.0,A,7,5.0,A,7,71,A,7,981,A,7,320,A,7,4.1,A,7,16100,B,7,77777,A,7,1.4,E,8,0.000,F,8,0.00,?,0,0,1,D,9,00,C,8
09/30/1987,19:00,14,466,8,1,13,10,1,13,7,1,13,0,1,13,0,1,13,0,1,13,0,1,23,3,A,7,3,A,7,8.9,A,7,3.3,A,7,69,A,7,982,A,7,310,A,7,5.2,A,7,16100,B,7,77777,A,7,1.3,E,8,0.000,F,8,0.00,?,0,0,1,D,9,00,C,8
09/30/1987,20:00,0,0,0,1,0,0,1,0,0,1,0,0,1,0,0,1,0,0,1,0,0,1,0,2,A,7,2,A,7,8.3,A,7,2.8,A,7,68,A,7,983,A,7,320,A,7,5.7,A,7,16100,B,7,77777,A,7,1.2,E,8,0.000,?,0,0.00,?,0,0,1,D,9,00,C,8
09/30/1987,21:00,0,0,0,1,0,0,1,0,0,1,0,0,1,0,0,1,0,0,1,0,0,1,0,0,A,7,0,A,7,7.8,A,7,3.3,A,7,74,A,7,983,A,7,320,A,7,5.2,A,7,16100,B,7,77777,A,7,1.3,E,8,0.000,?,0,0.00,?,0,0,1,D,9,00,C,8
09/30/1987,22:00,0,0,0,1,0,0,1,0,0,1,0,0,1,0,0,1,0,0,1,0,0,1,0,0,A,7,0,A,7,8.1,A,7,4.3,A,7,77,A,7,984,A,7,310,A,7,5.5,A,7,16100,B,7,77777,A,7,1.3,E,8,0.000,?,0,0.00,?,0,0,1,D,9,00,C,8
09/30/1987,23:00,0,0,0,1,0,0,1,0,0,1,0,0,1,0,0,1,0,0,1,0,0,1,0,0,A,7,0,A,7,8.4,A,7,5.2,A,7,80,A,7,984,A,7,310,A,7,5.8,A,7,16100,B,7,77777,A,7,1.3,E,8,0.000,?,0,0.00,?,0,0,1,D,9,00,C,8
09/30/1987,24:00,0,0,0,1,0,0,1,0,0,1,0,0,1,0,0,1,0,0,1,0,0,1,0,0,A,7,0,A,7,8.7,A,7,6.2,A,7,83,A,7,984,A,7,310,A,7,6.1,A,7,16100,B,7,77777,A,7,1.3,E,8,0.000,?,0,0.00,?,0,0,1,D,9,00,C,8
10/01/1977,01:00,0,0,0,1,0,0,1,0,0,1,0,0,1,0,0,1,0,0,1,0,0,1,0,10,A,7,10,A,7,9.1,A,7,7.1,A,7,100,A,7,976,A,7,50,A,7,6.3,A,7,8000,B,7,240,A,7,1.9,E,8,0.000,?,0,0.00,?,0,5,1,D,9,45,C,8
10/01/1977,02:00,0,0,0,1,0,0,1,0,0,1,0,0,1,0,0,1,0,0,1,0,0,1,0,10,A,7,10,A,7,9.4,A,7,8.1,A,7,100,A,7,976,A,7,60,A,7,6.6,A,7,8000,B,7,180,A,7,1.9,E,8,0.000,?,0,0.00,?,0,33,1,D,9,45,C,8
10/01/1977,03:00,0,0,0,1,0,0,1,0,0,1,0,0,1,0,0,1,0,0,1,0,0,1,0,10,A,7,10,A,7,9.7,A,7,9.0,A,7,100,A,7,976,A,7,40,A,7,6.9,A,7,8000,B,7,180,A,7,1.9,E,8,0.000,?,0,0.00,?,0,18,1,D,9,45,C,8
10/01/1977,04:00,0,0,0,1,0,0,1,0,0,1,0,0,1,0,0,1,0,0,1,0,0,1,0,10,A,7,10,A,7,10.0,A,7,10.0,A,7,100,A,7,974,A,7,40,A,7,7.2,A,7,8000,B,7,210,A,7,1.9,E,8,0.000,?,0,0.00,?,0,0,1,D,9,45,C,8
10/01/1977,05:00,0,0,0,1,0,0,1,0,0,1,0,0,1,0,0,1,0,0,1,0,0,1,0,10,A,7,10,A,7,10.0,A,7,10.0,A,7,100,A,7,974,A,7,30,A,7,4.1,A,7,11300,B,7,340,A,7,1.9,E,8,0.000,?,0,0.00,?,0,0,1,D,9,00,C,8
10/01/1977,06:00,0,0,0,1,0,0,1,0,0,1,0,0,1,0,0,1,0,0,1,0,0,1,0,10,A,7,10,A,7,10.0,A,7,10.0,A,7,100,A,7,973,A,7,60,A,7,6.7,A,7,11300,B,7,340,A,7,1.9,E,8,0.000,?,0,0.00,?,0,8,1,D,9,61,C,8
10/01/1977,07:00,17,534,5,1,13,0,1,9,5,1,13,0,1,13,0,1,9,0,1,13,0,1,21,10,A,7,10,A,7,10.0,A,7,10.0,A,7,100,A,7,974,A,7,40,A,7,5.2,A,7,2400,B,7,270,A,7,1.9,E,8,0.000,F,8,0.00,?,0,4,1,D,9,45,C,8
10/01/1977,08:00,216,1364,37,1,13,0,1,9,37,1,13,43,1,13,0,1,9,43,1,13,138,1,21,10,A,7,10,A,7,10.0,A,7,10.0,A,7,100,A,7,973,A,7,10,A,7,6.7,A,7,4000,B,7,150,A,7,1.9,E,8,0.000,F,8,0.00,?,0,4,1,D,9,45,C,8
10/01/1977,09:00,454,1364,80,1,9,1,1,9,80,1,13,94,1,9,1,1,9,93,1,13,329,1,18,10,A,7,10,A,7,10.0,A,7,10.0,A,7,100,A,7,973,A,7,10,A,7,8.2,A,7,2400,B,7,180,A,7,1.9,E,8,0.000,F,8,0.00,?,0,4,1,D,9,45,C,8
10/01/1977,10:00,658,1364,131,1,9,0,1,9,131,1,13,153,1,9,0,1,9,153,1,13,571,1,18,10,A,7,10,A,7,10.0,A,7,10.0,A,7,100,A,7,973,A,7,30,A,7,8.2,A,7,4800,B,7,310,A,7,1.9,E,8,0.000,F,8,0.00,?,0,0,1,D,9,45,C,8
10/01/1977,11:00,814,1364,160,1,9,1,1,9,160,1,13,190,1,9,1,1,9,190,1,13,739,1,18,10,A,7,10,A,7,10.6,A,7,10.6,A,7,100,A,7,974,A,7,60,A,7,8.8,A,7,9700,B,7,310,A,7,2.0,E,8,0.000,F,8,0.00,?,0,0,1,D,9,45,C,8
10/01/1977,12:00,911,1364,202,1,9,1,1,9,201,1,13,238,1,9,1,1,9,238,1,13,932,1,18,10,A,7,10,A,7,10.6,A,7,10.6,A,7,100,A,7,975,A,7,20,A,7,6.7,A,7,4000,B,7,270,A,7,2.0,E,8,0.000,F,8,0.00,?,0,0,1,D,9,45,C,8
10/01/1977,13:00,943,1364,201,1,9,0,1,9,201,1,13,239,1,9,0,1,9,239,1,13,947,1,18,10,A,7,10,A,7,10.0,A,7,10.0,A,7,100,A,7,975,A,7,30,A,7,8.8,A,7,4800,B,7,270,A,7,1.9,E,8,0.000,F,8,0.00,?,0,0,1,D,9,45,C,8
10/01/1977,14:00,906,1364,315,1,9,0,1,9,315,1,13,359,1,9,0,1,9,359,1,13,1277,1,18,10,A,7,10,A,7,10.6,A,7,10.6,A,7,100,A,7,976,A,7,50,A,7,7.7,A,7,11300,B,7,240,A,7,2.0,E,8,0.000,F,8,0.00,?,0,0,1,D,9,00,C,8
10/01/1977,15:00,804,1364,300,1,9,1,1,9,299,1,13,337,1,9,1,1,9,337,1,13,1138,1,18,10,A,7,10,A,7,10.6,A,7,10.0,A,7,96,A,7,977,A,7,20,A,7,7.2,A,7,12900,B,7,370,A,7,1.9,E,8,0.000,F,8,0.00,?,0,0,1,D,9,00,C,8
10/01/1977,16:00,644,1364,219,1,9,1,1,9,218,1,13,245,1,9,1,1,9,244,1,13,807,1,18,10,A,7,10,A,7,11.1,A,7,10.0,A,7,93,A,7,977,A,7,30,A,7,7.7,A,7,14500,B,7,520,A,7,1.9,E,8,0.000,F,8,0.00,?,0,1,1,D,9,00,C,8
10/01/1977,17:00,436,1364,80,1,9,1,1,9,80,1,13,93,1,9,1,1,9,93,1,13,324,1,18,10,A,7,10,A,7,10.0,A,7,9.4,A,7,96,A,7,978,A,7,20,A,7,6.7,A,7,8000,B,7,520,A,7,1.8,E,8,0.000,F,8,0.00,?,0,1,1,D,9,45,C,8
10/01/1977,18:00,196,1364,31,1,13,1,1,9,31,1,13,36,1,13,0,1,9,36,1,13,116,1,21,10,A,7,10,A,7,9.4,A,7,8.9,A,7,96,A,7,980,A,7,360,A,7,6.2,A,7,3200,B,7,150,A,7,1.8,E,8,0.000,F,8,0.00,?,0,1,1,D,9,45,C,8
10/01/1977,19:00,11,421,5,1,13,0,1,9,5,1,13,0,1,13,0,1,9,0,1,13,0,1,21,10,A,7,10,A,7,8.9,A,7,8.3,A,7,96,A,7,980,A,7,20,A,7,5.7,A,7,3200,B,7,210,A,7,1.7,E,8,0.000,F,8,0.00,?,0,2,1,D,9,45,C,8
10/01/1977,20:00,0,0,0,1,0,0,1,0,0,1,0,0,1,0,0,1,0,0,1,0,0,1,0,10,A,7,10,A,7,8.3,A,7,7.8,A,7,96,A,7,981,A,7,20,A,7,8.2,A,7,8000,B,7,210,A,7,1.7,E,8,0.000,?,0,0.00,?,0,2,1,D,9,45,C,8
10/01/1977,21:00,0,0,0,1,0,0,1,0,0,1,0,0,1,0,0,1,0,0,1,0,0,1,0,10,A,7,10,A,7,8.3,A,7,7.8,A,7,96,A,7,981,A,7,20,A,7,6.7,A,7,4000,B,7,180,A,7,1.7,E,8,0.000,?,0,0.00,?,0,2,1,D,9,45,C,8
10/01/1977,22:00,0,0,0,1,0,0,1,0,0,1,0,0,1,0,0,1,0,0,1,0,0,1,0,10,A,7,10,A,7,7.8,A,7,7.2,A,7,96,A,7,982,A,7,20,A,7,6.7,A,7,4800,B,7,310,A,7,1.6,E,8,0.000,?,0,0.00,?,0,0,1,D,9,45,C,8
10/01/1977,23:00,0,0,0,1,0,0,1,0,0,1,0,0,1,0,0,1,0,0,1,0,0,1,0,10,A,7,10,A,7,8.3,A,7,7.8,A,7,96,A,7,982,A,7,10,A,7,5.7,A,7,11300,B,7,1160,A,7,1.7,E,8,0.000,?,0,0.00,?,0,0,1,D,9,00,C,8
10/01/1977,24:00,0,0,0,1,0,0,1,0,0,1,0,0,1,0,0,1,0,0,1,0,0,1,0,10,A,7,10,A,7,8.3,A,7,7.8,A,7,96,A,7,983,A,7,350,A,7,2.6,A,7,11300,B,7,580,A,7,1.7,E,8,0.000,?,0,0.00,?,0,0,1,D,9,00,C,8
10/02/1977,01:00,0,0,0,1,0,0,1,0,0,1,0,0,1,0,0,1,0,0,1,0,0,1,0,10,A,7,10,A,7,8.3,A,7,7.8,A,7,96,A,7,982,A,7,350,A,7,3.6,A,7,11300,B,7,1160,A,7,1.7,E,8,0.000,?,0,0.00,?,0,0,1,D,9,00,C,8
10/02/1977,02:00,0,0,0,1,0,0,1,0,0,1,0,0,1,0,0,1,0,0,1,0,0,1,0,10,A,7,10,A,7,8.3,A,7,7.8,A,7,96,A,7,983,A,7,340,A,7,2.6,A,7,11300,B,7,980,A,7,1.7,E,8,0.000,?,0,0.00,?,0,0,1,D,9,00,C,8
10/02/1977,03:00,0,0,0,1,0,0,1,0,0,1,0,0,1,0,0,1,0,0,1,0,0,1,0,10,A,7,10,A,7,8.3,A,7,7.8,A,7,96,A,7,983,A,7,340,A,7,3.6,A,7,11300,B,7,980,A,7,1.7,E,8,0.000,?,0,0.00,?,0,0,1,D,9,00,C,8
10/02/1977,04:00,0,0,0,1,0,0,1,0,0,1,0,0,1,0,0,1,0,0,1,0,0,1,0,10,A,7,10,A,7,7.8,A,7,7.2,A,7,96,A,7,983,A,7,340,A,7,5.2,A,7,11300,B,7,980,A,7,1.6,E,8,0.000,?,0,0.00,?,0,0,1,D,9,00,C,8
10/02/1977,05:00,0,0,0,1,0,0,1,0,0,1,0,0,1,0,0,1,0,0,1,0,0,1,0,9,A,7,9,A,7,6.7,A,7,6.1,A,7,96,A,7,983,A,7,340,A,7,3.1,A,7,16100,B,7,1370,A,7,1.5,E,8,0.000,?,0,0.00,?,0,0,1,D,9,00,C,8
10/02/1977,06:00,0,0,0,1,0,0,1,0,0,1,0,0,1,0,0,1,0,0,1,0,0,1,0,2,A,7,2,A,7,5.6,A,7,5.0,A,7,96,A,7,984,A,7,330,A,7,3.6,A,7,16100,B,7,77777,A,7,1.4,E,8,0.000,?,0,0.00,?,0,0,1,D,9,00,C,8
10/02/1977,07:00,15,489,10,1,13,25,1,9,7,1,13,0,1,13,0,1,9,0,1,13,0,1,21,1,A,7,1,A,7,5.0,A,7,4.4,A,7,96,A,7,985,A,7,320,A,7,3.1,A,7,20900,B,7,77777,A,7,1.4,E,8,0.000,F,8,0.00,?,0,0,1,D,9,00,C,8
10/02/1977,08:00,211,1365,103,1,13,403,1,9,39,1,13,104,1,13,277,1,9,61,1,13,70,1,21,0,A,7,0,A,7,6.7,A,7,5.6,A,7,93,A,7,986,A,7,340,A,7,3.1,A,7,20900,B,7,77777,A,7,1.5,E,8,0.000,F,8,0.00,?,0,0,1,D,9,00,C,8
10/02/1977,09:00,449,1365,276,1,9,642,1,9,61,1,13,281,1,9,585,1,9,88,1,13,120,1,18,0,A,7,0,A,7,8.9,A,7,6.1,A,7,83,A,7,986,A,7,340,A,7,5.7,A,7,20900,B,7,77777,A,7,1.5,E,8,0.000,F,8,0.00,?,0,0,1,D,9,00,C,8
10/02/1977,10:00,653,1365,455,1,9,773,1,9,80,1,13,473,1,9,755,1,9,111,1,13,172,1,18,0,A,7,0,A,7,10.0,A,7,6.7,A,7,80,A,7,987,A,7,360,A,7,5.2,A,7,20900,B,7,77777,A,7,1.6,E,8,0.000,F,8,0.00,?,0,0,1,D,9,00,C,8
10/02/1977,11:00,809,1365,591,1,9,830,1,9,93,1,13,623,1,9,830,1,9,129,1,13,222,1,18,0,A,7,0,A,7,11.7,A,7,6.7,A,7,72,A,7,987,A,7,10,A,7,5.2,A,7,20900,B,7,77777,A,7,1.6,E,8,0.000,F,8,0.00,?,0,0,1,D,9,00,C,8
10/02/1977,12:00,906,1365,501,1,13,385,1,13,243,1,13,529,1,13,398,1,13,264,1,13,639,1,23,6,A,7,6,A,7,13.3,A,7,5.0,A,7,57,A,7,987,A,7,10,A,7,7.2,A,7,20900,B,7,980,A,7,1.4,E,8,0.000,F,8,0.00,?,0,0,1,D,9,00,C,8
10/02/1977,13:00,937,1365,386,1,9,136,1,9,292,1,13,424,1,9,144,1,9,325,1,13,869,1,18,8,A,7,8,A,7,12.8,A,7,3.3,A,7,53,A,7,987,A,7,340,A,7,5.7,A,7,20900,B,7,1370,A,7,1.3,E,8,0.000,F,8,0.00,?,0,0,1,D,9,00,C,8
10/02/1977,14:00,900,1365,348,1,9,171,1,9,234,1,13,385,1,9,181,1,9,265,1,13,673,1,18,8,A,7,8,A,7,13.3,A,7,3.3,A,7,51,A,7,987,A,7,340,A,7,5.2,A,7,20900,B,7,1370,A,7,1.3,E,8,0.000,F,8,0.00,?,0,0,1,D,9,00,C,8
10/02/1977,15:00,797,1365,323,1,9,172,1,9,221,1,13,355,1,9,180,1,9,249,1,13,589,1,18,9,A,7,9,A,7,12.8,A,7,2.8,A,7,51,A,7,988,A,7,340,A,7,5.7,A,7,20900,B,7,1520,A,7,1.3,E,8,0.000,F,8,0.00,?,0,0,1,D,9,00,C,8
10/02/1977,16:00,637,1365,192,1,9,2,1,9,191,1,13,217,1,9,2,1,9,216,1,13,738,1,18,10,A,7,10,A,7,12.2,A,7,2.8,A,7,53,A,7,988,A,7,320,A,7,5.7,A,7,20900,B,7,1520,A,7,1.3,E,8,0.000,F,8,0.00,?,0,0,1,D,9,00,C,8
10/02/1977,17:00,429,1365,102,1,9,1,1,9,102,1,13,116,1,9,1,1,9,116,1,13,386,1,18,10,A,7,10,A,7,12.8,A,7,2.8,A,7,51,A,7,988,A,7,350,A,7,3.6,A,7,20900,B,7,1520,A,7,1.3,E,8,0.000,F,8,0.00,?,0,0,1,D,9,00,C,8
10/02/1977,18:00,189,1365,59,1,13,1,1,9,59,1,13,65,1,13,0,1,9,65,1,13,181,1,21,10,A,7,10,A,7,11.7,A,7,4.4,A,7,62,A,7,988,A,7,310,A,7,3.1,A,7,20900,B,7,1520,A,7,1.4,E,8,0.000,F,8,0.00,?,0,0,1,D,9,00,C,8
10/02/1977,19:00,9,375,3,1,13,0,1,9,3,1,13,0,1,13,0,1,9,0,1,13,0,1,21,10,A,7,10,A,7,10.6,A,7,5.6,A,7,71,A,7,989,A,7,330,A,7,2.1,A,7,20900,B,7,1520,A,7,1.5,E,8,0.000,F,8,0.00,?,0,0,1,D,9,00,C,8
10/02/1977,20:00,0,0,0,1,0,0,1,0,0,1,0,0,1,0,0,1,0,0,1,0,0,1,0,10,A,7,10,A,7,10.0,A,7,5.0,A,7,71,A,7,989,A,7,350,A,7,4.6,A,7,20900,B,7,1520,A,7,1.4,E,8,0.000,?,0,0.00,?,0,0,1,D,9,00,C,8
10/02/1977,21:00,0,0,0,1,0,0,1,0,0,1,0,0,1,0,0,1,0,0,1,0,0,1,0,8,A,7,8,A,7,9.4,A,7,4.4,A,7,71,A,7,990,A,7,350,A,7,4.6,A,7,20900,B,7,1830,A,7,1.4,E,8,0.000,?,0,0.00,?,0,0,1,D,9,00,C,8
10/02/1977,22:00,0,0,0,1,0,0,1,0,0,1,0,0,1,0,0,1,0,0,1,0,0,1,0,4,A,7,4,A,7,8.3,A,7,3.9,A,7,74,A,7,990,A,7,330,A,7,4.6,A,7,20900,B,7,77777,A,7,1.3,E,8,0.000,?,0,0.00,?,0,0,1,D,9,00,C,8
10/02/1977,23:00,0,0,0,1,0,0,1,0,0,1,0,0,1,0,0,1,0,0,1,0,0,1,0,0,A,7,0,A,7,6.7,A,7,3.9,A,7,83,A,7,990,A,7,320,A,7,3.6,A,7,20900,B,7,77777,A,7,1.4,E,8,0.000,?,0,0.00,?,0,0,1,D,9,00,C,8
10/02/1977,24:00,0,0,0,1,0,0,1,0,0,1,0,0,1,0,0,1,0,0,1,0,0,1,0,1,A,7,1,A,7,5.6,A,7,3.9,A,7,89,A,7,990,A,7,330,A,7,3.6,A,7,20900,B,7,77777,A,7,1.3,E,8,0.000,?,0,0.00,?,0,0,1,D,9,00,C,8
10/03/1977,01:00,0,0,0,1,0,0,1,0,0,1,0,0,1,0,0,1,0,0,1,0,0,1,0,0,A,7,0,A,7,4.4,A,7,3.3,A,7,93,A,7,990,A,7,290,A,7,3.6,A,7,20900,B,7,77777,A,7,1.3,E,8,0.000,?,0,0.00,?,0,0,1,D,9,00,C,8
10/03/1977,02:00,0,0,0,1,0,0,1,0,0,1,0,0,1,0,0,1,0,0,1,0,0,1,0,0,A,7,0,A,7,4.4,A,7,3.9,A,7,96,A,7,990,A,7,330,A,7,4.1,A,7,20900,B,7,77777,A,7,1.3,E,8,0.000,?,0,0.00,?,0,0,1,D,9,00,C,8
10/03/1977,03:00,0,0,0,1,0,0,1,0,0,1,0,0,1,0,0,1,0,0,1,0,0,1,0,0,A,7,0,A,7,3.9,A,7,3.3,A,7,96,A,7,990,A,7,320,A,7,3.1,A,7,20900,B,7,77777,A,7,1.3,E,8,0.000,?,0,0.00,?,0,0,1,D,9,00,C,8
10/03/1977,04:00,0,0,0,1,0,0,1,0,0,1,0,0,1,0,0,1,0,0,1,0,0,1,0,0,A,7,0,A,7,3.3,A,7,2.8,A,7,96,A,7,990,A,7,310,A,7,3.6,A,7,20900,B,7,77777,A,7,1.3,E,8,0.000,?,0,0.00,?,0,0,1,D,9,00,C,8
10/03/1977,05:00,0,0,0,1,0,0,1,0,0,1,0,0,1,0,0,1,0,0,1,0,0,1,0,0,A,7,0,A,7,3.3,A,7,2.8,A,7,96,A,7,990,A,7,310,A,7,4.1,A,7,20900,B,7,77777,A,7,1.3,E,8,0.000,?,0,0.00,?,0,0,1,D,9,00,C,8
10/03/1977,06:00,0,0,0,1,0,0,1,0,0,1,0,0,1,0,0,1,0,0,1,0,0,1,0,2,A,7,2,A,7,3.3,A,7,2.8,A,7,96,A,7,991,A,7,310,A,7,3.1,A,7,20900,B,7,77777,A,7,1.3,E,8,0.000,?,0,0.00,?,0,0,1,D,9,00,C,8
10/03/1977,07:00,14,467,7,1,13,16,1,9,5,1,13,0,1,13,0,1,9,0,1,13,0,1,21,0,A,7,0,A,7,3.3,A,7,3.3,A,7,100,A,7,991,A,7,310,A,7,3.1,A,7,20900,B,7,77777,A,7,1.3,E,8,0.000,F,8,0.00,?,0,0,1,D,9,00,C,8
10/03/1977,08:00,206,1365,96,1,13,346,1,9,42,1,13,96,1,13,234,1,9,61,1,13,74,1,21,0,A,7,0,A,7,5.6,A,7,4.4,A,7,93,A,7,992,A,7,320,A,7,3.6,A,7,20900,B,7,77777,A,7,1.4,E,8,0.000,F,8,0.00,?,0,0,1,D,9,00,C,8
10/03/1977,09:00,444,1365,270,1,9,613,1,9,67,1,13,280,1,9,557,1,9,98,1,13,130,1,18,0,A,7,0,A,7,8.9,A,7,6.1,A,7,83,A,7,992,A,7,330,A,7,5.2,A,7,20900,B,7,77777,A,7,1.5,E,8,0.000,F,8,0.00,?,0,0,1,D,9,00,C,8
10/03/1977,10:00,648,1365,444,1,9,739,1,9,89,1,13,457,1,9,717,1,9,115,1,13,181,1,18,0,A,7,0,A,7,11.1,A,7,5.0,A,7,66,A,7,992,A,7,340,A,7,5.7,A,7,20900,B,7,77777,A,7,1.4,E,8,0.000,F,8,0.00,?,0,0,1,D,9,00,C,8
10/03/1977,11:00,803,1365,586,1,9,808,1,9,104,1,13,609,1,9,804,1,9,135,1,13,237,1,18,0,A,7,0,A,7,12.2,A,7,3.9,A,7,57,A,7,992,A,7,350,A,7,5.7,A,7,20900,B,7,77777,A,7,1.3,E,8,0.000,F,8,0.00,?,0,0,1,D,9,00,C,8
10/03/1977,12:00,900,1365,675,1,9,844,1,9,113,1,13,708,1,9,847,1,9,148,1,13,285,1,18,0,A,7,0,A,7,12.8,A,7,3.3,A,7,53,A,7,992,A,7,350,A,7,6.7,A,7,20900,B,7,77777,A,7,1.3,E,8,0.000,F,8,0.00,?,0,0,1,D,9,00,C,8
10/03/1977,13:00,930,1365,704,1,9,854,1,9,115,1,13,740,1,9,859,1,9,152,1,13,302,1,18,0,A,7,0,A,7,13.9,A,7,2.8,A,7,47,A,7,992,A,7,360,A,7,5.7,A,7,20900,B,7,77777,A,7,1.3,E,8,0.000,F,8,0.00,?,0,0,1,D,9,00,C,8
10/03/1977,14:00,893,1365,574,1,9,652,1,9,142,1,13,606,1,9,662,1,9,171,1,13,370,1,18,1,A,7,1,A,7,14.4,A,7,3.9,A,7,49,A,7,991,A,7,10,A,7,5.7,A,7,20900,B,7,77777,A,7,1.3,E,8,0.000,F,8,0.00,?,0,0,1,D,9,00,C,8
10/03/1977,15:00,791,1365,521,1,13,615,1,13,159,1,13,537,1,13,612,1,13,182,1,13,359,1,23,3,A,7,3,A,7,16.1,A,7,5.0,A,7,48,A,7,991,A,7,350,A,7,5.2,A,7,20900,B,7,77777,A,7,1.4,E,8,0.000,F,8,0.00,?,0,0,1,D,9,00,C,8
10/03/1977,16:00,630,1365,204,1,9,1,1,9,204,1,13,230,1,9,1,1,9,229,1,13,764,1,18,10,A,7,10,A,7,14.4,A,7,4.4,A,7,51,A,7,991,A,7,330,A,7,4.1,A,7,20900,B,7,1370,A,7,1.4,E,8,0.000,F,8,0.00,?,0,0,1,D,9,00,C,8
10/03/1977,17:00,422,1365,169,1,9,196,1,9,107,1,13,179,1,9,179,1,9,124,1,13,210,1,18,9,A,7,9,A,7,14.4,A,7,5.0,A,7,53,A,7,991,A,7,350,A,7,3.1,A,7,20900,B,7,1830,A,7,1.4,E,8,0.000,F,8,0.00,?,0,0,1,D,9,00,C,8
10/03/1977,18:00,182,1365,26,1,13,14,1,9,24,1,13,29,1,13,10,1,9,27,1,13,64,1,21,10,A,7,10,A,7,13.3,A,7,6.7,A,7,64,A,7,991,A,7,300,A,7,2.6,A,7,20900,B,7,2130,A,7,1.6,E,8,0.000,F,8,0.00,?,0,0,1,D,9,00,C,8
10/03/1977,19:00,7,330,2,1,13,1,1,9,2,1,13,0,1,13,0,1,9,0,1,13,0,1,21,9,A,7,9,A,7,10.6,A,7,7.2,A,7,80,A,7,991,A,7,290,A,7,2.6,A,7,20900,B,7,2130,A,7,1.6,E,8,0.000,F,8,0.00,?,0,0,1,D,9,00,C,8
10/03/1977,20:00,0,0,0,1,0,0,1,0,0,1,0,0,1,0,0,1,0,0,1,0,0,1,0,4,A,7,4,A,7,9.4,A,7,7.2,A,7,86,A,7,991,A,7,290,A,7,2.6,A,7,20900,B,7,77777,A,7,1.6,E,8,0.000,?,0,0.00,?,0,0,1,D,9,00,C,8
10/03/1977,21:00,0,0,0,1,0,0,1,0,0,1,0,0,1,0,0,1,0,0,1,0,0,1,0,2,A,7,2,A,7,8.3,A,7,6.1,A,7,86,A,7,991,A,7,310,A,7,2.6,A,7,20900,B,7,77777,A,7,1.5,E,8,0.000,?,0,0.00,?,0,0,1,D,9,00,C,8
10/03/1977,22:00,0,0,0,1,0,0,1,0,0,1,0,0,1,0,0,1,0,0,1,0,0,1,0,0,A,7,0,A,7,7.2,A,7,5.6,A,7,89,A,7,991,A,7,300,A,7,3.1,A,7,20900,B,7,77777,A,7,1.5,E,8,0.000,?,0,0.00,?,0,0,1,D,9,00,C,8
10/03/1977,23:00,0,0,0,1,0,0,1,0,0,1,0,0,1,0,0,1,0,0,1,0,0,1,0,0,A,7,0,A,7,6.7,A,7,5.0,A,7,89,A,7,991,A,7,300,A,7,2.6,A,7,20900,B,7,77777,A,7,1.4,E,8,0.000,?,0,0.00,?,0,0,1,D,9,00,C,8
10/03/1977,24:00,0,0,0,1,0,0,1,0,0,1,0,0,1,0,0,1,0,0,1,0,0,1,0,0,A,7,0,A,7,5.0,A,7,4.4,A,7,96,A,7,991,A,7,290,A,7,2.6,A,7,20900,B,7,77777,A,7,1.4,E,8,0.000,?,0,0.00,?,0,0,1,D,9,00,C,8
10/04/1977,01:00,0,0,0,1,0,0,1,0,0,1,0,0,1,0,0,1,0,0,1,0,0,1,0,0,A,7,0,A,7,5.0,A,7,4.4,A,7,96,A,7,991,A,7,280,A,7,2.1,A,7,20900,B,7,77777,A,7,1.4,E,8,0.000,?,0,0.00,?,0,0,1,D,9,00,C,8
10/04/1977,02:00,0,0,0,1,0,0,1,0,0,1,0,0,1,0,0,1,0,0,1,0,0,1,0,0,A,7,0,A,7,3.3,A,7,2.8,A,7,96,A,7,991,A,7,0,A,7,0.0,A,7,20900,B,7,77777,A,7,1.3,E,8,0.000,?,0,0.00,?,0,0,1,D,9,00,C,8
10/04/1977,03:00,0,0,0,1,0,0,1,0,0,1,0,0,1,0,0,1,0,0,1,0,0,1,0,0,A,7,0,A,7,3.9,A,7,3.3,A,7,96,A,7,991,A,7,0,A,7,0.0,A,7,20900,B,7,77777,A,7,1.3,E,8,0.000,?,0,0.00,?,0,0,1,D,9,00,C,8
10/04/1977,04:00,0,0,0,1,0,0,1,0,0,1,0,0,1,0,0,1,0,0,1,0,0,1,0,0,A,7,0,A,7,2.8,A,7,2.8,A,7,100,A,7,991,A,7,0,A,7,0.0,A,7,20900,B,7,77777,A,7,1.3,E,8,0.000,?,0,0.00,?,0,0,1,D,9,00,C,8
10/04/1977,05:00,0,0,0,1,0,0,1,0,0,1,0,0,1,0,0,1,0,0,1,0,0,1,0,0,A,7,0,A,7,2.8,A,7,2.8,A,7,100,A,7,991,A,7,0,A,7,0.0,A,7,16100,B,7,77777,A,7,1.3,E,8,0.000,?,0,0.00,?,0,0,1,D,9,00,C,8
10/04/1977,06:00,0,0,0,1,0,0,1,0,0,1,0,0,1,0,0,1,0,0,1,0,0,1,0,0,A,7,0,A,7,2.2,A,7,2.2,A,7,100,A,7,991,A,7,0,A,7,0.0,A,7,16100,B,7,77777,A,7,1.2,E,8,0.000,?,0,0.00,?,0,0,1,D,9,00,C,8
10/04/1977,07:00,12,444,8,1,13,3,1,9,7,1,13,0,1,13,0,1,9,0,1,13,0,1,21,0,A,7,0,A,7,2.2,A,7,2.2,A,7,100,A,7,991,A,7,260,A,7,2.1,A,7,16100,B,7,77777,A,7,1.2,E,8,0.000,F,8,0.00,?,0,0,1,D,9,00,C,8
10/04/1977,08:00,202,1366,82,1,13,213,1,9,50,1,13,84,1,13,137,1,9,64,1,13,91,1,21,0,A,7,0,A,7,7.2,A,7,6.1,A,7,93,A,7,992,A,7,250,A,7,2.1,A,7,20900,B,7,77777,A,7,1.5,E,8,0.000,F,8,0.00,?,0,0,1,D,9,00,C,8
10/04/1977,09:00,439,1366,246,1,9,485,1,9,88,1,13,251,1,9,433,1,9,111,1,13,162,1,18,0,A,7,0,A,7,11.1,A,7,9.4,A,7,90,A,7,992,A,7,250,A,7,3.6,A,7,20900,B,7,77777,A,7,1.9,E,8,0.000,F,8,0.00,?,0,0,1,D,9,00,C,8
10/04/1977,10:00,643,1366,419,1,9,630,1,9,118,1,13,432,1,9,614,1,9,143,1,13,242,1,18,0,A,7,0,A,7,14.4,A,7,10.0,A,7,75,A,7,991,A,7,250,A,7,6.2,A,7,20900,B,7,77777,A,7,1.9,E,8,0.000,F,8,0.00,?,0,0,1,D,9,00,C,8
10/04/1977,11:00,798,1366,554,1,9,700,1,9,140,1,13,579,1,9,702,1,9,167,1,13,325,1,18,0,A,7,0,A,7,16.1,A,7,9.4,A,7,65,A,7,991,A,7,290,A,7,4.1,A,7,20900,B,7,77777,A,7,1.9,E,8,0.000,F,8,0.00,?,0,0,1,D,9,00,C,8
10/04/1977,12:00,894,1366,644,1,9,742,1,9,152,1,13,676,1,9,752,1,9,183,1,13,393,1,18,0,A,7,0,A,7,17.8,A,7,7.8,A,7,52,A,7,990,A,7,270,A,7,6.7,A,7,20900,B,7,77777,A,7,1.7,E,8,0.000,F,8,0.00,?,0,0,1,D,9,00,C,8
10/04/1977,13:00,924,1366,676,1,9,760,1,9,156,1,13,712,1,9,772,1,9,188,1,13,420,1,18,0,A,7,0,A,7,17.8,A,7,7.8,A,7,52,A,7,990,A,7,250,A,7,6.7,A,7,20900,B,7,77777,A,7,1.7,E,8,0.000,F,8,0.00,?,0,0,1,D,9,00,C,8
10/04/1977,14:00,887,1366,642,1,9,747,1,9,151,1,13,674,1,9,756,1,9,182,1,13,387,1,18,0,A,7,0,A,7,18.3,A,7,8.3,A,7,52,A,7,989,A,7,260,A,7,4.6,A,7,20900,B,7,77777,A,7,1.7,E,8,0.000,F,8,0.00,?,0,0,1,D,9,00,C,8
10/04/1977,15:00,784,1366,545,1,9,694,1,9,141,1,13,567,1,9,694,1,9,168,1,13,322,1,18,1,A,7,0,A,7,18.3,A,7,8.9,A,7,54,A,7,989,A,7,270,A,7,7.2,A,7,20900,B,7,77777,A,7,1.8,E,8,0.000,F,8,0.00,?,0,0,1,D,9,00,C,8
10/04/1977,16:00,622,1366,399,1,9,624,1,9,110,1,13,412,1,9,606,1,9,136,1,13,224,1,18,1,A,7,1,A,7,18.3,A,7,8.3,A,7,52,A,7,989,A,7,290,A,7,5.7,A,7,20900,B,7,77777,A,7,1.7,E,8,0.000,F,8,0.00,?,0,0,1,D,9,00,C,8
10/04/1977,17:00,414,1366,230,1,9,469,1,9,84,1,13,232,1,9,412,1,9,107,1,13,153,1,18,0,A,7,0,A,7,17.2,A,7,6.7,A,7,50,A,7,989,A,7,280,A,7,5.2,A,7,20900,B,7,77777,A,7,1.6,E,8,0.000,F,8,0.00,?,0,0,1,D,9,00,C,8
10/04/1977,18:00,174,1366,69,1,13,177,1,9,45,1,13,70,1,13,105,1,9,56,1,13,82,1,21,0,A,7,0,A,7,15.0,A,7,6.1,A,7,56,A,7,989,A,7,270,A,7,4.1,A,7,20900,B,7,77777,A,7,1.5,E,8,0.000,F,8,0.00,?,0,0,1,D,9,00,C,8
10/04/1977,19:00,5,285,4,1,13,1,1,9,4,1,13,0,1,13,0,1,9,0,1,13,0,1,21,0,A,7,0,A,7,11.1,A,7,6.1,A,7,72,A,7,988,A,7,280,A,7,3.1,A,7,20900,B,7,77777,A,7,1.5,E,8,0.000,F,8,0.00,?,0,0,1,D,9,00,C,8
10/04/1977,20:00,0,0,0,1,0,0,1,0,0,1,0,0,1,0,0,1,0,0,1,0,0,1,0,0,A,7,0,A,7,7.2,A,7,5.6,A,7,89,A,7,988,A,7,0,A,7,0.0,A,7,17700,B,7,77777,A,7,1.5,E,8,0.000,?,0,0.00,?,0,0,1,D,9,00,C,8
10/04/1977,21:00,0,0,0,1,0,0,1,0,0,1,0,0,1,0,0,1,0,0,1,0,0,1,0,0,A,7,0,A,7,6.1,A,7,5.6,A,7,96,A,7,988,A,7,0,A,7,0.0,A,7,17700,B,7,77777,A,7,1.5,E,8,0.000,?,0,0.00,?,0,0,1,D,9,00,C,8
10/04/1977,22:00,0,0,0,1,0,0,1,0,0,1,0,0,1,0,0,1,0,0,1,0,0,1,0,2,A,7,2,A,7,6.7,A,7,5.6,A,7,93,A,7,988,A,7,210,A,7,1.5,A,7,20900,B,7,77777,A,7,1.5,E,8,0.000,?,0,0.00,?,0,0,1,D,9,00,C,8
10/04/1977,23:00,0,0,0,1,0,0,1,0,0,1,0,0,1,0,0,1,0,0,1,0,0,1,0,2,A,7,2,A,7,7.2,A,7,6.1,A,7,93,A,7,988,A,7,190,A,7,2.1,A,7,20900,B,7,77777,A,7,1.5,E,8,0.000,?,0,0.00,?,0,0,1,D,9,00,C,8
10/04/1977,24:00,0,0,0,1,0,0,1,0,0,1,0,0,1,0,0,1,0,0,1,0,0,1,0,5,A,7,5,A,7,9.4,A,7,7.8,A,7,89,A,7,988,A,7,200,A,7,3.6,A,7,20900,B,7,77777,A,7,1.7,E,8,0.000,?,0,0.00,?,0,0,1,D,9,00,C,8
10/05/1977,01:00,0,0,0,1,0,0,1,0,0,1,0,0,1,0,0,1,0,0,1,0,0,1,0,7,A,7,7,A,7,10.6,A,7,7.8,A,7,83,A,7,987,A,7,210,A,7,3.6,A,7,20900,B,7,2440,A,7,1.7,E,8,0.000,?,0,0.00,?,0,0,1,D,9,00,C,8
10/05/1977,02:00,0,0,0,1,0,0,1,0,0,1,0,0,1,0,0,1,0,0,1,0,0,1,0,8,A,7,8,A,7,11.7,A,7,7.8,A,7,77,A,7,987,A,7,220,A,7,5.2,A,7,20900,B,7,2440,A,7,1.7,E,8,0.000,?,0,0.00,?,0,0,1,D,9,00,C,8
10/05/1977,03:00,0,0,0,1,0,0,1,0,0,1,0,0,1,0,0,1,0,0,1,0,0,1,0,9,A,7,9,A,7,12.2,A,7,7.2,A,7,72,A,7,987,A,7,200,A,7,5.2,A,7,20900,B,7,2130,A,7,1.6,E,8,0.000,?,0,0.00,?,0,0,1,D,9,00,C,8
10/05/1977,04:00,0,0,0,1,0,0,1,0,0,1,0,0,1,0,0,1,0,0,1,0,0,1,0,9,A,7,9,A,7,12.8,A,7,7.2,A,7,69,A,7,986,A,7,210,A,7,6.2,A,7,20900,B,7,2130,A,7,1.6,E,8,0.000,?,0,0.00,?,0,0,1,D,9,00,C,8
10/05/1977,05:00,0,0,0,1,0,0,1,0,0,1,0,0,1,0,0,1,0,0,1,0,0,1,0,10,A,7,10,A,7,12.8,A,7,7.2,A,7,69,A,7,985,A,7,220,A,7,5.2,A,7,20900,B,7,2130,A,7,1.6,E,8,0.000,?,0,0.00,?,0,0,1,D,9,00,C,8
10/05/1977,06:00,0,0,0,1,0,0,1,0,0,1,0,0,1,0,0,1,0,0,1,0,0,1,0,10,A,7,10,A,7,12.8,A,7,7.2,A,7,69,A,7,985,A,7,230,A,7,5.7,A,7,20900,B,7,2130,A,7,1.6,E,8,0.000,?,0,0.00,?,0,0,1,D,9,00,C,8
10/05/1977,07:00,11,422,0,1,13,0,1,9,0,1,13,0,1,13,0,1,9,0,1,13,0,1,21,10,A,7,10,A,7,12.8,A,7,8.3,A,7,75,A,7,985,A,7,220,A,7,5.7,A,7,20900,B,7,1680,A,7,1.8,E,8,0.000,F,8,0.00,?,0,0,1,D,9,80,C,8
10/05/1977,08:00,197,1367,33,1,13,8,1,9,32,1,13,38,1,13,0,1,9,38,1,13,119,1,21,10,A,7,10,A,7,11.7,A,7,10.0,A,7,90,A,7,985,A,7,230,A,7,7.7,A,7,9700,B,7,1680,A,7,1.9,E,8,0.000,F,8,0.00,?,0,0,1,D,9,05,C,8
10/05/1977,09:00,434,1367,95,1,9,3,1,9,94,1,13,109,1,9,2,1,9,108,1,13,366,1,18,10,A,7,10,A,7,11.7,A,7,11.1,A,7,96,A,7,985,A,7,220,A,7,6.7,A,7,6400,B,7,310,A,7,2.1,E,8,0.000,F,8,0.00,?,0,0,1,D,9,05,C,8
10/05/1977,10:00,637,1367,145,1,9,2,1,9,143,1,13,167,1,9,1,1,9,166,1,13,601,1,18,10,A,7,10,A,7,11.7,A,7,11.7,A,7,100,A,7,985,A,7,230,A,7,6.2,A,7,9700,B,7,980,A,7,2.1,E,8,0.000,F,8,0.00,?,0,0,1,D,9,05,C,8
10/05/1977,11:00,792,1367,237,1,9,0,1,9,237,1,13,271,1,9,0,1,9,271,1,13,974,1,18,10,A,7,10,A,7,12.8,A,7,11.7,A,7,93,A,7,985,A,7,230,A,7,6.7,A,7,9700,B,7,370,A,7,2.1,E,8,0.000,F,8,0.00,?,0,0,1,D,9,05,C,8
10/05/1977,12:00,888,1367,279,1,9,7,1,9,274,1,13,320,1,9,6,1,9,316,1,13,1152,1,18,10,A,7,10,A,7,13.3,A,7,11.7,A,7,90,A,7,985,A,7,240,A,7,7.2,A,7,8000,B,7,430,A,7,2.1,E,8,0.000,F,8,0.00,?,0,0,1,D,9,05,C,8
10/05/1977,13:00,918,1367,167,1,9,6,1,9,163,1,13,201,1,9,5,1,9,198,1,13,789,1,18,10,A,7,10,A,7,12.8,A,7,12.8,A,7,100,A,7,985,A,7,240,A,7,6.7,A,7,4800,B,7,310,A,7,2.3,E,8,0.000,F,8,0.00,?,0,0,1,D,9,05,C,8
10/05/1977,14:00,880,1367,295,1,9,1,1,9,294,1,13,336,1,9,1,1,9,336,1,13,1199,1,18,10,A,7,10,A,7,13.9,A,7,13.3,A,7,96,A,7,985,A,7,270,A,7,5.7,A,7,6400,B,7,340,A,7,2.3,E,8,0.000,F,8,0.00,?,0,0,1,D,9,45,C,8
10/05/1977,15:00,777,1367,315,1,9,162,1,9,222,1,13,346,1,9,169,1,9,249,1,13,583,1,18,8,A,7,8,A,7,16.1,A,7,12.8,A,7,81,A,7,985,A,7,270,A,7,7.7,A,7,9700,B,7,520,A,7,2.3,E,8,0.000,F,8,0.00,?,0,0,1,D,9,05,C,8
10/05/1977,16:00,615,1367,350,1,13,433,1,13,152,1,13,366,1,13,426,1,13,174,1,13,308,1,23,4,A,7,4,A,7,15.6,A,7,10.6,A,7,72,A,7,985,A,7,290,A,7,7.7,A,7,20900,B,7,77777,A,7,2.0,E,8,0.000,F,8,0.00,?,0,0,1,D,9,00,C,8
10/05/1977,17:00,407,1367,175,1,13,208,1,13,112,1,13,185,1,13,187,1,13,129,1,13,222,1,23,4,A,7,4,A,7,14.4,A,7,9.4,A,7,72,A,7,985,A,7,290,A,7,6.2,A,7,20900,B,7,77777,A,7,1.9,E,8,0.000,F,8,0.00,?,0,0,1,D,9,00,C,8
10/05/1977,18:00,167,1367,63,1,13,113,1,13,48,1,13,65,1,13,63,1,13,57,1,13,91,1,23,7,A,7,3,A,7,12.8,A,7,5.6,A,7,62,A,7,985,A,7,260,A,7,5.7,A,7,20900,B,7,77777,A,7,1.5,E,8,0.000,F,8,0.00,?,0,0,1,D,9,00,C,8
10/05/1977,19:00,4,262,1,1,13,2,1,9,1,1,13,0,1,13,0,1,9,0,1,13,0,1,21,2,A,7,2,A,7,8.9,A,7,4.4,A,7,74,A,7,987,A,7,280,A,7,3.6,A,7,20900,B,7,77777,A,7,1.4,E,8,0.000,F,8,0.00,?,0,0,1,D,9,00,C,8
10/05/1977,20:00,0,0,0,1,0,0,1,0,0,1,0,0,1,0,0,1,0,0,1,0,0,1,0,0,A,7,0,A,7,6.7,A,7,5.6,A,7,93,A,7,987,A,7,280,A,7,3.6,A,7,20900,B,7,77777,A,7,1.5,E,8,0.000,?,0,0.00,?,0,0,1,D,9,00,C,8
10/05/1977,21:00,0,0,0,1,0,0,1,0,0,1,0,0,1,0,0,1,0,0,1,0,0,1,0,0,A,7,0,A,7,6.1,A,7,6.1,A,7,100,A,7,987,A,7,250,A,7,2.6,A,7,20900,B,7,77777,A,7,1.5,E,8,0.000,?,0,0.00,?,0,0,1,D,9,00,C,8
10/05/1977,22:00,0,0,0,1,0,0,1,0,0,1,0,0,1,0,0,1,0,0,1,0,0,1,0,0,A,7,0,A,7,5.0,A,7,5.0,A,7,100,A,7,987,A,7,260,A,7,2.6,A,7,16100,B,7,77777,A,7,1.4,E,8,0.000,?,0,0.00,?,0,0,1,D,9,00,C,8
10/05/1977,23:00,0,0,0,1,0,0,1,0,0,1,0,0,1,0,0,1,0,0,1,0,0,1,0,0,A,7,0,A,7,7.8,A,7,7.8,A,7,100,A,7,987,A,7,250,A,7,3.1,A,7,16100,B,7,77777,A,7,1.7,E,8,0.000,?,0,0.00,?,0,0,1,D,9,00,C,8
10/05/1977,24:00,0,0,0,1,0,0,1,0,0,1,0,0,1,0,0,1,0,0,1,0,0,1,0,2,A,7,2,A,7,7.8,A,7,7.2,A,7,96,A,7,988,A,7,290,A,7,4.6,A,7,16100,B,7,77777,A,7,1.6,E,8,0.000,?,0,0.00,?,0,0,1,D,9,00,C,8
10/06/1977,01:00,0,0,0,1,0,0,1,0,0,1,0,0,1,0,0,1,0,0,1,0,0,1,0,2,A,7,2,A,7,5.0,A,7,4.4,A,7,96,A,7,988,A,7,280,A,7,3.1,A,7,16100,B,7,77777,A,7,1.4,E,8,0.000,?,0,0.00,?,0,0,1,D,9,00,C,8
10/06/1977,02:00,0,0,0,1,0,0,1,0,0,1,0,0,1,0,0,1,0,0,1,0,0,1,0,0,A,7,0,A,7,4.4,A,7,3.3,A,7,93,A,7,988,A,7,280,A,7,3.6,A,7,16100,B,7,77777,A,7,1.3,E,8,0.000,?,0,0.00,?,0,0,1,D,9,00,C,8
10/06/1977,03:00,0,0,0,1,0,0,1,0,0,1,0,0,1,0,0,1,0,0,1,0,0,1,0,0,A,7,0,A,7,3.3,A,7,2.8,A,7,96,A,7,988,A,7,270,A,7,3.6,A,7,16100,B,7,77777,A,7,1.2,E,8,0.000,?,0,0.00,?,0,0,1,D,9,00,C,8
10/06/1977,04:00,0,0,0,1,0,0,1,0,0,1,0,0,1,0,0,1,0,0,1,0,0,1,0,0,A,7,0,A,7,3.9,A,7,3.3,A,7,96,A,7,989,A,7,300,A,7,3.1,A,7,16100,B,7,77777,A,7,1.3,E,8,0.000,?,0,0.00,?,0,0,1,D,9,00,C,8
10/06/1977,05:00,0,0,0,1,0,0,1,0,0,1,0,0,1,0,0,1,0,0,1,0,0,1,0,0,A,7,0,A,7,3.3,A,7,2.8,A,7,96,A,7,990,A,7,290,A,7,2.6,A,7,16100,B,7,77777,A,7,1.3,E,8,0.000,?,0,0.00,?,0,0,1,D,9,00,C,8
10/06/1977,06:00,0,0,0,1,0,0,1,0,0,1,0,0,1,0,0,1,0,0,1,0,0,1,0,0,A,7,0,A,7,1.7,A,7,1.7,A,7,100,A,7,990,A,7,280,A,7,2.1,A,7,16100,B,7,77777,A,7,1.2,E,8,0.000,?,0,0.00,?,0,0,1,D,9,00,C,8
10/06/1977,07:00,10,399,8,1,13,19,1,9,6,1,13,0,1,13,0,1,9,0,1,13,0,1,21,0,A,7,0,A,7,1.7,A,7,1.1,A,7,96,A,7,991,A,7,290,A,7,2.1,A,7,20900,B,7,77777,A,7,1.1,E,8,0.000,F,8,0.00,?,0,0,1,D,9,00,C,8
10/06/1977,08:00,192,1368,91,1,13,373,1,9,37,1,13,91,1,13,245,1,9,57,1,13,66,1,21,0,A,7,0,A,7,3.9,A,7,2.8,A,7,93,A,7,992,A,7,270,A,7,2.6,A,7,20900,B,7,77777,A,7,1.3,E,8,0.000,F,8,0.00,?,0,0,1,D,9,00,C,8
10/06/1977,09:00,429,1368,264,1,9,640,1,9,60,1,13,268,1,9,576,1,9,87,1,13,116,1,18,0,A,7,0,A,7,8.3,A,7,5.6,A,7,83,A,7,992,A,7,290,A,7,3.1,A,7,20900,B,7,77777,A,7,1.5,E,8,0.000,F,8,0.00,?,0,0,1,D,9,00,C,8
10/06/1977,10:00,632,1368,436,1,9,763,1,9,78,1,13,452,1,9,741,1,9,109,1,13,165,1,18,0,A,7,0,A,7,10.6,A,7,5.6,A,7,71,A,7,993,A,7,290,A,7,4.6,A,7,20900,B,7,77777,A,7,1.5,E,8,0.000,F,8,0.00,?,0,0,1,D,9,00,C,8
10/06/1977,11:00,787,1368,571,1,13,724,1,13,149,1,13,592,1,13,722,1,13,176,1,13,338,1,23,4,A,7,4,A,7,11.7,A,7,5.0,A,7,64,A,7,993,A,7,290,A,7,5.2,A,7,20900,B,7,77777,A,7,1.4,E,8,0.000,F,8,0.00,?,0,0,1,D,9,00,C,8
10/06/1977,12:00,882,1368,588,1,13,559,1,13,223,1,13,622,1,13,576,1,13,249,1,13,565,1,23,6,A,7,6,A,7,11.1,A,7,4.4,A,7,64,A,7,993,A,7,290,A,7,4.1,A,7,20900,B,7,910,A,7,1.4,E,8,0.000,F,8,0.00,?,0,0,1,D,9,00,C,8
10/06/1977,13:00,912,1368,369,1,9,89,1,9,309,1,13,405,1,9,91,1,9,345,1,13,1050,1,18,8,A,7,8,A,7,12.8,A,7,5.6,A,7,62,A,7,993,A,7,300,A,7,4.6,A,7,20900,B,7,910,A,7,1.5,E,8,0.000,F,8,0.00,?,0,0,1,D,9,00,C,8
10/06/1977,14:00,873,1368,329,1,9,108,1,9,259,1,13,361,1,9,114,1,9,288,1,13,728,1,18,9,A,7,9,A,7,12.2,A,7,4.4,A,7,59,A,7,993,A,7,330,A,7,3.6,A,7,20900,B,7,1070,A,7,1.4,E,8,0.000,F,8,0.00,?,0,0,1,D,9,00,C,8
10/06/1977,15:00,770,1368,251,1,9,12,1,9,244,1,13,285,1,9,11,1,9,279,1,13,975,1,18,10,A,7,10,A,7,12.2,A,7,4.4,A,7,59,A,7,993,A,7,320,A,7,5.2,A,7,20900,B,7,1070,A,7,1.4,E,8,0.000,F,8,0.00,?,0,0,1,D,9,00,C,8
10/06/1977,16:00,608,1368,158,1,9,59,1,9,132,1,13,174,1,9,57,1,9,149,1,13,405,1,18,9,A,7,9,A,7,12.2,A,7,4.4,A,7,59,A,7,993,A,7,330,A,7,2.6,A,7,20900,B,7,1070,A,7,1.4,E,8,0.000,F,8,0.00,?,0,0,1,D,9,00,C,8
10/06/1977,17:00,399,1368,108,1,9,42,1,9,95,1,13,118,1,9,38,1,9,107,1,13,258,1,18,9,A,7,9,A,7,12.2,A,7,4.4,A,7,59,A,7,994,A,7,320,A,7,5.2,A,7,20900,B,7,1070,A,7,1.4,E,8,0.000,F,8,0.00,?,0,0,1,D,9,00,C,8
10/06/1977,18:00,160,1368,23,1,13,9,1,9,22,1,13,25,1,13,6,1,9,25,1,13,58,1,21,9,A,7,9,A,7,11.1,A,7,5.0,A,7,66,A,7,994,A,7,330,A,7,3.1,A,7,20900,B,7,1220,A,7,1.4,E,8,0.000,F,8,0.00,?,0,0,1,D,9,00,C,8
10/06/1977,19:00,3,217,0,1,13,0,1,9,0,1,13,0,1,13,0,1,9,0,1,13,0,1,21,9,A,7,9,A,7,10.0,A,7,5.0,A,7,71,A,7,995,A,7,330,A,7,3.1,A,7,20900,B,7,1520,A,7,1.4,E,8,0.000,F,8,0.00,?,0,0,1,D,9,00,C,8
10/06/1977,20:00,0,0,0,1,0,0,1,0,0,1,0,0,1,0,0,1,0,0,1,0,0,1,0,5,A,7,5,A,7,8.9,A,7,3.9,A,7,71,A,7,995,A,7,360,A,7,4.6,A,7,20900,B,7,77777,A,7,1.4,E,8,0.000,?,0,0.00,?,0,0,1,D,9,00,C,8
10/06/1977,21:00,0,0,0,1,0,0,1,0,0,1,0,0,1,0,0,1,0,0,1,0,0,1,0,2,A,7,2,A,7,6.1,A,7,2.8,A,7,79,A,7,996,A,7,10,A,7,2.6,A,7,20900,B,7,77777,A,7,1.3,E,8,0.000,?,0,0.00,?,0,0,1,D,9,00,C,8
10/06/1977,22:00,0,0,0,1,0,0,1,0,0,1,0,0,1,0,0,1,0,0,1,0,0,1,0,0,A,7,0,A,7,4.4,A,7,2.2,A,7,86,A,7,996,A,7,350,A,7,1.5,A,7,20900,B,7,77777,A,7,1.2,E,8,0.000,?,0,0.00,?,0,0,1,D,9,00,C,8
10/06/1977,23:00,0,0,0,1,0,0,1,0,0,1,0,0,1,0,0,1,0,0,1,0,0,1,0,0,A,7,0,A,7,3.9,A,7,2.2,A,7,89,A,7,996,A,7,20,A,7,1.5,A,7,20900,B,7,77777,A,7,1.2,E,8,0.000,?,0,0.00,?,0,0,1,D,9,00,C,8
10/06/1977,24:00,0,0,0,1,0,0,1,0,0,1,0,0,1,0,0,1,0,0,1,0,0,1,0,0,A,7,0,A,7,1.1,A,7,1.1,A,7,100,A,7,996,A,7,360,A,7,1.5,A,7,20900,B,7,77777,A,7,1.1,E,8,0.000,?,0,0.00,?,0,0,1,D,9,00,C,8
10/07/1977,01:00,0,0,0,1,0,0,1,0,0,1,0,0,1,0,0,1,0,0,1,0,0,1,0,0,A,7,0,A,7,0.6,A,7,0.0,A,7,96,A,7,996,A,7,340,A,7,1.5,A,7,17700,B,7,77777,A,7,1.1,E,8,0.000,?,0,0.00,?,0,0,1,D,9,00,C,8
10/07/1977,02:00,0,0,0,1,0,0,1,0,0,1,0,0,1,0,0,1,0,0,1,0,0,1,0,0,A,7,0,A,7,-0.6,A,7,-1.1,A,7,96,A,7,996,A,7,360,A,7,1.5,A,7,17700,B,7,77777,A,7,1.0,E,8,0.000,?,0,0.00,?,0,0,1,D,9,00,C,8
10/07/1977,03:00,0,0,0,1,0,0,1,0,0,1,0,0,1,0,0,1,0,0,1,0,0,1,0,0,A,7,0,A,7,0.0,A,7,-0.6,A,7,96,A,7,996,A,7,0,A,7,0.0,A,7,17700,B,7,77777,A,7,1.0,E,8,0.000,?,0,0.00,?,0,0,1,D,9,00,C,8
10/07/1977,04:00,0,0,0,1,0,0,1,0,0,1,0,0,1,0,0,1,0,0,1,0,0,1,0,4,A,7,4,A,7,0.0,A,7,-0.6,A,7,96,A,7,997,A,7,0,A,7,0.0,A,7,17700,B,7,77777,A,7,1.0,E,8,0.000,?,0,0.00,?,0,0,1,D,9,00,C,8
10/07/1977,05:00,0,0,0,1,0,0,1,0,0,1,0,0,1,0,0,1,0,0,1,0,0,1,0,1,A,7,1,A,7,0.0,A,7,-0.6,A,7,96,A,7,997,A,7,0,A,7,0.0,A,7,17700,B,7,77777,A,7,1.0,E,8,0.000,?,0,0.00,?,0,0,1,D,9,00,C,8
10/07/1977,06:00,0,0,0,1,0,0,1,0,0,1,0,0,1,0,0,1,0,0,1,0,0,1,0,0,A,7,0,A,7,0.6,A,7,0.6,A,7,100,A,7,997,A,7,0,A,7,0.0,A,7,17700,B,7,77777,A,7,1.1,E,8,0.000,?,0,0.00,?,0,0,1,D,9,00,C,8
10/07/1977,07:00,8,376,8,1,13,25,1,9,6,1,13,0,1,13,0,1,9,0,1,13,0,1,21,3,A,7,0,A,7,-0.6,A,7,-0.6,A,7,100,A,7,996,A,7,60,A,7,1.5,A,7,17700,B,7,77777,A,7,1.0,E,8,0.000,F,8,0.00,?,0,0,1,D,9,00,C,8
10/07/1977,08:00,187,1369,85,1,13,311,1,9,41,1,13,84,1,13,199,1,9,57,1,13,71,1,21,4,A,7,1,A,7,1.1,A,7,0.0,A,7,92,A,7,996,A,7,70,A,7,2.1,A,7,17700,B,7,77777,A,7,1.1,E,8,0.000,F,8,0.00,?,0,0,1,D,9,00,C,8
10/07/1977,09:00,423,1369,265,1,9,662,1,9,56,1,13,270,1,9,596,1,9,85,1,13,111,1,18,2,A,7,0,A,7,5.0,A,7,3.3,A,7,89,A,7,996,A,7,70,A,7,2.6,A,7,17700,B,7,77777,A,7,1.3,E,8,0.000,F,8,0.00,?,0,0,1,D,9,00,C,8
10/07/1977,10:00,627,1369,397,1,9,642,1,9,98,1,13,414,1,9,627,1,9,126,1,13,204,1,18,3,A,7,1,A,7,7.8,A,7,5.0,A,7,83,A,7,996,A,7,80,A,7,4.1,A,7,20900,B,7,77777,A,7,1.4,E,8,0.000,F,8,0.00,?,0,0,1,D,9,00,C,8
10/07/1977,11:00,781,1369,468,1,13,478,1,13,192,1,13,494,1,13,487,1,13,215,1,13,437,1,23,8,A,7,4,A,7,10.0,A,7,4.4,A,7,69,A,7,994,A,7,110,A,7,5.7,A,7,20900,B,7,77777,A,7,1.4,E,8,0.000,F,8,0.00,?,0,0,1,D,9,00,C,8
10/07/1977,12:00,876,1369,453,1,13,362,1,13,218,1,13,480,1,13,373,1,13,240,1,13,547,1,23,10,A,7,7,A,7,11.1,A,7,5.0,A,7,66,A,7,993,A,7,130,A,7,4.1,A,7,20900,B,7,7620,A,7,1.4,E,8,0.000,F,8,0.00,?,0,0,1,D,9,00,C,8
10/07/1977,13:00,905,1369,295,1,9,12,1,9,287,1,13,339,1,9,11,1,9,331,1,13,1201,1,18,10,A,7,10,A,7,11.1,A,7,4.4,A,7,64,A,7,993,A,7,150,A,7,4.6,A,7,20900,B,7,7620,A,7,1.4,E,8,0.000,F,8,0.00,?,0,0,1,D,9,00,C,8
10/07/1977,14:00,867,1369,213,1,9,7,1,9,208,1,13,249,1,9,6,1,9,245,1,13,933,1,18,10,A,7,10,A,7,11.7,A,7,5.0,A,7,64,A,7,992,A,7,150,A,7,4.1,A,7,17700,B,7,5490,A,7,1.4,E,8,0.000,F,8,0.00,?,0,0,1,D,9,00,C,8
10/07/1977,15:00,763,1369,218,1,9,6,1,9,215,1,13,250,1,9,5,1,9,248,1,13,891,1,18,10,A,7,10,A,7,11.7,A,7,4.4,A,7,62,A,7,991,A,7,140,A,7,5.2,A,7,17700,B,7,5490,A,7,1.4,E,8,0.000,F,8,0.00,?,0,0,1,D,9,00,C,8
10/07/1977,16:00,601,1369,180,1,9,4,1,9,178,1,13,203,1,9,3,1,9,202,1,13,679,1,18,10,A,7,10,A,7,11.1,A,7,5.0,A,7,66,A,7,990,A,7,110,A,7,5.2,A,7,17700,B,7,4570,A,7,1.4,E,8,0.000,F,8,0.00,?,0,0,1,D,9,00,C,8
10/07/1977,17:00,392,1369,115,1,9,6,1,9,113,1,13,128,1,9,4,1,9,127,1,13,395,1,18,10,A,7,10,A,7,10.6,A,7,6.1,A,7,74,A,7,989,A,7,120,A,7,5.7,A,7,17700,B,7,3660,A,7,1.5,E,8,0.000,F,8,0.00,?,0,0,1,D,9,00,C,8
10/07/1977,18:00,152,1369,34,1,13,0,1,9,34,1,13,38,1,13,0,1,9,38,1,13,115,1,21,10,A,7,10,A,7,10.6,A,7,6.1,A,7,74,A,7,988,A,7,120,A,7,4.1,A,7,17700,B,7,4570,A,7,1.5,E,8,0.000,F,8,0.00,?,0,0,1,D,9,00,C,8
10/07/1977,19:00,2,171,1,1,13,0,1,9,1,1,13,0,1,13,0,1,9,0,1,13,0,1,21,10,A,7,10,A,7,10.0,A,7,5.6,A,7,74,A,7,988,A,7,120,A,7,5.2,A,7,16100,B,7,4570,A,7,1.5,E,8,0.000,F,8,0.00,?,0,0,1,D,9,00,C,8
10/07/1977,20:00,0,0,0,1,0,0,1,0,0,1,0,0,1,0,0,1,0,0,1,0,0,1,0,10,A,7,10,A,7,10.0,A,7,6.1,A,7,77,A,7,986,A,7,110,A,7,6.2,A,7,16100,B,7,3660,A,7,1.5,E,8,0.000,?,0,0.00,?,0,0,1,D,9,00,C,8
10/07/1977,21:00,0,0,0,1,0,0,1,0,0,1,0,0,1,0,0,1,0,0,1,0,0,1,0,10,A,7,10,A,7,9.4,A,7,6.1,A,7,80,A,7,985,A,7,110,A,7,6.7,A,7,12900,B,7,1520,A,7,1.5,E,8,0.000,?,0,0.00,?,0,0,1,D,9,00,C,8
10/07/1977,22:00,0,0,0,1,0,0,1,0,0,1,0,0,1,0,0,1,0,0,1,0,0,1,0,10,A,7,10,A,7,9.4,A,7,6.7,A,7,83,A,7,984,A,7,110,A,7,7.2,A,7,11300,B,7,1370,A,7,1.6,E,8,0.000,?,0,0.00,?,0,13,1,D,9,61,C,8
10/07/1977,23:00,0,0,0,1,0,0,1,0,0,1,0,0,1,0,0,1,0,0,1,0,0,1,0,10,A,7,10,A,7,8.3,A,7,7.8,A,7,96,A,7,983,A,7,120,A,7,6.2,A,7,6400,B,7,1070,A,7,1.7,E,8,0.000,?,0,0.00,?,0,5,1,D,9,61,C,8
10/07/1977,24:00,0,0,0,1,0,0,1,0,0,1,0,0,1,0,0,1,0,0,1,0,0,1,0,10,A,7,10,A,7,8.3,A,7,8.3,A,7,100,A,7,981,A,7,120,A,7,7.2,A,7,6400,B,7,1070,A,7,1.7,E,8,0.000,?,0,0.00,?,0,10,1,D,9,45,C,8
10/08/1977,01:00,0,0,0,1,0,0,1,0,0,1,0,0,1,0,0,1,0,0,1,0,0,1,0,10,A,7,10,A,7,8.3,A,7,8.3,A,7,100,A,7,980,A,7,120,A,7,7.7,A,7,6400,B,7,1370,A,7,1.7,E,8,0.000,?,0,0.00,?,0,0,1,D,9,45,C,8
10/08/1977,02:00,0,0,0,1,0,0,1,0,0,1,0,0,1,0,0,1,0,0,1,0,0,1,0,10,A,7,10,A,7,8.9,A,7,8.9,A,7,100,A,7,978,A,7,120,A,7,8.2,A,7,6400,B,7,270,A,7,1.8,E,8,0.000,?,0,0.00,?,0,0,1,D,9,45,C,8
10/08/1977,03:00,0,0,0,1,0,0,1,0,0,1,0,0,1,0,0,1,0,0,1,0,0,1,0,10,A,7,10,A,7,8.9,A,7,8.9,A,7,100,A,7,976,A,7,130,A,7,9.3,A,7,3200,B,7,210,A,7,1.8,E,8,0.000,?,0,0.00,?,0,3,1,D,9,45,C,8
10/08/1977,04:00,0,0,0,1,0,0,1,0,0,1,0,0,1,0,0,1,0,0,1,0,0,1,0,10,A,7,10,A,7,9.4,A,7,9.4,A,7,100,A,7,974,A,7,140,A,7,8.8,A,7,3200,B,7,120,A,7,1.8,E,8,0.000,?,0,0.00,?,0,0,1,D,9,45,C,8
10/08/1977,05:00,0,0,0,1,0,0,1,0,0,1,0,0,1,0,0,1,0,0,1,0,0,1,0,10,A,7,10,A,7,9.4,A,7,9.4,A,7,100,A,7,973,A,7,140,A,7,7.7,A,7,3200,B,7,150,A,7,1.8,E,8,0.000,?,0,0.00,?,0,5,1,D,9,45,C,8
10/08/1977,06:00,0,0,0,1,0,0,1,0,0,1,0,0,1,0,0,1,0,0,1,0,0,1,0,10,A,7,10,A,7,10.0,A,7,10.0,A,7,100,A,7,971,A,7,150,A,7,8.8,A,7,3200,B,7,150,A,7,1.9,E,8,0.000,?,0,0.00,?,0,18,1,D,9,45,C,8
10/08/1977,07:00,7,354,2,1,13,0,1,9,2,1,13,0,1,13,0,1,9,0,1,13,0,1,21,10,A,7,10,A,7,10.6,A,7,10.6,A,7,100,A,7,971,A,7,160,A,7,7.2,A,7,2400,B,7,120,A,7,2.0,E,8,0.000,F,8,0.00,?,0,0,1,D,9,45,C,8
10/08/1977,08:00,182,1369,30,1,13,1,1,9,30,1,13,35,1,13,0,1,9,35,1,13,111,1,21,10,A,7,10,A,7,11.1,A,7,11.1,A,7,100,A,7,970,A,7,190,A,7,6.2,A,7,2400,B,7,210,A,7,2.0,E,8,0.000,F,8,0.00,?,0,0,1,D,9,45,C,8
10/08/1977,09:00,418,1369,136,1,9,1,1,9,135,1,13,150,1,9,1,1,9,149,1,13,456,1,18,10,A,7,10,A,7,13.3,A,7,12.2,A,7,93,A,7,970,A,7,200,A,7,5.2,A,7,11300,B,7,490,A,7,2.2,E,8,0.000,F,8,0.00,?,0,0,1,D,9,00,C,8
10/08/1977,10:00,621,1369,206,1,9,0,1,9,206,1,13,231,1,9,0,1,9,231,1,13,759,1,18,10,A,7,10,A,7,15.0,A,7,13.3,A,7,90,A,7,970,A,7,210,A,7,8.8,A,7,11300,B,7,460,A,7,2.3,E,8,0.000,F,8,0.00,?,0,0,1,D,9,00,C,8
10/08/1977,11:00,775,1369,268,1,9,1,1,9,267,1,13,302,1,9,1,1,9,302,1,13,1035,1,18,10,A,7,10,A,7,16.1,A,7,13.9,A,7,87,A,7,970,A,7,200,A,7,6.7,A,7,11300,B,7,490,A,7,2.4,E,8,0.000,F,8,0.00,?,0,0,1,D,9,00,C,8
10/08/1977,12:00,870,1369,305,1,9,1,1,9,304,1,13,346,1,9,1,1,9,346,1,13,1213,1,18,10,A,7,10,A,7,17.2,A,7,14.4,A,7,84,A,7,969,A,7,190,A,7,6.2,A,7,11300,B,7,460,A,7,2.5,E,8,0.000,F,8,0.00,?,0,0,1,D,9,00,C,8
10/08/1977,13:00,899,1369,333,1,9,1,1,9,332,1,13,377,1,9,1,1,9,376,1,13,1307,1,18,10,A,7,10,A,7,18.3,A,7,14.4,A,7,78,A,7,968,A,7,200,A,7,9.3,A,7,11300,B,7,850,A,7,2.5,E,8,0.000,F,8,0.00,?,0,0,1,D,9,00,C,8
10/08/1977,14:00,860,1369,315,1,9,1,1,9,315,1,13,357,1,9,1,1,9,356,1,13,1228,1,18,10,A,7,10,A,7,18.9,A,7,14.4,A,7,76,A,7,967,A,7,210,A,7,8.8,A,7,11300,B,7,910,A,7,2.5,E,8,0.000,F,8,0.00,?,0,0,1,D,9,00,C,8
10/08/1977,15:00,756,1369,382,1,13,273,1,13,228,1,13,407,1,13,287,1,13,248,1,13,540,1,23,4,A,7,4,A,7,16.7,A,7,14.4,A,7,87,A,7,968,A,7,280,A,7,6.7,A,7,11300,B,7,77777,A,7,2.5,E,8,0.000,F,8,0.00,?,0,0,1,D,9,00,C,8
10/08/1977,16:00,594,1369,234,1,9,129,1,9,177,1,13,254,1,9,129,1,9,198,1,13,423,1,18,8,A,7,8,A,7,15.0,A,7,11.1,A,7,78,A,7,968,A,7,250,A,7,10.3,A,7,16100,B,7,1070,A,7,2.0,E,8,0.000,F,8,0.00,?,0,0,1,D,9,00,C,8
10/08/1977,17:00,385,1369,206,1,9,471,1,9,71,1,13,210,1,9,407,1,9,95,1,13,131,1,18,1,A,7,1,A,7,13.9,A,7,8.3,A,7,69,A,7,969,A,7,270,A,7,10.3,A,7,20900,B,7,77777,A,7,1.7,E,8,0.000,F,8,0.00,?,0,0,1,D,9,00,C,8
10/08/1977,18:00,145,1369,32,1,13,49,1,13,27,1,13,36,1,13,28,1,13,33,1,13,56,1,23,4,A,7,4,A,7,10.6,A,7,6.7,A,7,77,A,7,970,A,7,260,A,7,10.3,A,7,20900,B,7,77777,A,7,1.6,E,8,0.000,F,8,0.00,?,0,0,1,D,9,00,C,8
10/08/1977,19:00,1,148,0,1,13,0,1,9,0,1,13,0,1,13,0,1,9,0,1,13,0,1,21,10,A,7,10,A,7,10.6,A,7,6.7,A,7,77,A,7,971,A,7,260,A,7,6.7,A,7,11300,B,7,850,A,7,1.6,E,8,0.000,F,8,0.00,?,0,0,1,D,9,00,C,8
10/08/1977,20:00,0,0,0,1,0,0,1,0,0,1,0,0,1,0,0,1,0,0,1,0,0,1,0,10,A,7,10,A,7,10.6,A,7,6.7,A,7,77,A,7,971,A,7,250,A,7,7.7,A,7,12900,B,7,910,A,7,1.6,E,8,0.000,?,0,0.00,?,0,0,1,D,9,00,C,8
10/08/1977,21:00,0,0,0,1,0,0,1,0,0,1,0,0,1,0,0,1,0,0,1,0,0,1,0,10,A,7,10,A,7,10.0,A,7,5.0,A,7,71,A,7,972,A,7,230,A,7,8.8,A,7,12900,B,7,1160,A,7,1.4,E,8,0.000,?,0,0.00,?,0,0,1,D,9,00,C,8
10/08/1977,22:00,0,0,0,1,0,0,1,0,0,1,0,0,1,0,0,1,0,0,1,0,0,1,0,10,A,7,10,A,7,9.4,A,7,5.0,A,7,74,A,7,972,A,7,230,A,7,5.2,A,7,12900,B,7,1220,A,7,1.4,E,8,0.000,?,0,0.00,?,0,0,1,D,9,00,C,8
10/08/1977,23:00,0,0,0,1,0,0,1,0,0,1,0,0,1,0,0,1,0,0,1,0,0,1,0,10,A,7,10,A,7,8.9,A,7,5.0,A,7,77,A,7,972,A,7,220,A,7,6.7,A,7,12900,B,7,1160,A,7,1.4,E,8,0.000,?,0,0.00,?,0,0,1,D,9,00,C,8
10/08/1977,24:00,0,0,0,1,0,0,1,0,0,1,0,0,1,0,0,1,0,0,1,0,0,1,0,10,A,7,10,A,7,8.3,A,7,4.4,A,7,77,A,7,972,A,7,240,A,7,6.2,A,7,12900,B,7,700,A,7,1.4,E,8,0.000,?,0,0.00,?,0,0,1,D,9,00,C,8
10/09/1977,01:00,0,0,0,1,0,0,1,0,0,1,0,0,1,0,0,1,0,0,1,0,0,1,0,10,A,7,10,A,7,7.8,A,7,5.0,A,7,83,A,7,972,A,7,240,A,7,7.2,A,7,12900,B,7,640,A,7,1.4,E,8,0.000,?,0,0.00,?,0,0,1,D,9,00,C,8
10/09/1977,02:00,0,0,0,1,0,0,1,0,0,1,0,0,1,0,0,1,0,0,1,0,0,1,0,10,A,7,10,A,7,7.2,A,7,5.0,A,7,86,A,7,972,A,7,240,A,7,5.2,A,7,12900,B,7,640,A,7,1.4,E,8,0.000,?,0,0.00,?,0,0,1,D,9,00,C,8
10/09/1977,03:00,0,0,0,1,0,0,1,0,0,1,0,0,1,0,0,1,0,0,1,0,0,1,0,10,A,7,10,A,7,6.7,A,7,6.1,A,7,96,A,7,971,A,7,220,A,7,6.2,A,7,6400,B,7,520,A,7,1.5,E,8,0.000,?,0,0.00,?,0,0,1,D,9,45,C,8
10/09/1977,04:00,0,0,0,1,0,0,1,0,0,1,0,0,1,0,0,1,0,0,1,0,0,1,0,10,A,7,10,A,7,6.1,A,7,6.1,A,7,100,A,7,971,A,7,230,A,7,5.7,A,7,6400,B,7,580,A,7,1.5,E,8,0.000,?,0,0.00,?,0,0,1,D,9,45,C,8
10/09/1977,05:00,0,0,0,1,0,0,1,0,0,1,0,0,1,0,0,1,0,0,1,0,0,1,0,10,A,7,10,A,7,6.1,A,7,6.1,A,7,100,A,7,971,A,7,220,A,7,5.7,A,7,6400,B,7,210,A,7,1.5,E,8,0.000,?,0,0.00,?,0,0,1,D,9,45,C,8
10/09/1977,06:00,0,0,0,1,0,0,1,0,0,1,0,0,1,0,0,1,0,0,1,0,0,1,0,10,A,7,10,A,7,6.1,A,7,6.1,A,7,100,A,7,971,A,7,220,A,7,7.2,A,7,6400,B,7,240,A,7,1.5,E,8,0.000,?,0,0.00,?,0,0,1,D,9,45,C,8
10/09/1977,07:00,6,308,1,1,13,1,1,9,0,1,13,0,1,13,0,1,9,0,1,13,0,1,21,10,A,7,10,A,7,6.1,A,7,6.1,A,7,100,A,7,972,A,7,230,A,7,6.7,A,7,1600,B,7,120,A,7,1.5,E,8,0.000,F,8,0.00,?,0,0,1,D,9,45,C,8
10/09/1977,08:00,177,1370,23,1,13,4,1,9,22,1,13,26,1,13,0,1,9,26,1,13,85,1,21,10,A,7,10,A,7,5.6,A,7,5.6,A,7,100,A,7,972,A,7,250,A,7,3.6,A,7,4000,B,7,120,A,7,1.5,E,8,0.000,F,8,0.00,?,0,0,1,D,9,45,C,8
10/09/1977,09:00,413,1370,98,1,9,9,1,9,96,1,13,112,1,9,5,1,9,111,1,13,363,1,18,10,A,7,10,A,7,7.2,A,7,7.2,A,7,100,A,7,973,A,7,270,A,7,5.7,A,7,9700,B,7,270,A,7,1.6,E,8,0.000,F,8,0.00,?,0,0,1,D,9,45,C,8
10/09/1977,10:00,616,1370,190,1,9,4,1,9,188,1,13,214,1,9,3,1,9,212,1,13,714,1,18,10,A,7,10,A,7,7.2,A,7,7.2,A,7,100,A,7,974,A,7,270,A,7,7.2,A,7,11300,B,7,910,A,7,1.6,E,8,0.000,F,8,0.00,?,0,3,1,D,9,00,C,8
10/09/1977,11:00,770,1370,141,1,9,1,1,9,140,1,13,167,1,9,1,1,9,166,1,13,645,1,18,10,A,7,10,A,7,7.8,A,7,7.8,A,7,100,A,7,974,A,7,280,A,7,7.2,A,7,4800,B,7,520,A,7,1.7,E,8,0.000,F,8,0.00,?,0,5,1,D,9,45,C,8
10/09/1977,12:00,864,1370,160,1,9,2,1,9,158,1,13,190,1,9,2,1,9,189,1,13,749,1,18,10,A,7,10,A,7,8.3,A,7,7.8,A,7,96,A,7,975,A,7,280,A,7,8.8,A,7,9700,B,7,490,A,7,1.7,E,8,0.000,F,8,0.00,?,0,0,1,D,9,45,C,8
10/09/1977,13:00,893,1370,330,1,9,79,1,9,278,1,13,363,1,9,80,1,9,310,1,13,947,1,18,9,A,7,9,A,7,10.0,A,7,7.8,A,7,86,A,7,975,A,7,280,A,7,7.7,A,7,11300,B,7,610,A,7,1.7,E,8,0.000,F,8,0.00,?,0,0,1,D,9,00,C,8
10/09/1977,14:00,854,1370,255,1,9,8,1,9,250,1,13,293,1,9,7,1,9,289,1,13,1056,1,18,10,A,7,10,A,7,8.9,A,7,6.1,A,7,83,A,7,976,A,7,280,A,7,7.7,A,7,16100,B,7,520,A,7,1.5,E,8,0.000,F,8,0.00,?,0,0,1,D,9,00,C,8
10/09/1977,15:00,749,1370,217,1,9,12,1,9,210,1,13,248,1,9,10,1,9,243,1,13,866,1,18,10,A,7,10,A,7,8.3,A,7,5.6,A,7,83,A,7,976,A,7,290,A,7,7.7,A,7,16100,B,7,640,A,7,1.5,E,8,0.000,F,8,0.00,?,0,0,1,D,9,00,C,8
10/09/1977,16:00,587,1370,165,1,9,2,1,9,164,1,13,187,1,9,2,1,9,186,1,13,634,1,18,10,A,7,10,A,7,8.3,A,7,6.1,A,7,86,A,7,977,A,7,260,A,7,6.7,A,7,16100,B,7,850,A,7,1.5,E,8,0.000,F,8,0.00,?,0,0,1,D,9,00,C,8
10/09/1977,17:00,378,1370,86,1,9,3,1,9,85,1,13,97,1,9,2,1,9,97,1,13,319,1,18,10,A,7,10,A,7,8.3,A,7,6.1,A,7,86,A,7,978,A,7,280,A,7,6.7,A,7,20900,B,7,1160,A,7,1.5,E,8,0.000,F,8,0.00,?,0,0,1,D,9,00,C,8
10/09/1977,18:00,138,1370,33,1,13,3,1,9,33,1,13,37,1,13,0,1,9,37,1,13,109,1,21,10,A,7,10,A,7,8.3,A,7,5.6,A,7,83,A,7,979,A,7,270,A,7,6.2,A,7,20900,B,7,1220,A,7,1.5,E,8,0.000,F,8,0.00,?,0,0,1,D,9,00,C,8
10/09/1977,19:00,1,103,1,1,13,0,1,9,1,1,13,0,1,13,0,1,9,0,1,13,0,1,21,10,A,7,10,A,7,8.3,A,7,5.6,A,7,83,A,7,979,A,7,260,A,7,5.2,A,7,20900,B,7,1370,A,7,1.5,E,8,0.000,F,8,0.00,?,0,0,1,D,9,00,C,8
10/09/1977,20:00,0,0,0,1,0,0,1,0,0,1,0,0,1,0,0,1,0,0,1,0,0,1,0,7,A,7,7,A,7,7.8,A,7,5.0,A,7,83,A,7,980,A,7,250,A,7,4.1,A,7,20900,B,7,1520,A,7,1.4,E,8,0.000,?,0,0.00,?,0,0,1,D,9,00,C,8
10/09/1977,21:00,0,0,0,1,0,0,1,0,0,1,0,0,1,0,0,1,0,0,1,0,0,1,0,3,A,7,3,A,7,6.7,A,7,5.0,A,7,89,A,7,981,A,7,220,A,7,4.1,A,7,20900,B,7,77777,A,7,1.4,E,8,0.000,?,0,0.00,?,0,0,1,D,9,00,C,8
10/09/1977,22:00,0,0,0,1,0,0,1,0,0,1,0,0,1,0,0,1,0,0,1,0,0,1,0,0,A,7,0,A,7,6.7,A,7,5.6,A,7,93,A,7,981,A,7,230,A,7,4.6,A,7,20900,B,7,77777,A,7,1.5,E,8,0.000,?,0,0.00,?,0,0,1,D,9,00,C,8
10/09/1977,23:00,0,0,0,1,0,0,1,0,0,1,0,0,1,0,0,1,0,0,1,0,0,1,0,0,A,7,0,A,7,6.1,A,7,5.6,A,7,96,A,7,981,A,7,220,A,7,4.6,A,7,20900,B,7,77777,A,7,1.5,E,8,0.000,?,0,0.00,?,0,0,1,D,9,00,C,8
10/09/1977,24:00,0,0,0,1,0,0,1,0,0,1,0,0,1,0,0,1,0,0,1,0,0,1,0,4,A,7,4,A,7,6.1,A,7,5.0,A,7,93,A,7,981,A,7,240,A,7,5.2,A,7,17700,B,7,77777,A,7,1.4,E,8,0.000,?,0,0.00,?,0,0,1,D,9,00,C,8
10/10/1977,01:00,0,0,0,1,0,0,1,0,0,1,0,0,1,0,0,1,0,0,1,0,0,1,0,6,A,7,6,A,7,6.1,A,7,5.0,A,7,93,A,7,982,A,7,240,A,7,3.6,A,7,17700,B,7,1370,A,7,1.4,E,8,0.000,?,0,0.00,?,0,0,1,D,9,00,C,8
10/10/1977,02:00,0,0,0,1,0,0,1,0,0,1,0,0,1,0,0,1,0,0,1,0,0,1,0,7,A,7,7,A,7,5.6,A,7,5.0,A,7,96,A,7,982,A,7,250,A,7,2.6,A,7,17700,B,7,1160,A,7,1.4,E,8,0.000,?,0,0.00,?,0,0,1,D,9,00,C,8
10/10/1977,03:00,0,0,0,1,0,0,1,0,0,1,0,0,1,0,0,1,0,0,1,0,0,1,0,2,A,7,2,A,7,5.6,A,7,4.4,A,7,93,A,7,982,A,7,240,A,7,2.6,A,7,17700,B,7,77777,A,7,1.4,E,8,0.000,?,0,0.00,?,0,0,1,D,9,00,C,8
10/10/1977,04:00,0,0,0,1,0,0,1,0,0,1,0,0,1,0,0,1,0,0,1,0,0,1,0,6,A,7,6,A,7,5.6,A,7,5.0,A,7,96,A,7,983,A,7,220,A,7,3.6,A,7,17700,B,7,1160,A,7,1.4,E,8,0.000,?,0,0.00,?,0,0,1,D,9,00,C,8
10/10/1977,05:00,0,0,0,1,0,0,1,0,0,1,0,0,1,0,0,1,0,0,1,0,0,1,0,2,A,7,2,A,7,5.0,A,7,4.4,A,7,96,A,7,983,A,7,220,A,7,3.6,A,7,12900,B,7,77777,A,7,1.4,E,8,0.000,?,0,0.00,?,0,0,1,D,9,00,C,8
10/10/1977,06:00,0,0,0,1,0,0,1,0,0,1,0,0,1,0,0,1,0,0,1,0,0,1,0,6,A,7,6,A,7,5.0,A,7,4.4,A,7,96,A,7,984,A,7,220,A,7,4.1,A,7,12900,B,7,980,A,7,1.4,E,8,0.000,?,0,0.00,?,0,0,1,D,9,00,C,8
10/10/1977,07:00,5,286,3,1,13,8,1,9,2,1,13,0,1,13,0,1,9,0,1,13,0,1,21,3,A,7,1,A,7,3.9,A,7,3.9,A,7,100,A,7,984,A,7,200,A,7,2.6,A,7,11300,B,7,77777,A,7,1.3,E,8,0.000,F,8,0.00,?,0,0,1,D,9,00,C,8
10/10/1977,08:00,172,1371,78,1,13,338,1,9,34,1,13,78,1,13,210,1,9,51,1,13,60,1,21,0,A,7,0,A,7,4.4,A,7,3.9,A,7,96,A,7,984,A,7,200,A,7,5.2,A,7,11300,B,7,77777,A,7,1.3,E,8,0.000,F,8,0.00,?,0,0,1,D,9,00,C,8
10/10/1977,09:00,408,1371,248,1,9,627,1,9,58,1,13,258,1,9,558,1,9,91,1,13,112,1,18,1,A,7,0,A,7,7.2,A,7,5.0,A,7,86,A,7,985,A,7,210,A,7,3.1,A,7,11300,B,7,77777,A,7,1.4,E,8,0.000,F,8,0.00,?,0,0,1,D,9,00,C,8
10/10/1977,10:00,610,1371,415,1,9,748,1,9,77,1,13,429,1,9,722,1,9,107,1,13,160,1,18,1,A,7,0,A,7,10.0,A,7,6.1,A,7,77,A,7,984,A,7,200,A,7,4.6,A,7,11300,B,7,77777,A,7,1.5,E,8,0.000,F,8,0.00,?,0,0,1,D,9,00,C,8
10/10/1977,11:00,764,1371,453,1,13,415,1,13,219,1,13,471,1,13,421,1,13,236,1,13,498,1,23,6,A,7,3,A,7,12.8,A,7,6.7,A,7,67,A,7,984,A,7,230,A,7,6.2,A,7,11300,B,7,77777,A,7,1.6,E,8,0.000,F,8,0.00,?,0,0,1,D,9,00,C,8
10/10/1977,12:00,858,1371,488,1,13,479,1,13,184,1,13,524,1,13,494,1,13,214,1,13,446,1,23,6,A,7,3,A,7,13.9,A,7,6.7,A,7,62,A,7,984,A,7,210,A,7,8.2,A,7,16100,B,7,77777,A,7,1.6,E,8,0.000,F,8,0.00,?,0,0,1,D,9,00,C,8
10/10/1977,13:00,886,1371,376,1,13,177,1,13,260,1,13,413,1,13,187,1,13,291,1,13,738,1,23,8,A,7,6,A,7,14.4,A,7,6.7,A,7,60,A,7,984,A,7,220,A,7,6.7,A,7,17700,B,7,2440,A,7,1.6,E,8,0.000,F,8,0.00,?,0,0,1,D,9,00,C,8
10/10/1977,14:00,847,1371,324,1,13,114,1,13,252,1,13,355,1,13,120,1,13,280,1,13,693,1,23,6,A,7,6,A,7,15.0,A,7,7.2,A,7,60,A,7,983,A,7,210,A,7,7.2,A,7,17700,B,7,4570,A,7,1.6,E,8,0.000,F,8,0.00,?,0,0,1,D,9,00,C,8
10/10/1977,15:00,742,1371,534,1,9,781,1,9,105,1,13,548,1,9,768,1,9,131,1,13,220,1,18,4,A,7,0,A,7,15.6,A,7,6.7,A,7,56,A,7,982,A,7,210,A,7,5.2,A,7,17700,B,7,77777,A,7,1.6,E,8,0.000,F,8,0.00,?,0,0,1,D,9,00,C,8
10/10/1977,16:00,580,1371,351,1,9,492,1,9,140,1,13,367,1,9,478,1,9,165,1,13,278,1,18,8,A,7,2,A,7,15.6,A,7,6.7,A,7,56,A,7,982,A,7,190,A,7,6.2,A,7,20900,B,7,77777,A,7,1.6,E,8,0.000,F,8,0.00,?,0,0,1,D,9,00,C,8
10/10/1977,17:00,370,1371,136,1,13,120,1,13,103,1,13,148,1,13,106,1,13,119,1,13,227,1,23,10,A,7,7,A,7,15.0,A,7,6.1,A,7,56,A,7,982,A,7,180,A,7,4.6,A,7,20900,B,7,7620,A,7,1.5,E,8,0.000,F,8,0.00,?,0,0,1,D,9,00,C,8
10/10/1977,18:00,131,1371,44,1,13,43,1,13,40,1,13,48,1,13,23,1,13,45,1,13,83,1,23,10,A,7,5,A,7,13.3,A,7,6.1,A,7,62,A,7,981,A,7,180,A,7,5.2,A,7,20900,B,7,77777,A,7,1.5,E,8,0.000,F,8,0.00,?,0,0,1,D,9,00,C,8
10/10/1977,19:00,0,57,2,1,13,0,1,13,1,1,13,0,1,13,0,1,13,0,1,13,0,1,23,10,A,7,4,A,7,12.8,A,7,6.7,A,7,67,A,7,981,A,7,170,A,7,6.2,A,7,20900,B,7,77777,A,7,1.6,E,8,0.000,F,8,0.00,?,0,0,1,D,9,00,C,8
10/10/1977,20:00,0,0,0,1,0,0,1,0,0,1,0,0,1,0,0,1,0,0,1,0,0,1,0,10,A,7,8,A,7,12.2,A,7,6.1,A,7,67,A,7,981,A,7,170,A,7,5.2,A,7,20900,B,7,7620,A,7,1.5,E,8,0.000,?,0,0.00,?,0,0,1,D,9,00,C,8
10/10/1977,21:00,0,0,0,1,0,0,1,0,0,1,0,0,1,0,0,1,0,0,1,0,0,1,0,10,A,7,10,A,7,12.2,A,7,6.7,A,7,69,A,7,981,A,7,180,A,7,5.7,A,7,20900,B,7,2440,A,7,1.6,E,8,0.000,?,0,0.00,?,0,0,1,D,9,00,C,8
10/10/1977,22:00,0,0,0,1,0,0,1,0,0,1,0,0,1,0,0,1,0,0,1,0,0,1,0,10,A,7,10,A,7,12.2,A,7,6.7,A,7,69,A,7,982,A,7,190,A,7,3.6,A,7,20900,B,7,2440,A,7,1.6,E,8,0.000,?,0,0.00,?,0,0,1,D,9,00,C,8
10/10/1977,23:00,0,0,0,1,0,0,1,0,0,1,0,0,1,0,0,1,0,0,1,0,0,1,0,10,A,7,10,A,7,11.7,A,7,7.2,A,7,74,A,7,981,A,7,180,A,7,5.2,A,7,17700,B,7,2440,A,7,1.6,E,8,0.000,?,0,0.00,?,0,0,1,D,9,00,C,8
10/10/1977,24:00,0,0,0,1,0,0,1,0,0,1,0,0,1,0,0,1,0,0,1,0,0,1,0,10,A,7,10,A,7,11.7,A,7,7.2,A,7,74,A,7,981,A,7,180,A,7,5.7,A,7,14500,B,7,2440,A,7,1.6,E,8,0.000,?,0,0.00,?,0,0,1,D,9,61,C,8
10/11/1977,01:00,0,0,0,1,0,0,1,0,0,1,0,0,1,0,0,1,0,0,1,0,0,1,0,10,A,7,10,A,7,11.7,A,7,7.2,A,7,74,A,7,980,A,7,200,A,7,7.2,A,7,14500,B,7,2440,A,7,1.6,E,8,0.000,?,0,0.00,?,0,3,1,D,9,61,C,8
10/11/1977,02:00,0,0,0,1,0,0,1,0,0,1,0,0,1,0,0,1,0,0,1,0,0,1,0,10,A,7,10,A,7,10.6,A,7,8.3,A,7,86,A,7,979,A,7,180,A,7,6.7,A,7,11300,B,7,2440,A,7,1.7,E,8,0.000,?,0,0.00,?,0,0,1,D,9,61,C,8
10/11/1977,03:00,0,0,0,1,0,0,1,0,0,1,0,0,1,0,0,1,0,0,1,0,0,1,0,10,A,7,10,A,7,10.6,A,7,8.9,A,7,90,A,7,978,A,7,160,A,7,6.2,A,7,11300,B,7,2440,A,7,1.8,E,8,0.000,?,0,0.00,?,0,0,1,D,9,61,C,8
10/11/1977,04:00,0,0,0,1,0,0,1,0,0,1,0,0,1,0,0,1,0,0,1,0,0,1,0,10,A,7,10,A,7,10.6,A,7,8.9,A,7,90,A,7,977,A,7,180,A,7,5.7,A,7,11300,B,7,2130,A,7,1.8,E,8,0.000,?,0,0.00,?,0,0,1,D,9,61,C,8
10/11/1977,05:00,0,0,0,1,0,0,1,0,0,1,0,0,1,0,0,1,0,0,1,0,0,1,0,10,A,7,10,A,7,10.6,A,7,8.9,A,7,90,A,7,977,A,7,180,A,7,7.2,A,7,11300,B,7,2130,A,7,1.8,E,8,0.000,?,0,0.00,?,0,0,1,D,9,61,C,8
10/11/1977,06:00,0,0,0,1,0,0,1,0,0,1,0,0,1,0,0,1,0,0,1,0,0,1,0,10,A,7,10,A,7,10.6,A,7,8.9,A,7,90,A,7,976,A,7,190,A,7,6.7,A,7,11300,B,7,2740,A,7,1.8,E,8,0.000,?,0,0.00,?,0,2,1,D,9,00,C,8
10/11/1977,07:00,4,263,0,1,13,0,1,9,0,1,13,0,1,13,0,1,9,0,1,13,0,1,21,10,A,7,10,A,7,9.4,A,7,8.9,A,7,96,A,7,977,A,7,280,A,7,9.3,A,7,4000,B,7,520,A,7,1.8,E,8,0.000,F,8,0.00,?,0,2,1,D,9,45,C,8
10/11/1977,08:00,167,1372,22,1,13,4,1,9,21,1,13,25,1,13,0,1,9,25,1,13,80,1,21,10,A,7,10,A,7,6.7,A,7,6.1,A,7,96,A,7,978,A,7,270,A,7,8.2,A,7,8000,B,7,640,A,7,1.5,E,8,0.000,F,8,0.00,?,0,2,1,D,9,45,C,8
10/11/1977,09:00,402,1372,79,1,9,1,1,9,79,1,13,91,1,9,1,1,9,91,1,13,310,1,18,10,A,7,10,A,7,6.1,A,7,5.6,A,7,96,A,7,978,A,7,250,A,7,4.1,A,7,9700,B,7,980,A,7,1.5,E,8,0.000,F,8,0.00,?,0,2,1,D,9,45,C,8
10/11/1977,10:00,605,1372,85,1,9,7,1,9,82,1,13,102,1,9,4,1,9,100,1,13,373,1,18,10,A,7,10,A,7,5.0,A,7,4.4,A,7,96,A,7,978,A,7,250,A,7,8.2,A,7,9700,B,7,490,A,7,1.4,E,8,0.000,F,8,0.00,?,0,3,1,D,9,45,C,8
10/11/1977,11:00,758,1372,124,1,9,4,1,9,122,1,13,149,1,9,3,1,9,147,1,13,571,1,18,10,A,7,10,A,7,5.0,A,7,3.9,A,7,93,A,7,978,A,7,230,A,7,7.2,A,7,9700,B,7,490,A,7,1.3,E,8,0.000,F,8,0.00,?,0,10,1,D,9,45,C,8
10/11/1977,12:00,852,1372,234,1,9,3,1,9,233,1,13,272,1,9,3,1,9,270,1,13,1003,1,18,10,A,7,10,A,7,5.0,A,7,3.9,A,7,93,A,7,978,A,7,230,A,7,4.1,A,7,11300,B,7,1370,A,7,1.3,E,8,0.000,F,8,0.00,?,0,10,1,D,9,00,C,8
10/11/1977,13:00,880,1372,251,1,9,6,1,9,247,1,13,290,1,9,5,1,9,287,1,13,1065,1,18,10,A,7,10,A,7,5.6,A,7,3.9,A,7,89,A,7,977,A,7,210,A,7,7.2,A,7,12900,B,7,760,A,7,1.3,E,8,0.000,F,8,0.00,?,0,0,1,D,9,00,C,8
10/11/1977,14:00,840,1372,257,1,9,81,1,9,206,1,13,282,1,9,81,1,9,232,1,13,706,1,18,9,A,7,9,A,7,6.7,A,7,3.3,A,7,80,A,7,977,A,7,250,A,7,8.8,A,7,17700,B,7,980,A,7,1.3,E,8,0.000,F,8,0.00,?,0,0,1,D,9,00,C,8
10/11/1977,15:00,735,1372,275,1,9,7,1,9,271,1,13,308,1,9,7,1,9,304,1,13,1002,1,18,10,A,7,10,A,7,7.8,A,7,1.1,A,7,63,A,7,977,A,7,250,A,7,9.3,A,7,17700,B,7,1220,A,7,1.1,E,8,0.000,F,8,0.00,?,0,0,1,D,9,00,C,8
10/11/1977,16:00,572,1372,302,1,13,346,1,13,154,1,13,320,1,13,346,1,13,175,1,13,323,1,23,6,A,7,6,A,7,7.8,A,7,1.1,A,7,63,A,7,977,A,7,230,A,7,9.3,A,7,20900,B,7,1220,A,7,1.1,E,8,0.000,F,8,0.00,?,0,0,1,D,9,00,C,8
10/11/1977,17:00,363,1372,111,1,9,2,1,9,111,1,13,123,1,9,1,1,9,123,1,13,373,1,18,10,A,7,10,A,7,7.8,A,7,0.0,A,7,58,A,7,977,A,7,240,A,7,9.8,A,7,20900,B,7,1220,A,7,1.1,E,8,0.000,F,8,0.00,?,0,0,1,D,9,00,C,8
10/11/1977,18:00,124,1372,19,1,13,0,1,9,19,1,13,22,1,13,0,1,9,22,1,13,69,1,21,10,A,7,10,A,7,7.8,A,7,-0.6,A,7,56,A,7,977,A,7,230,A,7,10.3,A,7,20900,B,7,980,A,7,1.0,E,8,0.000,F,8,0.00,?,0,0,1,D,9,00,C,8
10/11/1977,19:00,0,34,0,1,0,0,1,0,0,1,0,0,1,1,0,1,2,0,1,2,0,1,1,10,A,7,10,A,7,7.2,A,7,0.6,A,7,63,A,7,977,A,7,210,A,7,10.3,A,7,20900,B,7,1160,A,7,1.1,E,8,0.000,?,0,0.00,?,0,0,1,D,9,00,C,8
10/11/1977,20:00,0,0,0,1,0,0,1,0,0,1,0,0,1,0,0,1,0,0,1,0,0,1,0,10,A,7,10,A,7,6.7,A,7,1.1,A,7,68,A,7,977,A,7,220,A,7,9.8,A,7,20900,B,7,980,A,7,1.1,E,8,0.000,?,0,0.00,?,0,0,1,D,9,00,C,8
10/11/1977,21:00,0,0,0,1,0,0,1,0,0,1,0,0,1,0,0,1,0,0,1,0,0,1,0,10,A,7,10,A,7,6.7,A,7,2.8,A,7,76,A,7,977,A,7,220,A,7,9.3,A,7,16100,B,7,1160,A,7,1.2,E,8,0.000,?,0,0.00,?,0,0,1,D,9,80,C,8
10/11/1977,22:00,0,0,0,1,0,0,1,0,0,1,0,0,1,0,0,1,0,0,1,0,0,1,0,10,A,7,10,A,7,4.4,A,7,3.9,A,7,96,A,7,979,A,7,260,A,7,8.8,A,7,6400,B,7,310,A,7,1.3,E,8,0.000,?,0,0.00,?,0,0,1,D,9,80,C,8
10/11/1977,23:00,0,0,0,1,0,0,1,0,0,1,0,0,1,0,0,1,0,0,1,0,0,1,0,10,A,7,10,A,7,5.0,A,7,4.4,A,7,96,A,7,978,A,7,240,A,7,7.7,A,7,11300,B,7,1160,A,7,1.4,E,8,0.000,?,0,0.00,?,0,0,1,D,9,00,C,8
10/11/1977,24:00,0,0,0,1,0,0,1,0,0,1,0,0,1,0,0,1,0,0,1,0,0,1,0,10,A,7,10,A,7,4.4,A,7,3.9,A,7,96,A,7,979,A,7,250,A,7,8.2,A,7,11300,B,7,1220,A,7,1.3,E,8,0.000,?,0,0.00,?,0,8,1,D,9,45,C,8
10/12/1977,01:00,0,0,0,1,0,0,1,0,0,1,0,0,1,0,0,1,0,0,1,0,0,1,0,10,A,7,10,A,7,4.4,A,7,3.9,A,7,96,A,7,979,A,7,270,A,7,9.3,A,7,11300,B,7,1220,A,7,1.3,E,8,0.000,?,0,0.00,?,0,0,1,D,9,80,C,8
10/12/1977,02:00,0,0,0,1,0,0,1,0,0,1,0,0,1,0,0,1,0,0,1,0,0,1,0,10,A,7,10,A,7,5.0,A,7,2.8,A,7,86,A,7,979,A,7,260,A,7,7.7,A,7,14500,B,7,1520,A,7,1.2,E,8,0.000,?,0,0.00,?,0,0,1,D,9,00,C,8
10/12/1977,03:00,0,0,0,1,0,0,1,0,0,1,0,0,1,0,0,1,0,0,1,0,0,1,0,10,A,7,10,A,7,4.4,A,7,2.2,A,7,86,A,7,979,A,7,240,A,7,5.7,A,7,17700,B,7,3050,A,7,1.2,E,8,0.000,?,0,0.00,?,0,0,1,D,9,00,C,8
10/12/1977,04:00,0,0,0,1,0,0,1,0,0,1,0,0,1,0,0,1,0,0,1,0,0,1,0,10,A,7,10,A,7,4.4,A,7,2.2,A,7,86,A,7,979,A,7,250,A,7,6.7,A,7,17700,B,7,1220,A,7,1.2,E,8,0.000,?,0,0.00,?,0,0,1,D,9,00,C,8
10/12/1977,05:00,0,0,0,1,0,0,1,0,0,1,0,0,1,0,0,1,0,0,1,0,0,1,0,6,A,7,6,A,7,3.9,A,7,2.2,A,7,89,A,7,980,A,7,240,A,7,6.2,A,7,17700,B,7,980,A,7,1.2,E,8,0.000,?,0,0.00,?,0,0,1,D,9,00,C,8
10/12/1977,06:00,0,0,0,1,0,0,1,0,0,1,0,0,1,0,0,1,0,0,1,0,0,1,0,7,A,7,7,A,7,4.4,A,7,2.8,A,7,89,A,7,981,A,7,270,A,7,5.7,A,7,17700,B,7,700,A,7,1.2,E,8,0.000,?,0,0.00,?,0,0,1,D,9,00,C,8
10/12/1977,07:00,3,240,2,1,13,1,1,13,2,1,13,0,1,13,0,1,13,0,1,13,0,1,23,6,A,7,6,A,7,3.9,A,7,2.8,A,7,93,A,7,981,A,7,270,A,7,6.2,A,7,14500,B,7,1370,A,7,1.3,E,8,0.000,F,8,0.00,?,0,0,1,D,9,00,C,8
10/12/1977,08:00,162,1373,34,1,13,7,1,9,33,1,13,38,1,13,0,1,9,38,1,13,115,1,21,9,A,7,9,A,7,4.4,A,7,3.3,A,7,93,A,7,982,A,7,260,A,7,5.7,A,7,17700,B,7,850,A,7,1.3,E,8,0.000,F,8,0.00,?,0,0,1,D,9,00,C,8
10/12/1977,09:00,397,1373,72,1,9,2,1,9,71,1,13,83,1,9,1,1,9,83,1,13,283,1,18,10,A,7,10,A,7,5.6,A,7,3.3,A,7,86,A,7,983,A,7,280,A,7,7.2,A,7,17700,B,7,490,A,7,1.3,E,8,0.000,F,8,0.00,?,0,0,1,D,9,00,C,8
10/12/1977,10:00,599,1373,129,1,9,1,1,9,129,1,13,150,1,9,1,1,9,150,1,13,538,1,18,10,A,7,10,A,7,6.7,A,7,3.3,A,7,80,A,7,984,A,7,290,A,7,6.2,A,7,20900,B,7,760,A,7,1.3,E,8,0.000,F,8,0.00,?,0,0,1,D,9,00,C,8
10/12/1977,11:00,752,1373,231,1,9,2,1,9,229,1,13,262,1,9,2,1,9,261,1,13,920,1,18,10,A,7,10,A,7,7.8,A,7,3.3,A,7,74,A,7,984,A,7,290,A,7,6.2,A,7,20900,B,7,760,A,7,1.3,E,8,0.000,F,8,0.00,?,0,0,1,D,9,00,C,8
10/12/1977,12:00,846,1373,268,1,9,7,1,9,264,1,13,307,1,9,6,1,9,303,1,13,1088,1,18,10,A,7,10,A,7,8.9,A,7,3.9,A,7,71,A,7,985,A,7,280,A,7,7.7,A,7,20900,B,7,980,A,7,1.3,E,8,0.000,F,8,0.00,?,0,0,1,D,9,00,C,8
10/12/1977,13:00,874,1373,507,1,9,350,1,9,282,1,13,543,1,9,374,1,9,304,1,13,743,1,18,9,A,7,9,A,7,8.3,A,7,3.9,A,7,74,A,7,986,A,7,280,A,7,7.2,A,7,20900,B,7,980,A,7,1.3,E,8,0.000,F,8,0.00,?,0,0,1,D,9,00,C,8
10/12/1977,14:00,834,1373,208,1,9,2,1,9,206,1,13,241,1,9,2,1,9,240,1,13,906,1,18,10,A,7,10,A,7,8.3,A,7,3.3,A,7,71,A,7,986,A,7,280,A,7,7.7,A,7,20900,B,7,640,A,7,1.3,E,8,0.000,F,8,0.00,?,0,0,1,D,9,00,C,8
10/12/1977,15:00,728,1373,181,1,9,9,1,9,176,1,13,209,1,9,7,1,9,206,1,13,751,1,18,9,A,7,9,A,7,8.9,A,7,3.3,A,7,68,A,7,987,A,7,280,A,7,7.2,A,7,20900,B,7,760,A,7,1.3,E,8,0.000,F,8,0.00,?,0,0,1,D,9,00,C,8
10/12/1977,16:00,565,1373,162,1,9,53,1,9,140,1,13,178,1,9,51,1,9,157,1,13,410,1,18,9,A,7,9,A,7,7.8,A,7,2.2,A,7,68,A,7,987,A,7,270,A,7,7.2,A,7,20900,B,7,760,A,7,1.2,E,8,0.000,F,8,0.00,?,0,0,1,D,9,00,C,8
10/12/1977,17:00,356,1373,164,1,13,222,1,13,105,1,13,171,1,13,189,1,13,122,1,13,209,1,23,7,A,7,7,A,7,8.3,A,7,2.8,A,7,68,A,7,988,A,7,290,A,7,6.7,A,7,20900,B,7,1160,A,7,1.3,E,8,0.000,F,8,0.00,?,0,0,1,D,9,00,C,8
10/12/1977,18:00,117,1361,11,1,13,2,1,9,11,1,13,13,1,13,0,1,9,13,1,13,43,1,21,10,A,7,10,A,7,7.2,A,7,2.2,A,7,71,A,7,989,A,7,290,A,7,6.2,A,7,20900,B,7,1160,A,7,1.2,E,8,0.000,F,8,0.00,?,0,0,1,D,9,00,C,8
10/12/1977,19:00,0,0,0,1,0,0,1,0,0,1,0,0,1,0,0,1,0,0,1,0,0,1,0,10,A,7,10,A,7,6.7,A,7,2.8,A,7,76,A,7,990,A,7,290,A,7,3.6,A,7,20900,B,7,1160,A,7,1.3,E,8,0.000,?,0,0.00,?,0,0,1,D,9,00,C,8
10/12/1977,20:00,0,0,0,1,0,0,1,0,0,1,0,0,1,0,0,1,0,0,1,0,0,1,0,10,A,7,10,A,7,6.1,A,7,2.2,A,7,76,A,7,991,A,7,280,A,7,4.1,A,7,20900,B,7,1160,A,7,1.2,E,8,0.000,?,0,0.00,?,0,0,1,D,9,00,C,8
10/12/1977,21:00,0,0,0,1,0,0,1,0,0,1,0,0,1,0,0,1,0,0,1,0,0,1,0,10,A,7,10,A,7,6.1,A,7,2.2,A,7,76,A,7,992,A,7,310,A,7,2.1,A,7,20900,B,7,980,A,7,1.2,E,8,0.000,?,0,0.00,?,0,0,1,D,9,00,C,8
10/12/1977,22:00,0,0,0,1,0,0,1,0,0,1,0,0,1,0,0,1,0,0,1,0,0,1,0,10,A,7,10,A,7,5.6,A,7,2.8,A,7,83,A,7,992,A,7,300,A,7,2.1,A,7,20900,B,7,980,A,7,1.3,E,8,0.000,?,0,0.00,?,0,0,1,D,9,00,C,8
10/12/1977,23:00,0,0,0,1,0,0,1,0,0,1,0,0,1,0,0,1,0,0,1,0,0,1,0,10,A,7,10,A,7,5.6,A,7,2.2,A,7,79,A,7,993,A,7,340,A,7,2.1,A,7,20900,B,7,980,A,7,1.2,E,8,0.000,?,0,0.00,?,0,0,1,D,9,00,C,8
10/12/1977,24:00,0,0,0,1,0,0,1,0,0,1,0,0,1,0,0,1,0,0,1,0,0,1,0,5,A,7,5,A,7,3.9,A,7,0.0,A,7,76,A,7,992,A,7,350,A,7,1.5,A,7,20900,B,7,77777,A,7,1.1,E,8,0.000,?,0,0.00,?,0,0,1,D,9,00,C,8
10/13/1977,01:00,0,0,0,1,0,0,1,0,0,1,0,0,1,0,0,1,0,0,1,0,0,1,0,8,A,7,8,A,7,3.3,A,7,1.1,A,7,86,A,7,992,A,7,0,A,7,0.0,A,7,17700,B,7,980,A,7,1.1,E,8,0.000,?,0,0.00,?,0,0,1,D,9,00,C,8
10/13/1977,02:00,0,0,0,1,0,0,1,0,0,1,0,0,1,0,0,1,0,0,1,0,0,1,0,2,A,7,2,A,7,0.0,A,7,0.0,A,7,100,A,7,993,A,7,0,A,7,0.0,A,7,17700,B,7,77777,A,7,1.1,E,8,0.000,?,0,0.00,?,0,0,1,D,9,00,C,8
10/13/1977,03:00,0,0,0,1,0,0,1,0,0,1,0,0,1,0,0,1,0,0,1,0,0,1,0,0,A,7,0,A,7,-1.1,A,7,-1.1,A,7,100,A,7,993,A,7,0,A,7,0.0,A,7,17700,B,7,77777,A,7,1.0,E,8,0.000,?,0,0.00,?,0,0,1,D,9,00,C,8
10/13/1977,04:00,0,0,0,1,0,0,1,0,0,1,0,0,1,0,0,1,0,0,1,0,0,1,0,0,A,7,0,A,7,-1.7,A,7,-1.7,A,7,100,A,7,993,A,7,0,A,7,0.0,A,7,17700,B,7,77777,A,7,1.0,E,8,0.000,?,0,0.00,?,0,0,1,D,9,00,C,8
10/13/1977,05:00,0,0,0,1,0,0,1,0,0,1,0,0,1,0,0,1,0,0,1,0,0,1,0,0,A,7,0,A,7,-2.2,A,7,-2.2,A,7,100,A,7,993,A,7,0,A,7,0.0,A,7,17700,B,7,77777,A,7,0.9,E,8,0.000,?,0,0.00,?,0,0,1,D,9,00,C,8
10/13/1977,06:00,0,0,0,1,0,0,1,0,0,1,0,0,1,0,0,1,0,0,1,0,0,1,0,0,A,7,0,A,7,-2.8,A,7,-2.8,A,7,100,A,7,993,A,7,0,A,7,0.0,A,7,17700,B,7,77777,A,7,0.9,E,8,0.000,?,0,0.00,?,0,0,1,D,9,00,C,8
10/13/1977,07:00,3,217,4,1,13,13,1,9,2,1,13,0,1,13,0,1,9,0,1,13,0,1,21,0,A,7,0,A,7,-2.8,A,7,-2.8,A,7,100,A,7,994,A,7,0,A,7,0.0,A,7,17700,B,7,77777,A,7,0.9,E,8,0.000,F,8,0.00,?,0,0,1,D,9,00,C,8
10/13/1977,08:00,157,1373,73,1,13,364,1,9,29,1,13,72,1,13,218,1,9,47,1,13,52,1,21,0,A,7,0,A,7,-0.6,A,7,-0.6,A,7,100,A,7,994,A,7,0,A,7,0.0,A,7,16100,B,7,77777,A,7,1.0,E,8,0.000,F,8,0.00,?,0,0,1,D,9,00,C,8
10/13/1977,09:00,392,1373,241,1,9,655,1,9,50,1,13,246,1,9,579,1,9,80,1,13,101,1,18,0,A,7,0,A,7,4.4,A,7,2.2,A,7,86,A,7,995,A,7,0,A,7,0.0,A,7,20900,B,7,77777,A,7,1.2,E,8,0.000,F,8,0.00,?,0,0,1,D,9,00,C,8
10/13/1977,10:00,593,1373,415,1,9,794,1,9,66,1,13,434,1,9,768,1,9,101,1,13,143,1,18,0,A,7,0,A,7,6.7,A,7,1.1,A,7,68,A,7,995,A,7,0,A,7,0.0,A,7,20900,B,7,77777,A,7,1.1,E,8,0.000,F,8,0.00,?,0,0,1,D,9,00,C,8
10/13/1977,11:00,746,1373,550,1,9,856,1,9,78,1,13,568,1,9,840,1,9,110,1,13,169,1,18,0,A,7,0,A,7,8.3,A,7,1.1,A,7,61,A,7,995,A,7,70,A,7,2.1,A,7,20900,B,7,77777,A,7,1.1,E,8,0.000,F,8,0.00,?,0,0,1,D,9,00,C,8
10/13/1977,12:00,840,1373,580,1,9,746,1,9,117,1,13,598,1,9,741,1,9,143,1,13,265,1,18,1,A,7,1,A,7,8.9,A,7,1.1,A,7,59,A,7,995,A,7,0,A,7,0.0,A,7,20900,B,7,77777,A,7,1.2,E,8,0.000,F,8,0.00,?,0,0,1,D,9,00,C,8
10/13/1977,13:00,867,1373,613,1,9,763,1,9,125,1,13,631,1,9,759,1,9,151,1,13,287,1,18,1,A,7,1,A,7,9.4,A,7,1.1,A,7,56,A,7,994,A,7,0,A,7,0.0,A,7,20900,B,7,77777,A,7,1.1,E,8,0.000,F,8,0.00,?,0,0,1,D,9,00,C,8
10/13/1977,14:00,827,1373,581,1,9,815,1,9,83,1,13,599,1,9,806,1,9,113,1,13,190,1,18,1,A,7,1,A,7,10.6,A,7,2.2,A,7,57,A,7,993,A,7,0,A,7,0.0,A,7,20900,B,7,77777,A,7,1.2,E,8,0.000,F,8,0.00,?,0,0,1,D,9,00,C,8
10/13/1977,15:00,721,1373,523,1,9,837,1,9,76,1,13,540,1,9,819,1,9,108,1,13,164,1,18,0,A,7,0,A,7,10.6,A,7,2.2,A,7,57,A,7,992,A,7,110,A,7,2.1,A,7,20900,B,7,77777,A,7,1.2,E,8,0.000,F,8,0.00,?,0,0,1,D,9,00,C,8
10/13/1977,16:00,558,1373,384,1,9,774,1,9,63,1,13,400,1,9,741,1,9,97,1,13,135,1,18,0,A,7,0,A,7,11.7,A,7,1.1,A,7,49,A,7,991,A,7,280,A,7,2.1,A,7,20900,B,7,77777,A,7,1.2,E,8,0.000,F,8,0.00,?,0,0,1,D,9,00,C,8
10/13/1977,17:00,349,1373,210,1,9,627,1,9,46,1,13,212,1,9,536,1,9,75,1,13,91,1,18,0,A,7,0,A,7,10.6,A,7,1.1,A,7,52,A,7,991,A,7,0,A,7,0.0,A,7,20900,B,7,77777,A,7,1.1,E,8,0.000,F,8,0.00,?,0,0,1,D,9,00,C,8
10/13/1977,18:00,110,1316,51,1,13,275,1,9,24,1,13,49,1,13,144,1,9,36,1,13,43,1,21,0,A,7,0,A,7,9.4,A,7,1.1,A,7,56,A,7,991,A,7,0,A,7,0.0,A,7,16100,B,7,77777,A,7,1.1,E,8,0.000,F,8,0.00,?,0,0,1,D,9,00,C,8
10/13/1977,19:00,0,0,0,1,0,0,1,0,0,1,0,0,1,0,0,1,0,0,1,0,0,1,0,0,A,7,0,A,7,3.9,A,7,2.8,A,7,93,A,7,991,A,7,0,A,7,0.0,A,7,11300,B,7,77777,A,7,1.3,E,8,0.000,?,0,0.00,?,0,0,1,D,9,00,C,8
10/13/1977,20:00,0,0,0,1,0,0,1,0,0,1,0,0,1,0,0,1,0,0,1,0,0,1,0,0,A,7,0,A,7,2.8,A,7,2.2,A,7,96,A,7,991,A,7,0,A,7,0.0,A,7,11300,B,7,77777,A,7,1.2,E,8,0.000,?,0,0.00,?,0,0,1,D,9,00,C,8
10/13/1977,21:00,0,0,0,1,0,0,1,0,0,1,0,0,1,0,0,1,0,0,1,0,0,1,0,0,A,7,0,A,7,0.6,A,7,0.6,A,7,100,A,7,991,A,7,0,A,7,0.0,A,7,11300,B,7,77777,A,7,1.1,E,8,0.000,?,0,0.00,?,0,0,1,D,9,00,C,8
10/13/1977,22:00,0,0,0,1,0,0,1,0,0,1,0,0,1,0,0,1,0,0,1,0,0,1,0,0,A,7,0,A,7,1.7,A,7,1.1,A,7,96,A,7,991,A,7,0,A,7,0.0,A,7,11300,B,7,77777,A,7,1.1,E,8,0.000,?,0,0.00,?,0,0,1,D,9,00,C,8
10/13/1977,23:00,0,0,0,1,0,0,1,0,0,1,0,0,1,0,0,1,0,0,1,0,0,1,0,0,A,7,0,A,7,3.3,A,7,2.2,A,7,93,A,7,991,A,7,110,A,7,3.6,A,7,11300,B,7,77777,A,7,1.2,E,8,0.000,?,0,0.00,?,0,0,1,D,9,00,C,8
10/13/1977,24:00,0,0,0,1,0,0,1,0,0,1,0,0,1,0,0,1,0,0,1,0,0,1,0,0,A,7,0,A,7,2.2,A,7,0.6,A,7,89,A,7,990,A,7,100,A,7,1.5,A,7,17700,B,7,77777,A,7,1.1,E,8,0.000,?,0,0.00,?,0,0,1,D,9,00,C,8
10/14/1977,01:00,0,0,0,1,0,0,1,0,0,1,0,0,1,0,0,1,0,0,1,0,0,1,0,0,A,7,0,A,7,2.2,A,7,0.6,A,7,89,A,7,990,A,7,120,A,7,2.1,A,7,17700,B,7,77777,A,7,1.1,E,8,0.000,?,0,0.00,?,0,0,1,D,9,00,C,8
10/14/1977,02:00,0,0,0,1,0,0,1,0,0,1,0,0,1,0,0,1,0,0,1,0,0,1,0,0,A,7,0,A,7,1.1,A,7,-0.6,A,7,89,A,7,990,A,7,140,A,7,2.6,A,7,17700,B,7,77777,A,7,1.0,E,8,0.000,?,0,0.00,?,0,0,1,D,9,00,C,8
10/14/1977,03:00,0,0,0,1,0,0,1,0,0,1,0,0,1,0,0,1,0,0,1,0,0,1,0,0,A,7,0,A,7,0.6,A,7,-0.6,A,7,92,A,7,989,A,7,120,A,7,1.5,A,7,17700,B,7,77777,A,7,1.0,E,8,0.000,?,0,0.00,?,0,0,1,D,9,00,C,8
10/14/1977,04:00,0,0,0,1,0,0,1,0,0,1,0,0,1,0,0,1,0,0,1,0,0,1,0,0,A,7,0,A,7,-0.6,A,7,-1.7,A,7,92,A,7,989,A,7,0,A,7,0.0,A,7,17700,B,7,77777,A,7,1.0,E,8,0.000,?,0,0.00,?,0,0,1,D,9,00,C,8
10/14/1977,05:00,0,0,0,1,0,0,1,0,0,1,0,0,1,0,0,1,0,0,1,0,0,1,0,0,A,7,0,A,7,0.0,A,7,-1.1,A,7,92,A,7,989,A,7,200,A,7,1.5,A,7,17700,B,7,77777,A,7,1.0,E,8,0.000,?,0,0.00,?,0,0,1,D,9,00,C,8
10/14/1977,06:00,0,0,0,1,0,0,1,0,0,1,0,0,1,0,0,1,0,0,1,0,0,1,0,0,A,7,0,A,7,-0.6,A,7,-1.1,A,7,96,A,7,989,A,7,0,A,7,0.0,A,7,17700,B,7,77777,A,7,1.0,E,8,0.000,?,0,0.00,?,0,0,1,D,9,00,C,8
10/14/1977,07:00,2,195,2,1,13,1,1,9,2,1,13,0,1,13,0,1,9,0,1,13,0,1,21,0,A,7,0,A,7,0.6,A,7,0.0,A,7,96,A,7,989,A,7,190,A,7,2.1,A,7,11300,B,7,77777,A,7,1.1,E,8,0.000,F,8,0.00,?,0,0,1,D,9,00,C,8
10/14/1977,08:00,152,1374,61,1,13,212,1,9,36,1,13,62,1,13,116,1,9,49,1,13,65,1,21,0,A,7,0,A,7,2.2,A,7,1.1,A,7,92,A,7,989,A,7,190,A,7,1.5,A,7,12900,B,7,77777,A,7,1.1,E,8,0.000,F,8,0.00,?,0,0,1,D,9,00,C,8
10/14/1977,09:00,386,1374,220,1,9,528,1,9,68,1,13,224,1,9,457,1,9,95,1,13,127,1,18,0,A,7,0,A,7,6.7,A,7,3.3,A,7,80,A,7,989,A,7,190,A,7,3.6,A,7,16100,B,7,77777,A,7,1.3,E,8,0.000,F,8,0.00,?,0,0,1,D,9,00,C,8
10/14/1977,10:00,588,1374,388,1,9,679,1,9,93,1,13,404,1,9,655,1,9,122,1,13,189,1,18,0,A,7,0,A,7,9.4,A,7,4.4,A,7,71,A,7,989,A,7,220,A,7,3.6,A,7,16100,B,7,77777,A,7,1.4,E,8,0.000,F,8,0.00,?,0,0,1,D,9,00,C,8
10/14/1977,11:00,740,1374,523,1,9,755,1,9,110,1,13,550,1,9,756,1,9,141,1,13,248,1,18,0,A,7,0,A,7,11.7,A,7,4.4,A,7,62,A,7,988,A,7,230,A,7,4.6,A,7,16100,B,7,77777,A,7,1.4,E,8,0.000,F,8,0.00,?,0,0,1,D,9,00,C,8
10/14/1977,12:00,833,1374,607,1,9,793,1,9,120,1,13,625,1,9,786,1,9,146,1,13,267,1,18,0,A,7,0,A,7,13.3,A,7,4.4,A,7,55,A,7,988,A,7,260,A,7,5.7,A,7,16100,B,7,77777,A,7,1.4,E,8,0.000,F,8,0.00,?,0,0,1,D,9,00,C,8
10/14/1977,13:00,861,1374,633,1,9,804,1,9,123,1,13,652,1,9,799,1,9,150,1,13,281,1,18,0,A,7,0,A,7,15.0,A,7,3.9,A,7,48,A,7,986,A,7,210,A,7,5.2,A,7,20900,B,7,77777,A,7,1.4,E,8,0.000,F,8,0.00,?,0,0,1,D,9,00,C,8
10/14/1977,14:00,820,1374,596,1,9,789,1,9,119,1,13,612,1,9,781,1,9,144,1,13,260,1,18,0,A,7,0,A,7,15.0,A,7,3.9,A,7,48,A,7,985,A,7,250,A,7,6.2,A,7,20900,B,7,77777,A,7,1.4,E,8,0.000,F,8,0.00,?,0,0,1,D,9,00,C,8
10/14/1977,15:00,715,1374,502,1,9,746,1,9,107,1,13,526,1,9,743,1,9,138,1,13,236,1,18,0,A,7,0,A,7,15.0,A,7,3.9,A,7,48,A,7,984,A,7,220,A,7,5.2,A,7,20900,B,7,77777,A,7,1.4,E,8,0.000,F,8,0.00,?,0,0,1,D,9,00,C,8
10/14/1977,16:00,551,1374,358,1,9,660,1,9,88,1,13,371,1,9,629,1,9,117,1,13,176,1,18,0,A,7,0,A,7,15.6,A,7,2.8,A,7,43,A,7,984,A,7,220,A,7,5.7,A,7,20900,B,7,77777,A,7,1.3,E,8,0.000,F,8,0.00,?,0,0,1,D,9,00,C,8
10/14/1977,17:00,342,1374,188,1,13,486,1,9,63,1,13,190,1,13,403,1,9,89,1,13,115,1,21,0,A,7,0,A,7,15.0,A,7,2.8,A,7,44,A,7,983,A,7,220,A,7,4.1,A,7,20900,B,7,77777,A,7,1.3,E,8,0.000,F,8,0.00,?,0,0,1,D,9,00,C,8
10/14/1977,18:00,104,1294,37,1,13,118,1,9,26,1,13,38,1,13,55,1,9,33,1,13,46,1,21,1,A,7,1,A,7,12.8,A,7,2.8,A,7,51,A,7,983,A,7,230,A,7,2.6,A,7,20900,B,7,77777,A,7,1.3,E,8,0.000,F,8,0.00,?,0,0,1,D,9,00,C,8
10/14/1977,19:00,0,0,0,1,0,0,1,0,0,1,0,0,1,0,0,1,0,0,1,0,0,1,0,1,A,7,1,A,7,8.3,A,7,3.9,A,7,74,A,7,983,A,7,0,A,7,0.0,A,7,16100,B,7,77777,A,7,1.3,E,8,0.000,?,0,0.00,?,0,0,1,D,9,00,C,8
10/14/1977,20:00,0,0,0,1,0,0,1,0,0,1,0,0,1,0,0,1,0,0,1,0,0,1,0,2,A,7,2,A,7,5.0,A,7,3.3,A,7,89,A,7,983,A,7,0,A,7,0.0,A,7,16100,B,7,77777,A,7,1.3,E,8,0.000,?,0,0.00,?,0,0,1,D,9,00,C,8
10/14/1977,21:00,0,0,0,1,0,0,1,0,0,1,0,0,1,0,0,1,0,0,1,0,0,1,0,2,A,7,2,A,7,5.0,A,7,3.3,A,7,89,A,7,982,A,7,0,A,7,0.0,A,7,16100,B,7,77777,A,7,1.3,E,8,0.000,?,0,0.00,?,0,0,1,D,9,00,C,8
10/14/1977,22:00,0,0,0,1,0,0,1,0,0,1,0,0,1,0,0,1,0,0,1,0,0,1,0,0,A,7,0,A,7,4.4,A,7,3.3,A,7,93,A,7,982,A,7,0,A,7,0.0,A,7,16100,B,7,77777,A,7,1.3,E,8,0.000,?,0,0.00,?,0,0,1,D,9,00,C,8
10/14/1977,23:00,0,0,0,1,0,0,1,0,0,1,0,0,1,0,0,1,0,0,1,0,0,1,0,0,A,7,0,A,7,2.8,A,7,2.2,A,7,96,A,7,981,A,7,0,A,7,0.0,A,7,16100,B,7,77777,A,7,1.2,E,8,0.000,?,0,0.00,?,0,0,1,D,9,00,C,8
10/14/1977,24:00,0,0,0,1,0,0,1,0,0,1,0,0,1,0,0,1,0,0,1,0,0,1,0,0,A,7,0,A,7,3.9,A,7,3.3,A,7,96,A,7,980,A,7,0,A,7,0.0,A,7,16100,B,7,77777,A,7,1.3,E,8,0.000,?,0,0.00,?,0,0,1,D,9,00,C,8
10/15/1977,01:00,0,0,0,1,0,0,1,0,0,1,0,0,1,0,0,1,0,0,1,0,0,1,0,6,A,7,6,A,7,4.4,A,7,2.8,A,7,89,A,7,980,A,7,0,A,7,0.0,A,7,16100,B,7,7620,A,7,1.2,E,8,0.000,?,0,0.00,?,0,0,1,D,9,00,C,8
10/15/1977,02:00,0,0,0,1,0,0,1,0,0,1,0,0,1,0,0,1,0,0,1,0,0,1,0,4,A,7,4,A,7,4.4,A,7,2.2,A,7,86,A,7,979,A,7,0,A,7,0.0,A,7,16100,B,7,77777,A,7,1.2,E,8,0.000,?,0,0.00,?,0,0,1,D,9,00,C,8
10/15/1977,03:00,0,0,0,1,0,0,1,0,0,1,0,0,1,0,0,1,0,0,1,0,0,1,0,4,A,7,4,A,7,5.0,A,7,2.2,A,7,82,A,7,978,A,7,0,A,7,0.0,A,7,16100,B,7,77777,A,7,1.2,E,8,0.000,?,0,0.00,?,0,0,1,D,9,00,C,8
10/15/1977,04:00,0,0,0,1,0,0,1,0,0,1,0,0,1,0,0,1,0,0,1,0,0,1,0,2,A,7,2,A,7,3.9,A,7,1.7,A,7,86,A,7,978,A,7,260,A,7,2.1,A,7,16100,B,7,77777,A,7,1.2,E,8,0.000,?,0,0.00,?,0,0,1,D,9,00,C,8
10/15/1977,05:00,0,0,0,1,0,0,1,0,0,1,0,0,1,0,0,1,0,0,1,0,0,1,0,5,A,7,5,A,7,5.6,A,7,3.9,A,7,89,A,7,979,A,7,290,A,7,2.6,A,7,16100,B,7,77777,A,7,1.3,E,8,0.000,?,0,0.00,?,0,0,1,D,9,00,C,8
10/15/1977,06:00,0,0,0,1,0,0,1,0,0,1,0,0,1,0,0,1,0,0,1,0,0,1,0,7,A,7,7,A,7,6.7,A,7,5.0,A,7,89,A,7,979,A,7,330,A,7,4.1,A,7,16100,B,7,1830,A,7,1.4,E,8,0.000,?,0,0.00,?,0,0,1,D,9,00,C,8
10/15/1977,07:00,1,149,2,1,13,0,1,9,2,1,13,0,1,13,0,1,9,0,1,13,0,1,21,10,A,7,10,A,7,7.2,A,7,6.1,A,7,93,A,7,979,A,7,300,A,7,4.1,A,7,11300,B,7,1830,A,7,1.5,E,8,0.000,F,8,0.00,?,0,0,1,D,9,00,C,8
10/15/1977,08:00,147,1375,40,1,13,3,1,9,40,1,13,45,1,13,0,1,9,45,1,13,127,1,21,10,A,7,10,A,7,7.8,A,7,7.2,A,7,96,A,7,979,A,7,330,A,7,4.1,A,7,6400,B,7,2130,A,7,1.6,E,8,0.000,F,8,0.00,?,0,0,1,D,9,05,C,8
10/15/1977,09:00,381,1375,98,1,9,51,1,9,84,1,13,108,1,9,45,1,9,95,1,13,229,1,18,9,A,7,9,A,7,8.3,A,7,7.8,A,7,96,A,7,979,A,7,310,A,7,2.6,A,7,11300,B,7,2130,A,7,1.7,E,8,0.000,F,8,0.00,?,0,0,1,D,9,00,C,8
10/15/1977,10:00,582,1375,153,1,9,5,1,9,151,1,13,174,1,9,4,1,9,173,1,13,595,1,18,10,A,7,10,A,7,9.4,A,7,8.3,A,7,93,A,7,980,A,7,300,A,7,5.2,A,7,11300,B,7,400,A,7,1.7,E,8,0.000,F,8,0.00,?,0,0,1,D,9,00,C,8
10/15/1977,11:00,735,1375,219,1,9,9,1,9,215,1,13,251,1,9,8,1,9,247,1,13,868,1,18,10,A,7,10,A,7,10.0,A,7,7.2,A,7,83,A,7,980,A,7,310,A,7,5.2,A,7,11300,B,7,580,A,7,1.6,E,8,0.000,F,8,0.00,?,0,0,1,D,9,00,C,8
10/15/1977,12:00,827,1375,217,1,9,2,1,9,215,1,13,251,1,9,2,1,9,250,1,13,930,1,18,10,A,7,10,A,7,10.0,A,7,7.2,A,7,83,A,7,980,A,7,320,A,7,5.2,A,7,11300,B,7,520,A,7,1.6,E,8,0.000,F,8,0.00,?,0,0,1,D,9,00,C,8
10/15/1977,13:00,854,1375,164,1,9,8,1,9,159,1,13,195,1,9,6,1,9,192,1,13,748,1,18,10,A,7,10,A,7,9.4,A,7,7.8,A,7,89,A,7,980,A,7,300,A,7,3.6,A,7,4800,B,7,490,A,7,1.7,E,8,0.000,F,8,0.00,?,0,0,1,D,9,51,C,8
10/15/1977,14:00,813,1375,230,1,9,1,1,9,230,1,13,265,1,9,1,1,9,265,1,13,967,1,18,10,A,7,10,A,7,10.0,A,7,9.4,A,7,96,A,7,980,A,7,310,A,7,3.6,A,7,11300,B,7,1070,A,7,1.8,E,8,0.000,F,8,0.00,?,0,0,1,D,9,00,C,8
10/15/1977,15:00,708,1375,221,1,9,5,1,9,218,1,13,250,1,9,4,1,9,248,1,13,856,1,18,10,A,7,10,A,7,10.6,A,7,7.2,A,7,80,A,7,980,A,7,340,A,7,7.7,A,7,11300,B,7,1010,A,7,1.6,E,8,0.000,F,8,0.00,?,0,3,1,D,9,00,C,8
10/15/1977,16:00,544,1375,186,1,9,1,1,9,186,1,13,207,1,9,1,1,9,207,1,13,651,1,18,10,A,7,9,A,7,10.6,A,7,8.3,A,7,86,A,7,980,A,7,360,A,7,5.2,A,7,11300,B,7,1010,A,7,1.7,E,8,0.000,F,8,0.00,?,0,0,1,D,9,00,C,8
10/15/1977,17:00,335,1375,48,1,13,0,1,9,48,1,13,56,1,13,0,1,9,56,1,13,194,1,21,10,A,7,10,A,7,9.4,A,7,6.7,A,7,83,A,7,981,A,7,350,A,7,6.7,A,7,9700,B,7,700,A,7,1.6,E,8,0.000,F,8,0.00,?,0,18,1,D,9,80,C,8
10/15/1977,18:00,98,1249,14,1,13,3,1,9,14,1,13,17,1,13,0,1,9,17,1,13,53,1,21,10,A,7,10,A,7,7.2,A,7,6.7,A,7,96,A,7,982,A,7,10,A,7,5.7,A,7,8000,B,7,850,A,7,1.6,E,8,0.000,F,8,0.00,?,0,13,1,D,9,45,C,8
10/15/1977,19:00,0,0,0,1,0,0,1,0,0,1,0,0,1,0,0,1,0,0,1,0,0,1,0,10,A,7,10,A,7,6.7,A,7,6.1,A,7,96,A,7,982,A,7,350,A,7,2.6,A,7,11300,B,7,850,A,7,1.5,E,8,0.000,?,0,0.00,?,0,0,1,D,9,45,C,8
10/15/1977,20:00,0,0,0,1,0,0,1,0,0,1,0,0,1,0,0,1,0,0,1,0,0,1,0,10,A,7,10,A,7,6.7,A,7,6.1,A,7,96,A,7,983,A,7,320,A,7,3.1,A,7,16100,B,7,760,A,7,1.5,E,8,0.000,?,0,0.00,?,0,0,1,D,9,61,C,8
10/15/1977,21:00,0,0,0,1,0,0,1,0,0,1,0,0,1,0,0,1,0,0,1,0,0,1,0,7,A,7,7,A,7,6.7,A,7,5.6,A,7,93,A,7,983,A,7,340,A,7,5.2,A,7,16100,B,7,980,A,7,1.5,E,8,0.000,?,0,0.00,?,0,0,1,D,9,00,C,8
10/15/1977,22:00,0,0,0,1,0,0,1,0,0,1,0,0,1,0,0,1,0,0,1,0,0,1,0,8,A,7,8,A,7,5.6,A,7,4.4,A,7,93,A,7,984,A,7,340,A,7,5.7,A,7,16100,B,7,640,A,7,1.4,E,8,0.000,?,0,0.00,?,0,0,1,D,9,00,C,8
10/15/1977,23:00,0,0,0,1,0,0,1,0,0,1,0,0,1,0,0,1,0,0,1,0,0,1,0,5,A,7,5,A,7,4.4,A,7,2.2,A,7,86,A,7,984,A,7,340,A,7,6.2,A,7,16100,B,7,77777,A,7,1.2,E,8,0.000,?,0,0.00,?,0,0,1,D,9,00,C,8
10/15/1977,24:00,0,0,0,1,0,0,1,0,0,1,0,0,1,0,0,1,0,0,1,0,0,1,0,2,A,7,2,A,7,3.9,A,7,1.7,A,7,86,A,7,984,A,7,340,A,7,5.2,A,7,20900,B,7,77777,A,7,1.2,E,8,0.000,?,0,0.00,?,0,0,1,D,9,00,C,8
10/16/1977,01:00,0,0,0,1,0,0,1,0,0,1,0,0,1,0,0,1,0,0,1,0,0,1,0,0,A,7,0,A,7,3.3,A,7,1.1,A,7,86,A,7,984,A,7,330,A,7,4.1,A,7,32200,B,7,77777,A,7,1.1,E,8,0.000,?,0,0.00,?,0,0,1,D,9,00,C,8
10/16/1977,02:00,0,0,0,1,0,0,1,0,0,1,0,0,1,0,0,1,0,0,1,0,0,1,0,0,A,7,0,A,7,2.2,A,7,0.6,A,7,89,A,7,984,A,7,320,A,7,4.1,A,7,32200,B,7,77777,A,7,1.1,E,8,0.000,?,0,0.00,?,0,0,1,D,9,00,C,8
10/16/1977,03:00,0,0,0,1,0,0,1,0,0,1,0,0,1,0,0,1,0,0,1,0,0,1,0,0,A,7,0,A,7,1.1,A,7,-0.6,A,7,89,A,7,984,A,7,330,A,7,3.6,A,7,32200,B,7,77777,A,7,1.0,E,8,0.000,?,0,0.00,?,0,0,1,D,9,00,C,8
10/16/1977,04:00,0,0,0,1,0,0,1,0,0,1,0,0,1,0,0,1,0,0,1,0,0,1,0,5,A,7,5,A,7,1.7,A,7,-0.6,A,7,85,A,7,985,A,7,340,A,7,4.1,A,7,32200,B,7,77777,A,7,1.0,E,8,0.000,?,0,0.00,?,0,0,1,D,9,00,C,8
10/16/1977,05:00,0,0,0,1,0,0,1,0,0,1,0,0,1,0,0,1,0,0,1,0,0,1,0,7,A,7,7,A,7,2.2,A,7,1.1,A,7,92,A,7,985,A,7,330,A,7,3.1,A,7,32200,B,7,1520,A,7,1.1,E,8,0.000,?,0,0.00,?,0,0,1,D,9,00,C,8
10/16/1977,06:00,0,0,0,1,0,0,1,0,0,1,0,0,1,0,0,1,0,0,1,0,0,1,0,6,A,7,6,A,7,2.2,A,7,1.1,A,7,92,A,7,986,A,7,320,A,7,3.6,A,7,32200,B,7,1830,A,7,1.1,E,8,0.000,?,0,0.00,?,0,0,1,D,9,00,C,8
10/16/1977,07:00,1,126,0,1,13,0,1,9,0,1,13,0,1,13,0,1,9,0,1,13,0,1,21,9,A,7,9,A,7,2.2,A,7,1.1,A,7,92,A,7,986,A,7,330,A,7,2.6,A,7,20900,B,7,1830,A,7,1.1,E,8,0.000,F,8,0.00,?,0,0,1,D,9,00,C,8
10/16/1977,08:00,141,1376,58,1,13,213,1,13,35,1,13,59,1,13,111,1,13,47,1,13,63,1,23,3,A,7,3,A,7,2.8,A,7,1.7,A,7,92,A,7,987,A,7,340,A,7,2.6,A,7,20900,B,7,77777,A,7,1.2,E,8,0.000,F,8,0.00,?,0,0,1,D,9,00,C,8
10/16/1977,09:00,376,1376,212,1,13,395,1,13,102,1,13,217,1,13,337,1,13,124,1,13,192,1,23,5,A,7,5,A,7,3.3,A,7,-0.6,A,7,76,A,7,987,A,7,10,A,7,5.7,A,7,20900,B,7,77777,A,7,1.0,E,8,0.000,F,8,0.00,?,0,0,1,D,9,00,C,8
10/16/1977,10:00,577,1376,357,1,13,601,1,13,101,1,13,368,1,13,575,1,13,127,1,13,201,1,23,4,A,7,4,A,7,3.9,A,7,-0.6,A,7,73,A,7,987,A,7,360,A,7,6.7,A,7,20900,B,7,77777,A,7,1.0,E,8,0.000,F,8,0.00,?,0,0,1,D,9,00,C,8
10/16/1977,11:00,729,1376,299,1,13,270,1,13,155,1,13,328,1,13,283,1,13,178,1,13,339,1,23,7,A,7,7,A,7,5.0,A,7,-1.1,A,7,65,A,7,987,A,7,10,A,7,6.7,A,7,20900,B,7,760,A,7,1.0,E,8,0.000,F,8,0.00,?,0,0,1,D,9,00,C,8
10/16/1977,12:00,821,1376,251,1,9,70,1,9,209,1,13,277,1,9,70,1,9,234,1,13,702,1,18,10,A,7,10,A,7,4.4,A,7,-1.7,A,7,65,A,7,987,A,7,360,A,7,6.2,A,7,20900,B,7,910,A,7,1.0,E,8,0.000,F,8,0.00,?,0,0,1,D,9,00,C,8
10/16/1977,13:00,848,1376,209,1,9,1,1,9,208,1,13,243,1,9,1,1,9,243,1,13,920,1,18,10,A,7,10,A,7,4.4,A,7,-3.9,A,7,55,A,7,986,A,7,350,A,7,6.2,A,7,20900,B,7,910,A,7,0.8,E,8,0.000,F,8,0.00,?,0,0,1,D,9,00,C,8
10/16/1977,14:00,807,1376,365,1,13,243,1,13,221,1,13,395,1,13,258,1,13,243,1,13,533,1,23,6,A,7,6,A,7,6.1,A,7,-3.9,A,7,49,A,7,985,A,7,350,A,7,7.2,A,7,20900,B,7,1070,A,7,0.8,E,8,0.000,F,8,0.00,?,0,0,1,D,9,00,C,8
10/16/1977,15:00,701,1376,367,1,9,271,1,9,227,1,13,389,1,9,281,1,9,245,1,13,527,1,18,8,A,7,8,A,7,5.0,A,7,-6.1,A,7,45,A,7,985,A,7,340,A,7,6.2,A,7,20900,B,7,1070,A,7,0.8,E,8,0.000,F,8,0.00,?,0,0,1,D,9,00,C,8
10/16/1977,16:00,537,1376,111,1,9,43,1,9,94,1,13,122,1,9,41,1,9,106,1,13,286,1,18,9,A,7,9,A,7,4.4,A,7,-6.7,A,7,45,A,7,985,A,7,10,A,7,3.6,A,7,20900,B,7,1070,A,7,0.7,E,8,0.000,F,8,0.00,?,0,0,1,D,9,00,C,8
10/16/1977,17:00,328,1376,86,1,13,39,1,9,76,1,13,94,1,13,33,1,9,86,1,13,200,1,21,9,A,7,9,A,7,4.4,A,7,-6.7,A,7,45,A,7,985,A,7,340,A,7,4.1,A,7,20900,B,7,1070,A,7,0.7,E,8,0.000,F,8,0.00,?,0,0,1,D,9,00,C,8
10/16/1977,18:00,92,1204,22,1,13,28,1,9,19,1,13,24,1,13,14,1,9,23,1,13,39,1,21,8,A,7,8,A,7,3.3,A,7,-7.2,A,7,46,A,7,985,A,7,350,A,7,4.1,A,7,20900,B,7,1070,A,7,0.7,E,8,0.000,F,8,0.00,?,0,0,1,D,9,00,C,8
10/16/1977,19:00,0,0,0,1,0,0,1,0,0,1,0,0,1,0,0,1,0,0,1,0,0,1,0,5,A,7,5,A,7,1.7,A,7,-5.6,A,7,59,A,7,986,A,7,340,A,7,2.6,A,7,20900,B,7,77777,A,7,0.8,E,8,0.000,?,0,0.00,?,0,0,1,D,9,00,C,8
10/16/1977,20:00,0,0,0,1,0,0,1,0,0,1,0,0,1,0,0,1,0,0,1,0,0,1,0,2,A,7,2,A,7,0.0,A,7,-5.6,A,7,67,A,7,986,A,7,330,A,7,2.6,A,7,20900,B,7,77777,A,7,0.8,E,8,0.000,?,0,0.00,?,0,0,1,D,9,00,C,8
10/16/1977,21:00,0,0,0,1,0,0,1,0,0,1,0,0,1,0,0,1,0,0,1,0,0,1,0,2,A,7,2,A,7,-0.6,A,7,-5.0,A,7,72,A,7,986,A,7,330,A,7,2.1,A,7,20900,B,7,77777,A,7,0.8,E,8,0.000,?,0,0.00,?,0,0,1,D,9,00,C,8
10/16/1977,22:00,0,0,0,1,0,0,1,0,0,1,0,0,1,0,0,1,0,0,1,0,0,1,0,2,A,7,2,A,7,-1.1,A,7,-5.6,A,7,72,A,7,986,A,7,330,A,7,2.1,A,7,20900,B,7,77777,A,7,0.8,E,8,0.000,?,0,0.00,?,0,0,1,D,9,00,C,8
10/16/1977,23:00,0,0,0,1,0,0,1,0,0,1,0,0,1,0,0,1,0,0,1,0,0,1,0,0,A,7,0,A,7,-1.1,A,7,-5.0,A,7,75,A,7,986,A,7,340,A,7,2.1,A,7,20900,B,7,77777,A,7,0.8,E,8,0.000,?,0,0.00,?,0,0,1,D,9,00,C,8
10/16/1977,24:00,0,0,0,1,0,0,1,0,0,1,0,0,1,0,0,1,0,0,1,0,0,1,0,0,A,7,0,A,7,-2.8,A,7,-5.6,A,7,81,A,7,985,A,7,300,A,7,1.5,A,7,20900,B,7,77777,A,7,0.8,E,8,0.000,?,0,0.00,?,0,0,1,D,9,00,C,8
10/17/1977,01:00,0,0,0,1,0,0,1,0,0,1,0,0,1,0,0,1,0,0,1,0,0,1,0,0,A,7,0,A,7,-3.3,A,7,-6.1,A,7,81,A,7,985,A,7,280,A,7,2.6,A,7,32200,B,7,77777,A,7,0.7,E,8,0.000,?,0,0.00,?,0,0,1,D,9,00,C,8
10/17/1977,02:00,0,0,0,1,0,0,1,0,0,1,0,0,1,0,0,1,0,0,1,0,0,1,0,0,A,7,0,A,7,-3.3,A,7,-6.1,A,7,81,A,7,984,A,7,270,A,7,2.1,A,7,32200,B,7,77777,A,7,0.7,E,8,0.000,?,0,0.00,?,0,0,1,D,9,00,C,8
10/17/1977,03:00,0,0,0,1,0,0,1,0,0,1,0,0,1,0,0,1,0,0,1,0,0,1,0,0,A,7,0,A,7,-4.4,A,7,-6.7,A,7,85,A,7,984,A,7,280,A,7,3.1,A,7,32200,B,7,77777,A,7,0.7,E,8,0.000,?,0,0.00,?,0,0,1,D,9,00,C,8
10/17/1977,04:00,0,0,0,1,0,0,1,0,0,1,0,0,1,0,0,1,0,0,1,0,0,1,0,0,A,7,0,A,7,-3.9,A,7,-6.7,A,7,81,A,7,984,A,7,260,A,7,2.1,A,7,32200,B,7,77777,A,7,0.7,E,8,0.000,?,0,0.00,?,0,0,1,D,9,00,C,8
10/17/1977,05:00,0,0,0,1,0,0,1,0,0,1,0,0,1,0,0,1,0,0,1,0,0,1,0,0,A,7,0,A,7,-5.0,A,7,-6.7,A,7,88,A,7,984,A,7,270,A,7,1.5,A,7,32200,B,7,77777,A,7,0.7,E,8,0.000,?,0,0.00,?,0,0,1,D,9,00,C,8
10/17/1977,06:00,0,0,0,1,0,0,1,0,0,1,0,0,1,0,0,1,0,0,1,0,0,1,0,0,A,7,0,A,7,-5.0,A,7,-6.7,A,7,88,A,7,984,A,7,0,A,7,0.0,A,7,32200,B,7,77777,A,7,0.7,E,8,0.000,?,0,0.00,?,0,0,1,D,9,00,C,8
10/17/1977,07:00,1,103,0,1,13,0,1,9,0,1,13,0,1,13,0,1,9,0,1,13,0,1,21,8,A,7,8,A,7,-2.2,A,7,-3.9,A,7,89,A,7,983,A,7,240,A,7,3.1,A,7,20900,B,7,2130,A,7,0.9,E,8,0.000,F,8,0.00,?,0,0,1,D,9,00,C,8
10/17/1977,08:00,136,1377,50,1,13,147,1,9,34,1,13,50,1,13,75,1,9,43,1,13,61,1,21,2,A,7,2,A,7,-1.1,A,7,-3.3,A,7,85,A,7,984,A,7,220,A,7,2.1,A,7,20900,B,7,77777,A,7,0.9,E,8,0.000,F,8,0.00,?,0,0,1,D,9,00,C,8
10/17/1977,09:00,370,1377,205,1,9,492,1,9,70,1,13,208,1,9,418,1,9,95,1,13,128,1,18,2,A,7,2,A,7,1.7,A,7,-2.2,A,7,76,A,7,984,A,7,240,A,7,3.6,A,7,20900,B,7,77777,A,7,0.9,E,8,0.000,F,8,0.00,?,0,0,1,D,9,00,C,8
10/17/1977,10:00,571,1377,132,1,9,4,1,9,131,1,13,152,1,9,3,1,9,151,1,13,531,1,18,10,A,7,10,A,7,4.4,A,7,-2.2,A,7,62,A,7,983,A,7,180,A,7,3.6,A,7,20900,B,7,1070,A,7,0.9,E,8,0.000,F,8,0.00,?,0,0,1,D,9,00,C,8
10/17/1977,11:00,723,1377,480,1,9,708,1,9,103,1,13,506,1,9,708,1,9,133,1,13,230,1,18,1,A,7,1,A,7,7.8,A,7,0.6,A,7,61,A,7,982,A,7,200,A,7,6.2,A,7,20900,B,7,77777,A,7,1.1,E,8,0.000,F,8,0.00,?,0,0,1,D,9,00,C,8
10/17/1977,12:00,815,1377,543,1,9,619,1,9,171,1,13,559,1,9,615,1,9,194,1,13,390,1,18,2,A,7,2,A,7,9.4,A,7,1.1,A,7,56,A,7,981,A,7,190,A,7,5.7,A,7,20900,B,7,77777,A,7,1.1,E,8,0.000,F,8,0.00,?,0,0,1,D,9,00,C,8
10/17/1977,13:00,841,1377,604,1,13,702,1,13,169,1,13,625,1,13,702,1,13,195,1,13,399,1,23,4,A,7,4,A,7,11.7,A,7,1.7,A,7,51,A,7,980,A,7,210,A,7,6.7,A,7,20900,B,7,77777,A,7,1.2,E,8,0.000,F,8,0.00,?,0,0,1,D,9,00,C,8
10/17/1977,14:00,800,1377,480,1,13,500,1,13,185,1,13,509,1,13,511,1,13,211,1,13,424,1,23,6,A,7,5,A,7,12.8,A,7,1.7,A,7,47,A,7,978,A,7,220,A,7,7.2,A,7,20900,B,7,7620,A,7,1.2,E,8,0.000,F,8,0.00,?,0,0,1,D,9,00,C,8
10/17/1977,15:00,694,1377,401,1,13,507,1,13,141,1,13,428,1,13,510,1,13,170,1,13,293,1,23,3,A,7,3,A,7,13.3,A,7,1.7,A,7,45,A,7,977,A,7,220,A,7,7.2,A,7,20900,B,7,77777,A,7,1.2,E,8,0.000,F,8,0.00,?,0,0,1,D,9,00,C,8
10/17/1977,16:00,530,1377,341,1,9,672,1,9,77,1,13,355,1,9,637,1,9,108,1,13,154,1,18,1,A,7,1,A,7,13.3,A,7,1.1,A,7,44,A,7,976,A,7,210,A,7,6.7,A,7,20900,B,7,77777,A,7,1.1,E,8,0.000,F,8,0.00,?,0,0,1,D,9,00,C,8
10/17/1977,17:00,321,1377,166,1,13,414,1,9,66,1,13,166,1,13,333,1,9,88,1,13,117,1,21,3,A,7,1,A,7,12.8,A,7,0.6,A,7,43,A,7,975,A,7,190,A,7,5.7,A,7,20900,B,7,77777,A,7,1.1,E,8,0.000,F,8,0.00,?,0,0,1,D,9,00,C,8
10/17/1977,18:00,86,1182,32,1,13,56,1,13,26,1,13,33,1,13,27,1,13,31,1,13,54,1,23,7,A,7,3,A,7,11.7,A,7,1.1,A,7,49,A,7,975,A,7,210,A,7,5.2,A,7,20900,B,7,77777,A,7,1.1,E,8,0.000,F,8,0.00,?,0,0,1,D,9,00,C,8
10/17/1977,19:00,0,0,0,1,0,0,1,0,0,1,0,0,1,0,0,1,0,0,1,0,0,1,0,8,A,7,7,A,7,11.1,A,7,1.7,A,7,53,A,7,975,A,7,200,A,7,4.1,A,7,20900,B,7,3050,A,7,1.2,E,8,0.000,?,0,0.00,?,0,0,1,D,9,00,C,8
10/17/1977,20:00,0,0,0,1,0,0,1,0,0,1,0,0,1,0,0,1,0,0,1,0,0,1,0,9,A,7,9,A,7,10.0,A,7,1.7,A,7,57,A,7,974,A,7,190,A,7,4.6,A,7,20900,B,7,3050,A,7,1.2,E,8,0.000,?,0,0.00,?,0,0,1,D,9,00,C,8
10/17/1977,21:00,0,0,0,1,0,0,1,0,0,1,0,0,1,0,0,1,0,0,1,0,0,1,0,10,A,7,10,A,7,10.0,A,7,1.7,A,7,57,A,7,973,A,7,200,A,7,5.7,A,7,20900,B,7,2740,A,7,1.2,E,8,0.000,?,0,0.00,?,0,0,1,D,9,00,C,8
10/17/1977,22:00,0,0,0,1,0,0,1,0,0,1,0,0,1,0,0,1,0,0,1,0,0,1,0,10,A,7,10,A,7,10.6,A,7,2.2,A,7,57,A,7,973,A,7,200,A,7,6.7,A,7,12900,B,7,2440,A,7,1.2,E,8,0.000,?,0,0.00,?,0,0,1,D,9,00,C,8
10/17/1977,23:00,0,0,0,1,0,0,1,0,0,1,0,0,1,0,0,1,0,0,1,0,0,1,0,8,A,7,8,A,7,10.6,A,7,2.8,A,7,59,A,7,972,A,7,220,A,7,7.7,A,7,11300,B,7,1680,A,7,1.2,E,8,0.000,?,0,0.00,?,0,0,1,D,9,00,C,8
10/17/1977,24:00,0,0,0,1,0,0,1,0,0,1,0,0,1,0,0,1,0,0,1,0,0,1,0,0,A,7,0,A,7,8.9,A,7,2.8,A,7,66,A,7,972,A,7,230,A,7,4.6,A,7,11300,B,7,77777,A,7,1.2,E,8,0.000,?,0,0.00,?,0,0,1,D,9,00,C,8
10/18/1977,01:00,0,0,0,1,0,0,1,0,0,1,0,0,1,0,0,1,0,0,1,0,0,1,0,0,A,7,0,A,7,7.8,A,7,2.2,A,7,68,A,7,971,A,7,210,A,7,3.6,A,7,32200,B,7,77777,A,7,1.2,E,8,0.000,?,0,0.00,?,0,0,1,D,9,00,C,8
10/18/1977,02:00,0,0,0,1,0,0,1,0,0,1,0,0,1,0,0,1,0,0,1,0,0,1,0,0,A,7,0,A,7,6.7,A,7,2.2,A,7,74,A,7,970,A,7,210,A,7,2.6,A,7,32200,B,7,77777,A,7,1.2,E,8,0.000,?,0,0.00,?,0,0,1,D,9,00,C,8
10/18/1977,03:00,0,0,0,1,0,0,1,0,0,1,0,0,1,0,0,1,0,0,1,0,0,1,0,0,A,7,0,A,7,6.7,A,7,2.8,A,7,76,A,7,970,A,7,220,A,7,3.1,A,7,32200,B,7,77777,A,7,1.2,E,8,0.000,?,0,0.00,?,0,0,1,D,9,00,C,8
10/18/1977,04:00,0,0,0,1,0,0,1,0,0,1,0,0,1,0,0,1,0,0,1,0,0,1,0,0,A,7,0,A,7,6.1,A,7,3.3,A,7,83,A,7,970,A,7,220,A,7,3.6,A,7,32200,B,7,77777,A,7,1.3,E,8,0.000,?,0,0.00,?,0,0,1,D,9,00,C,8
10/18/1977,05:00,0,0,0,1,0,0,1,0,0,1,0,0,1,0,0,1,0,0,1,0,0,1,0,0,A,7,0,A,7,6.1,A,7,3.3,A,7,83,A,7,970,A,7,220,A,7,4.6,A,7,32200,B,7,77777,A,7,1.3,E,8,0.000,?,0,0.00,?,0,0,1,D,9,00,C,8
10/18/1977,06:00,0,0,0,1,0,0,1,0,0,1,0,0,1,0,0,1,0,0,1,0,0,1,0,2,A,7,2,A,7,5.6,A,7,3.9,A,7,89,A,7,970,A,7,240,A,7,4.6,A,7,20900,B,7,77777,A,7,1.3,E,8,0.000,?,0,0.00,?,0,0,1,D,9,00,C,8
10/18/1977,07:00,0,80,1,1,13,1,1,13,1,1,13,0,1,13,0,1,13,0,1,13,0,1,23,5,A,7,5,A,7,6.1,A,7,4.4,A,7,89,A,7,970,A,7,250,A,7,5.2,A,7,20900,B,7,77777,A,7,1.4,E,8,0.000,F,8,0.00,?,0,0,1,D,9,00,C,8
10/18/1977,08:00,131,1377,34,1,13,25,1,9,32,1,13,38,1,13,16,1,9,36,1,13,77,1,21,9,A,7,9,A,7,6.7,A,7,5.6,A,7,93,A,7,971,A,7,200,A,7,3.6,A,7,20900,B,7,1830,A,7,1.5,E,8,0.000,F,8,0.00,?,0,0,1,D,9,00,C,8
10/18/1977,09:00,365,1377,112,1,9,39,1,9,101,1,13,122,1,9,34,1,9,113,1,13,261,1,18,9,A,7,9,A,7,7.8,A,7,6.1,A,7,89,A,7,971,A,7,210,A,7,5.2,A,7,17700,B,7,1830,A,7,1.5,E,8,0.000,F,8,0.00,?,0,0,1,D,9,00,C,8
10/18/1977,10:00,565,1377,199,1,9,52,1,9,177,1,13,218,1,9,50,1,9,197,1,13,493,1,18,9,A,7,9,A,7,9.4,A,7,6.7,A,7,83,A,7,971,A,7,230,A,7,5.7,A,7,14500,B,7,1830,A,7,1.6,E,8,0.000,F,8,0.00,?,0,0,1,D,9,00,C,8
10/18/1977,11:00,717,1377,82,1,9,4,1,9,80,1,13,101,1,9,3,1,9,99,1,13,387,1,18,10,A,7,10,A,7,10.0,A,7,7.2,A,7,83,A,7,971,A,7,240,A,7,6.2,A,7,14500,B,7,700,A,7,1.6,E,8,0.000,F,8,0.00,?,0,0,1,D,9,61,C,8
10/18/1977,12:00,809,1377,136,1,9,10,1,9,130,1,13,163,1,9,7,1,9,159,1,13,618,1,18,10,A,7,10,A,7,9.4,A,7,7.8,A,7,89,A,7,971,A,7,230,A,7,5.7,A,7,11300,B,7,700,A,7,1.7,E,8,0.000,F,8,0.00,?,0,3,1,D,9,61,C,8
10/18/1977,13:00,835,1377,161,1,9,7,1,9,157,1,13,192,1,9,5,1,9,189,1,13,732,1,18,10,A,7,10,A,7,8.9,A,7,8.3,A,7,96,A,7,971,A,7,230,A,7,4.6,A,7,11300,B,7,2130,A,7,1.7,E,8,0.000,F,8,0.00,?,0,3,1,D,9,61,C,8
10/18/1977,14:00,793,1377,145,1,9,7,1,9,141,1,13,173,1,9,5,1,9,170,1,13,656,1,18,10,A,7,10,A,7,8.9,A,7,7.8,A,7,93,A,7,971,A,7,240,A,7,4.6,A,7,11300,B,7,850,A,7,1.7,E,8,0.000,F,8,0.00,?,0,3,1,D,9,61,C,8
10/18/1977,15:00,687,1377,164,1,9,6,1,9,161,1,13,190,1,9,5,1,9,187,1,13,680,1,18,10,A,7,10,A,7,8.3,A,7,7.2,A,7,93,A,7,971,A,7,230,A,7,4.6,A,7,11300,B,7,760,A,7,1.6,E,8,0.000,F,8,0.00,?,0,0,1,D,9,61,C,8
10/18/1977,16:00,524,1377,90,1,9,3,1,9,89,1,13,106,1,9,2,1,9,105,1,13,378,1,18,10,A,7,10,A,7,8.9,A,7,8.3,A,7,96,A,7,972,A,7,250,A,7,3.1,A,7,12900,B,7,700,A,7,1.7,E,8,0.000,F,8,0.00,?,0,0,1,D,9,61,C,8
10/18/1977,17:00,314,1377,54,1,13,2,1,9,53,1,13,62,1,13,1,1,9,62,1,13,206,1,21,10,A,7,10,A,7,8.9,A,7,8.3,A,7,96,A,7,973,A,7,270,A,7,4.1,A,7,12900,B,7,760,A,7,1.7,E,8,0.000,F,8,0.00,?,0,0,1,D,9,61,C,8
10/18/1977,18:00,81,1136,27,1,13,1,1,9,27,1,13,30,1,13,0,1,9,30,1,13,86,1,21,10,A,7,10,A,7,8.3,A,7,7.8,A,7,96,A,7,973,A,7,250,A,7,3.1,A,7,16100,B,7,1220,A,7,1.7,E,8,0.000,F,8,0.00,?,0,0,1,D,9,00,C,8
10/18/1977,19:00,0,0,0,1,0,0,1,0,0,1,0,0,1,0,0,1,0,0,1,0,0,1,0,10,A,7,10,A,7,7.8,A,7,7.8,A,7,100,A,7,974,A,7,280,A,7,2.6,A,7,16100,B,7,1220,A,7,1.7,E,8,0.000,?,0,0.00,?,0,0,1,D,9,00,C,8
10/18/1977,20:00,0,0,0,1,0,0,1,0,0,1,0,0,1,0,0,1,0,0,1,0,0,1,0,10,A,7,10,A,7,7.8,A,7,7.8,A,7,100,A,7,974,A,7,320,A,7,2.6,A,7,16100,B,7,1520,A,7,1.7,E,8,0.000,?,0,0.00,?,0,0,1,D,9,00,C,8
10/18/1977,21:00,0,0,0,1,0,0,1,0,0,1,0,0,1,0,0,1,0,0,1,0,0,1,0,10,A,7,10,A,7,7.2,A,7,7.2,A,7,100,A,7,975,A,7,280,A,7,3.1,A,7,12900,B,7,2440,A,7,1.6,E,8,0.000,?,0,0.00,?,0,0,1,D,9,00,C,8
10/18/1977,22:00,0,0,0,1,0,0,1,0,0,1,0,0,1,0,0,1,0,0,1,0,0,1,0,10,A,7,10,A,7,6.7,A,7,6.7,A,7,100,A,7,975,A,7,300,A,7,2.1,A,7,12900,B,7,2440,A,7,1.6,E,8,0.000,?,0,0.00,?,0,0,1,D,9,00,C,8
10/18/1977,23:00,0,0,0,1,0,0,1,0,0,1,0,0,1,0,0,1,0,0,1,0,0,1,0,10,A,7,10,A,7,6.7,A,7,6.7,A,7,100,A,7,975,A,7,300,A,7,2.1,A,7,12900,B,7,2440,A,7,1.6,E,8,0.000,?,0,0.00,?,0,0,1,D,9,00,C,8
10/18/1977,24:00,0,0,0,1,0,0,1,0,0,1,0,0,1,0,0,1,0,0,1,0,0,1,0,10,A,7,10,A,7,6.7,A,7,6.1,A,7,96,A,7,976,A,7,310,A,7,3.1,A,7,12900,B,7,980,A,7,1.5,E,8,0.000,?,0,0.00,?,0,0,1,D,9,00,C,8
10/19/1977,01:00,0,0,0,1,0,0,1,0,0,1,0,0,1,0,0,1,0,0,1,0,0,1,0,10,A,7,10,A,7,6.7,A,7,6.1,A,7,96,A,7,976,A,7,320,A,7,2.6,A,7,11300,B,7,1160,A,7,1.5,E,8,0.000,?,0,0.00,?,0,0,1,D,9,00,C,8
10/19/1977,02:00,0,0,0,1,0,0,1,0,0,1,0,0,1,0,0,1,0,0,1,0,0,1,0,10,A,7,10,A,7,7.2,A,7,7.2,A,7,100,A,7,976,A,7,320,A,7,2.6,A,7,11300,B,7,430,A,7,1.6,E,8,0.000,?,0,0.00,?,0,0,1,D,9,00,C,8
10/19/1977,03:00,0,0,0,1,0,0,1,0,0,1,0,0,1,0,0,1,0,0,1,0,0,1,0,10,A,7,10,A,7,7.8,A,7,7.8,A,7,100,A,7,977,A,7,330,A,7,2.1,A,7,11300,B,7,270,A,7,1.7,E,8,0.000,?,0,0.00,?,0,0,1,D,9,00,C,8
10/19/1977,04:00,0,0,0,1,0,0,1,0,0,1,0,0,1,0,0,1,0,0,1,0,0,1,0,10,A,7,10,A,7,7.8,A,7,7.8,A,7,100,A,7,978,A,7,350,A,7,2.6,A,7,8000,B,7,850,A,7,1.7,E,8,0.000,?,0,0.00,?,0,0,1,D,9,45,C,8
10/19/1977,05:00,0,0,0,1,0,0,1,0,0,1,0,0,1,0,0,1,0,0,1,0,0,1,0,8,A,7,8,A,7,7.2,A,7,7.2,A,7,100,A,7,978,A,7,300,A,7,2.1,A,7,4800,B,7,210,A,7,1.6,E,8,0.000,?,0,0.00,?,0,0,1,D,9,45,C,8
10/19/1977,06:00,0,0,0,1,0,0,1,0,0,1,0,0,1,0,0,1,0,0,1,0,0,1,0,10,A,7,10,A,7,7.8,A,7,7.8,A,7,100,A,7,979,A,7,360,A,7,3.1,A,7,4800,B,7,240,A,7,1.7,E,8,0.000,?,0,0.00,?,0,0,1,D,9,45,C,8
10/19/1977,07:00,0,57,0,1,0,0,1,0,0,1,0,0,1,1,0,1,2,0,1,2,0,1,1,10,A,7,10,A,7,7.8,A,7,7.8,A,7,100,A,7,980,A,7,320,A,7,3.6,A,7,9700,B,7,520,A,7,1.7,E,8,0.000,?,0,0.00,?,0,0,1,D,9,45,C,8
10/19/1977,08:00,126,1378,37,1,13,0,1,9,37,1,13,41,1,13,0,1,9,41,1,13,114,1,21,10,A,7,10,A,7,7.8,A,7,7.8,A,7,100,A,7,981,A,7,320,A,7,3.6,A,7,11300,B,7,700,A,7,1.7,E,8,0.000,F,8,0.00,?,0,0,1,D,9,00,C,8
10/19/1977,09:00,359,1378,103,1,9,0,1,9,103,1,13,114,1,9,0,1,9,114,1,13,353,1,18,10,A,7,10,A,7,7.8,A,7,7.8,A,7,100,A,7,981,A,7,320,A,7,4.1,A,7,11300,B,7,1160,A,7,1.7,E,8,0.000,F,8,0.00,?,0,0,1,D,9,00,C,8
10/19/1977,10:00,559,1378,195,1,9,0,1,9,195,1,13,216,1,9,0,1,9,216,1,13,681,1,18,10,A,7,10,A,7,8.3,A,7,7.8,A,7,96,A,7,982,A,7,320,A,7,4.1,A,7,12900,B,7,580,A,7,1.7,E,8,0.000,F,8,0.00,?,0,0,1,D,9,00,C,8
10/19/1977,11:00,711,1378,251,1,9,0,1,9,251,1,13,281,1,9,0,1,9,281,1,13,933,1,18,10,A,7,10,A,7,8.3,A,7,7.8,A,7,96,A,7,983,A,7,330,A,7,4.1,A,7,11300,B,7,580,A,7,1.7,E,8,0.000,F,8,0.00,?,0,0,1,D,9,00,C,8
10/19/1977,12:00,802,1378,201,1,9,71,1,9,158,1,13,225,1,9,75,1,9,181,1,13,420,1,18,10,A,7,9,A,7,10.0,A,7,8.3,A,7,89,A,7,983,A,7,320,A,7,3.6,A,7,11300,B,7,760,A,7,1.7,E,8,0.000,F,8,0.00,?,0,0,1,D,9,00,C,8
10/19/1977,13:00,828,1378,366,1,13,177,1,13,258,1,13,399,1,13,185,1,13,287,1,13,698,1,23,8,A,7,7,A,7,12.2,A,7,7.8,A,7,75,A,7,983,A,7,330,A,7,4.1,A,7,12900,B,7,760,A,7,1.7,E,8,0.000,F,8,0.00,?,0,0,1,D,9,00,C,8
10/19/1977,14:00,787,1378,295,1,9,96,1,9,240,1,13,324,1,9,97,1,9,269,1,13,763,1,18,9,A,7,9,A,7,12.2,A,7,6.7,A,7,69,A,7,983,A,7,320,A,7,4.1,A,7,14500,B,7,1370,A,7,1.6,E,8,0.000,F,8,0.00,?,0,0,1,D,9,00,C,8
10/19/1977,15:00,681,1378,275,1,9,184,1,9,183,1,13,302,1,9,189,1,9,208,1,13,454,1,18,9,A,7,9,A,7,12.8,A,7,6.1,A,7,64,A,7,983,A,7,350,A,7,4.6,A,7,14500,B,7,1680,A,7,1.5,E,8,0.000,F,8,0.00,?,0,0,1,D,9,00,C,8
10/19/1977,16:00,517,1378,300,1,13,525,1,13,99,1,13,306,1,13,489,1,13,122,1,13,189,1,23,5,A,7,5,A,7,13.3,A,7,6.7,A,7,64,A,7,984,A,7,340,A,7,4.1,A,7,14500,B,7,77777,A,7,1.6,E,8,0.000,F,8,0.00,?,0,0,1,D,9,00,C,8
10/19/1977,17:00,307,1378,156,1,13,433,1,9,56,1,13,157,1,13,346,1,9,80,1,13,102,1,21,1,A,7,1,A,7,11.1,A,7,6.7,A,7,74,A,7,984,A,7,330,A,7,2.6,A,7,16100,B,7,77777,A,7,1.6,E,8,0.000,F,8,0.00,?,0,0,1,D,9,00,C,8
10/19/1977,18:00,75,1114,33,1,13,108,1,9,22,1,13,31,1,13,46,1,9,28,1,13,39,1,21,1,A,7,1,A,7,8.9,A,7,6.7,A,7,86,A,7,984,A,7,310,A,7,2.6,A,7,16100,B,7,77777,A,7,1.6,E,8,0.000,F,8,0.00,?,0,0,1,D,9,00,C,8
10/19/1977,19:00,0,0,0,1,0,0,1,0,0,1,0,0,1,0,0,1,0,0,1,0,0,1,0,0,A,7,0,A,7,7.2,A,7,6.1,A,7,93,A,7,985,A,7,300,A,7,2.6,A,7,11300,B,7,77777,A,7,1.5,E,8,0.000,?,0,0.00,?,0,0,1,D,9,00,C,8
10/19/1977,20:00,0,0,0,1,0,0,1,0,0,1,0,0,1,0,0,1,0,0,1,0,0,1,0,0,A,7,0,A,7,5.0,A,7,3.9,A,7,93,A,7,985,A,7,280,A,7,2.6,A,7,11300,B,7,77777,A,7,1.3,E,8,0.000,?,0,0.00,?,0,0,1,D,9,00,C,8
10/19/1977,21:00,0,0,0,1,0,0,1,0,0,1,0,0,1,0,0,1,0,0,1,0,0,1,0,0,A,7,0,A,7,2.8,A,7,2.8,A,7,100,A,7,986,A,7,280,A,7,1.5,A,7,11300,B,7,77777,A,7,1.3,E,8,0.000,?,0,0.00,?,0,0,1,D,9,00,C,8
10/19/1977,22:00,0,0,0,1,0,0,1,0,0,1,0,0,1,0,0,1,0,0,1,0,0,1,0,0,A,7,0,A,7,2.8,A,7,2.8,A,7,100,A,7,987,A,7,290,A,7,2.1,A,7,11300,B,7,77777,A,7,1.3,E,8,0.000,?,0,0.00,?,0,0,1,D,9,00,C,8
10/19/1977,23:00,0,0,0,1,0,0,1,0,0,1,0,0,1,0,0,1,0,0,1,0,0,1,0,0,A,7,0,A,7,2.8,A,7,2.8,A,7,100,A,7,987,A,7,280,A,7,1.5,A,7,11300,B,7,77777,A,7,1.3,E,8,0.000,?,0,0.00,?,0,0,1,D,9,00,C,8
10/19/1977,24:00,0,0,0,1,0,0,1,0,0,1,0,0,1,0,0,1,0,0,1,0,0,1,0,0,A,7,0,A,7,3.9,A,7,3.3,A,7,96,A,7,987,A,7,280,A,7,2.1,A,7,11300,B,7,77777,A,7,1.3,E,8,0.000,?,0,0.00,?,0,0,1,D,9,00,C,8
10/20/1977,01:00,0,0,0,1,0,0,1,0,0,1,0,0,1,0,0,1,0,0,1,0,0,1,0,0,A,7,0,A,7,3.3,A,7,2.8,A,7,96,A,7,988,A,7,250,A,7,2.1,A,7,11300,B,7,77777,A,7,1.2,E,8,0.000,?,0,0.00,?,0,0,1,D,9,00,C,8
10/20/1977,02:00,0,0,0,1,0,0,1,0,0,1,0,0,1,0,0,1,0,0,1,0,0,1,0,0,A,7,0,A,7,1.1,A,7,1.1,A,7,100,A,7,988,A,7,260,A,7,2.1,A,7,9700,B,7,77777,A,7,1.1,E,8,0.000,?,0,0.00,?,0,0,1,D,9,45,C,8
10/20/1977,03:00,0,0,0,1,0,0,1,0,0,1,0,0,1,0,0,1,0,0,1,0,0,1,0,4,A,7,4,A,7,1.7,A,7,1.7,A,7,100,A,7,988,A,7,0,A,7,0.0,A,7,2400,B,7,77777,A,7,1.2,E,8,0.000,?,0,0.00,?,0,0,1,D,9,45,C,8
10/20/1977,04:00,0,0,0,1,0,0,1,0,0,1,0,0,1,0,0,1,0,0,1,0,0,1,0,8,A,7,8,A,7,0.6,A,7,0.6,A,7,100,A,7,988,A,7,0,A,7,0.0,A,7,200,B,7,77777,A,7,1.1,E,8,0.000,?,0,0.00,?,0,0,1,D,9,45,C,8
10/20/1977,05:00,0,0,0,1,0,0,1,0,0,1,0,0,1,0,0,1,0,0,1,0,0,1,0,8,A,7,8,A,7,1.7,A,7,1.7,A,7,100,A,7,988,A,7,230,A,7,2.1,A,7,200,B,7,77777,A,7,1.2,E,8,0.000,?,0,0.00,?,0,0,1,D,9,45,C,8
10/20/1977,06:00,0,0,0,1,0,0,1,0,0,1,0,0,1,0,0,1,0,0,1,0,0,1,0,10,A,7,10,A,7,2.2,A,7,2.2,A,7,100,A,7,989,A,7,280,A,7,2.6,A,7,200,B,7,30,A,7,1.2,E,8,0.000,?,0,0.00,?,0,0,1,D,9,45,C,8
10/20/1977,07:00,0,11,0,1,0,0,1,0,0,1,0,0,1,1,0,1,2,0,1,2,0,1,1,10,A,7,10,A,7,2.2,A,7,2.2,A,7,100,A,7,989,A,7,270,A,7,2.6,A,7,200,B,7,30,A,7,1.2,E,8,0.000,?,0,0.00,?,0,0,1,D,9,45,C,8
10/20/1977,08:00,121,1379,29,1,13,31,1,9,26,1,13,32,1,13,16,1,9,30,1,13,54,1,21,8,A,7,8,A,7,2.2,A,7,2.2,A,7,100,A,7,990,A,7,250,A,7,2.6,A,7,200,B,7,77777,A,7,1.2,E,8,0.000,F,8,0.00,?,0,0,1,D,9,45,C,8
10/20/1977,09:00,354,1379,127,1,9,60,1,9,112,1,13,139,1,9,53,1,9,126,1,13,278,1,18,8,A,7,8,A,7,3.3,A,7,3.3,A,7,100,A,7,990,A,7,240,A,7,1.5,A,7,200,B,7,77777,A,7,1.3,E,8,0.000,F,8,0.00,?,0,0,1,D,9,45,C,8
10/20/1977,10:00,554,1379,308,1,13,355,1,13,163,1,13,325,1,13,351,1,13,184,1,13,345,1,23,6,A,7,6,A,7,6.1,A,7,6.1,A,7,100,A,7,990,A,7,240,A,7,1.5,A,7,1600,B,7,60,A,7,1.5,E,8,0.000,F,8,0.00,?,0,0,1,D,9,45,C,8
10/20/1977,11:00,705,1379,415,1,13,548,1,13,131,1,13,429,1,13,539,1,13,153,1,13,278,1,23,3,A,7,3,A,7,10.0,A,7,9.4,A,7,96,A,7,990,A,7,200,A,7,3.6,A,7,11300,B,7,77777,A,7,1.9,E,8,0.000,F,8,0.00,?,0,0,1,D,9,00,C,8
10/20/1977,12:00,796,1379,554,1,9,743,1,9,119,1,13,584,1,9,749,1,9,150,1,13,280,1,18,2,A,7,2,A,7,11.7,A,7,9.4,A,7,86,A,7,990,A,7,230,A,7,2.6,A,7,12900,B,7,77777,A,7,1.9,E,8,0.000,F,8,0.00,?,0,0,1,D,9,00,C,8
10/20/1977,13:00,822,1379,482,1,13,498,1,13,182,1,13,516,1,13,511,1,13,210,1,13,424,1,23,5,A,7,5,A,7,13.3,A,7,9.4,A,7,78,A,7,989,A,7,230,A,7,4.6,A,7,12900,B,7,77777,A,7,1.9,E,8,0.000,F,8,0.00,?,0,0,1,D,9,00,C,8
10/20/1977,14:00,780,1379,397,1,13,376,1,13,181,1,13,421,1,13,383,1,13,203,1,13,407,1,23,6,A,7,6,A,7,15.0,A,7,8.9,A,7,67,A,7,989,A,7,250,A,7,4.6,A,7,12900,B,7,850,A,7,1.8,E,8,0.000,F,8,0.00,?,0,0,1,D,9,00,C,8
10/20/1977,15:00,674,1379,443,1,9,660,1,9,115,1,13,459,1,9,648,1,9,141,1,13,242,1,18,3,A,7,2,A,7,15.0,A,7,7.8,A,7,62,A,7,988,A,7,240,A,7,5.2,A,7,12900,B,7,77777,A,7,1.7,E,8,0.000,F,8,0.00,?,0,0,1,D,9,00,C,8
10/20/1977,16:00,510,1379,333,1,9,716,1,9,63,1,13,343,1,9,671,1,9,94,1,13,129,1,18,0,A,7,0,A,7,15.6,A,7,7.8,A,7,60,A,7,988,A,7,220,A,7,5.7,A,7,12900,B,7,77777,A,7,1.7,E,8,0.000,F,8,0.00,?,0,0,1,D,9,00,C,8
10/20/1977,17:00,300,1379,168,1,13,545,1,9,45,1,13,171,1,13,436,1,9,76,1,13,84,1,21,0,A,7,0,A,7,14.4,A,7,7.2,A,7,62,A,7,988,A,7,260,A,7,4.6,A,7,12900,B,7,77777,A,7,1.6,E,8,0.000,F,8,0.00,?,0,0,1,D,9,00,C,8
10/20/1977,18:00,70,1069,37,1,13,156,1,9,21,1,13,34,1,13,64,1,9,29,1,13,37,1,21,0,A,7,0,A,7,12.2,A,7,6.7,A,7,69,A,7,988,A,7,240,A,7,2.6,A,7,12900,B,7,77777,A,7,1.6,E,8,0.000,F,8,0.00,?,0,0,1,D,9,00,C,8
10/20/1977,19:00,0,0,0,1,0,0,1,0,0,1,0,0,1,0,0,1,0,0,1,0,0,1,0,0,A,7,0,A,7,10.0,A,7,6.7,A,7,80,A,7,988,A,7,230,A,7,2.1,A,7,12900,B,7,77777,A,7,1.6,E,8,0.000,?,0,0.00,?,0,0,1,D,9,00,C,8
10/20/1977,20:00,0,0,0,1,0,0,1,0,0,1,0,0,1,0,0,1,0,0,1,0,0,1,0,0,A,7,0,A,7,8.9,A,7,6.1,A,7,83,A,7,988,A,7,210,A,7,2.6,A,7,12900,B,7,77777,A,7,1.5,E,8,0.000,?,0,0.00,?,0,0,1,D,9,00,C,8
10/20/1977,21:00,0,0,0,1,0,0,1,0,0,1,0,0,1,0,0,1,0,0,1,0,0,1,0,0,A,7,0,A,7,8.3,A,7,6.1,A,7,86,A,7,988,A,7,210,A,7,2.6,A,7,11300,B,7,77777,A,7,1.5,E,8,0.000,?,0,0.00,?,0,0,1,D,9,00,C,8
10/20/1977,22:00,0,0,0,1,0,0,1,0,0,1,0,0,1,0,0,1,0,0,1,0,0,1,0,0,A,7,0,A,7,7.8,A,7,5.6,A,7,86,A,7,988,A,7,200,A,7,3.1,A,7,11300,B,7,77777,A,7,1.5,E,8,0.000,?,0,0.00,?,0,0,1,D,9,00,C,8
10/20/1977,23:00,0,0,0,1,0,0,1,0,0,1,0,0,1,0,0,1,0,0,1,0,0,1,0,0,A,7,0,A,7,7.2,A,7,5.6,A,7,89,A,7,988,A,7,200,A,7,3.1,A,7,11300,B,7,77777,A,7,1.5,E,8,0.000,?,0,0.00,?,0,0,1,D,9,00,C,8
10/20/1977,24:00,0,0,0,1,0,0,1,0,0,1,0,0,1,0,0,1,0,0,1,0,0,1,0,4,A,7,1,A,7,7.2,A,7,5.6,A,7,89,A,7,988,A,7,210,A,7,3.6,A,7,11300,B,7,77777,A,7,1.5,E,8,0.000,?,0,0.00,?,0,0,1,D,9,00,C,8
10/21/1977,01:00,0,0,0,1,0,0,1,0,0,1,0,0,1,0,0,1,0,0,1,0,0,1,0,4,A,7,1,A,7,6.7,A,7,5.0,A,7,89,A,7,988,A,7,200,A,7,3.1,A,7,11300,B,7,77777,A,7,1.4,E,8,0.000,?,0,0.00,?,0,0,1,D,9,00,C,8
10/21/1977,02:00,0,0,0,1,0,0,1,0,0,1,0,0,1,0,0,1,0,0,1,0,0,1,0,3,A,7,1,A,7,6.7,A,7,5.0,A,7,89,A,7,988,A,7,210,A,7,3.1,A,7,11300,B,7,77777,A,7,1.4,E,8,0.000,?,0,0.00,?,0,0,1,D,9,00,C,8
10/21/1977,03:00,0,0,0,1,0,0,1,0,0,1,0,0,1,0,0,1,0,0,1,0,0,1,0,0,A,7,0,A,7,6.7,A,7,5.6,A,7,93,A,7,989,A,7,210,A,7,3.6,A,7,11300,B,7,77777,A,7,1.5,E,8,0.000,?,0,0.00,?,0,0,1,D,9,00,C,8
10/21/1977,04:00,0,0,0,1,0,0,1,0,0,1,0,0,1,0,0,1,0,0,1,0,0,1,0,0,A,7,0,A,7,6.7,A,7,5.6,A,7,93,A,7,988,A,7,210,A,7,3.6,A,7,11300,B,7,77777,A,7,1.5,E,8,0.000,?,0,0.00,?,0,0,1,D,9,00,C,8
10/21/1977,05:00,0,0,0,1,0,0,1,0,0,1,0,0,1,0,0,1,0,0,1,0,0,1,0,0,A,7,0,A,7,6.1,A,7,5.0,A,7,93,A,7,989,A,7,210,A,7,3.1,A,7,11300,B,7,77777,A,7,1.4,E,8,0.000,?,0,0.00,?,0,0,1,D,9,00,C,8
10/21/1977,06:00,0,0,0,1,0,0,1,0,0,1,0,0,1,0,0,1,0,0,1,0,0,1,0,0,A,7,0,A,7,5.6,A,7,4.4,A,7,93,A,7,989,A,7,200,A,7,2.6,A,7,11300,B,7,77777,A,7,1.4,E,8,0.000,?,0,0.00,?,0,0,1,D,9,00,C,8
10/21/1977,07:00,0,0,0,1,0,0,1,0,0,1,0,0,1,0,0,1,0,0,1,0,0,1,0,4,A,7,1,A,7,6.7,A,7,5.6,A,7,93,A,7,989,A,7,190,A,7,4.1,A,7,8000,B,7,77777,A,7,1.5,E,8,0.000,?,0,0.00,?,0,0,1,D,9,45,C,8
10/21/1977,08:00,116,1368,46,1,13,157,1,9,31,1,13,47,1,13,75,1,9,40,1,13,56,1,21,5,A,7,2,A,7,7.2,A,7,5.6,A,7,89,A,7,989,A,7,200,A,7,3.6,A,7,8000,B,7,77777,A,7,1.5,E,8,0.000,F,8,0.00,?,0,0,1,D,9,45,C,8
10/21/1977,09:00,348,1380,198,1,9,570,1,9,51,1,13,204,1,9,481,1,9,82,1,13,97,1,18,3,A,7,1,A,7,9.4,A,7,7.2,A,7,86,A,7,989,A,7,200,A,7,6.7,A,7,11300,B,7,77777,A,7,1.6,E,8,0.000,F,8,0.00,?,0,0,1,D,9,00,C,8
10/21/1977,10:00,548,1380,371,1,9,782,1,9,56,1,13,386,1,9,740,1,9,91,1,13,125,1,18,0,A,7,0,A,7,12.8,A,7,8.3,A,7,75,A,7,989,A,7,200,A,7,5.7,A,7,11300,B,7,77777,A,7,1.8,E,8,0.000,F,8,0.00,?,0,0,1,D,9,00,C,8
10/21/1977,11:00,699,1380,481,1,9,808,1,9,66,1,13,499,1,9,788,1,9,99,1,13,153,1,18,0,A,7,0,A,7,15.6,A,7,8.3,A,7,62,A,7,989,A,7,200,A,7,6.2,A,7,14500,B,7,77777,A,7,1.8,E,8,0.000,F,8,0.00,?,0,0,1,D,9,00,C,8
10/21/1977,12:00,790,1380,579,1,9,873,1,9,73,1,13,601,1,9,861,1,9,106,1,13,174,1,18,0,A,7,0,A,7,17.2,A,7,8.3,A,7,56,A,7,988,A,7,210,A,7,7.2,A,7,14500,B,7,77777,A,7,1.7,E,8,0.000,F,8,0.00,?,0,0,1,D,9,00,C,8
10/21/1977,13:00,816,1380,565,1,9,836,1,9,63,1,13,587,1,9,827,1,9,96,1,13,167,1,18,1,A,7,1,A,7,18.3,A,7,7.2,A,7,49,A,7,987,A,7,210,A,7,7.7,A,7,14500,B,7,77777,A,7,1.7,E,8,0.000,F,8,0.00,?,0,0,1,D,9,00,C,8
10/21/1977,14:00,774,1380,522,1,13,688,1,13,130,1,13,544,1,13,688,1,13,157,1,13,295,1,23,3,A,7,3,A,7,19.4,A,7,8.3,A,7,49,A,7,986,A,7,220,A,7,8.2,A,7,14500,B,7,77777,A,7,1.8,E,8,0.000,F,8,0.00,?,0,0,1,D,9,00,C,8
10/21/1977,15:00,667,1380,478,1,9,841,1,9,64,1,13,495,1,9,817,1,9,99,1,13,147,1,18,0,A,7,0,A,7,19.4,A,7,8.3,A,7,49,A,7,985,A,7,180,A,7,7.7,A,7,14500,B,7,77777,A,7,1.8,E,8,0.000,F,8,0.00,?,0,0,1,D,9,00,C,8
10/21/1977,16:00,503,1380,335,1,9,757,1,9,52,1,13,346,1,9,707,1,9,87,1,13,117,1,18,0,A,7,0,A,7,20.0,A,7,7.8,A,7,45,A,7,984,A,7,220,A,7,7.7,A,7,14500,B,7,77777,A,7,1.7,E,8,0.000,F,8,0.00,?,0,0,1,D,9,00,C,8
10/21/1977,17:00,294,1380,149,1,13,401,1,9,60,1,13,148,1,13,312,1,9,82,1,13,106,1,21,6,A,7,2,A,7,18.9,A,7,7.8,A,7,49,A,7,984,A,7,190,A,7,8.2,A,7,16100,B,7,77777,A,7,1.7,E,8,0.000,F,8,0.00,?,0,0,1,D,9,00,C,8
10/21/1977,18:00,65,1023,23,1,13,51,1,9,18,1,13,23,1,13,18,1,9,22,1,13,31,1,21,9,A,7,9,A,7,17.2,A,7,8.3,A,7,56,A,7,986,A,7,260,A,7,5.2,A,7,16100,B,7,1370,A,7,1.7,E,8,0.000,F,8,0.00,?,0,0,1,D,9,00,C,8
10/21/1977,19:00,0,0,0,1,0,0,1,0,0,1,0,0,1,0,0,1,0,0,1,0,0,1,0,5,A,7,5,A,7,15.6,A,7,8.3,A,7,62,A,7,987,A,7,190,A,7,3.6,A,7,11300,B,7,77777,A,7,1.7,E,8,0.000,?,0,0.00,?,0,0,1,D,9,00,C,8
10/21/1977,20:00,0,0,0,1,0,0,1,0,0,1,0,0,1,0,0,1,0,0,1,0,0,1,0,6,A,7,2,A,7,15.6,A,7,8.9,A,7,65,A,7,986,A,7,190,A,7,4.6,A,7,12900,B,7,77777,A,7,1.8,E,8,0.000,?,0,0.00,?,0,0,1,D,9,00,C,8
10/21/1977,21:00,0,0,0,1,0,0,1,0,0,1,0,0,1,0,0,1,0,0,1,0,0,1,0,6,A,7,2,A,7,14.4,A,7,8.9,A,7,70,A,7,986,A,7,200,A,7,4.6,A,7,12900,B,7,77777,A,7,1.8,E,8,0.000,?,0,0.00,?,0,0,1,D,9,00,C,8
10/21/1977,22:00,0,0,0,1,0,0,1,0,0,1,0,0,1,0,0,1,0,0,1,0,0,1,0,3,A,7,0,A,7,14.4,A,7,9.4,A,7,72,A,7,986,A,7,220,A,7,5.2,A,7,11300,B,7,77777,A,7,1.9,E,8,0.000,?,0,0.00,?,0,0,1,D,9,00,C,8
10/21/1977,23:00,0,0,0,1,0,0,1,0,0,1,0,0,1,0,0,1,0,0,1,0,0,1,0,7,A,7,2,A,7,13.3,A,7,9.4,A,7,78,A,7,986,A,7,260,A,7,4.1,A,7,11300,B,7,77777,A,7,1.9,E,8,0.000,?,0,0.00,?,0,0,1,D,9,00,C,8
10/21/1977,24:00,0,0,0,1,0,0,1,0,0,1,0,0,1,0,0,1,0,0,1,0,0,1,0,7,A,7,3,A,7,11.7,A,7,8.9,A,7,83,A,7,987,A,7,230,A,7,2.6,A,7,11300,B,7,77777,A,7,1.8,E,8,0.000,?,0,0.00,?,0,0,1,D,9,00,C,8
10/22/1977,01:00,0,0,0,1,0,0,1,0,0,1,0,0,1,0,0,1,0,0,1,0,0,1,0,7,A,7,4,A,7,10.6,A,7,8.9,A,7,90,A,7,987,A,7,260,A,7,2.6,A,7,11300,B,7,7620,A,7,1.8,E,8,0.000,?,0,0.00,?,0,0,1,D,9,00,C,8
10/22/1977,02:00,0,0,0,1,0,0,1,0,0,1,0,0,1,0,0,1,0,0,1,0,0,1,0,10,A,7,10,A,7,11.7,A,7,10.6,A,7,93,A,7,988,A,7,290,A,7,2.1,A,7,8000,B,7,1680,A,7,2.0,E,8,0.000,?,0,0.00,?,0,0,1,D,9,45,C,8
10/22/1977,03:00,0,0,0,1,0,0,1,0,0,1,0,0,1,0,0,1,0,0,1,0,0,1,0,10,A,7,10,A,7,12.2,A,7,10.6,A,7,90,A,7,988,A,7,320,A,7,5.2,A,7,8000,B,7,1680,A,7,2.0,E,8,0.000,?,0,0.00,?,0,0,1,D,9,45,C,8
10/22/1977,04:00,0,0,0,1,0,0,1,0,0,1,0,0,1,0,0,1,0,0,1,0,0,1,0,10,A,7,10,A,7,11.1,A,7,9.4,A,7,90,A,7,989,A,7,360,A,7,4.6,A,7,8000,B,7,1680,A,7,1.9,E,8,0.000,?,0,0.00,?,0,0,1,D,9,45,C,8
10/22/1977,05:00,0,0,0,1,0,0,1,0,0,1,0,0,1,0,0,1,0,0,1,0,0,1,0,10,A,7,10,A,7,10.6,A,7,8.9,A,7,90,A,7,990,A,7,360,A,7,5.2,A,7,8000,B,7,1680,A,7,1.8,E,8,0.000,?,0,0.00,?,0,0,1,D,9,45,C,8
10/22/1977,06:00,0,0,0,1,0,0,1,0,0,1,0,0,1,0,0,1,0,0,1,0,0,1,0,10,A,7,10,A,7,10.0,A,7,6.7,A,7,80,A,7,992,A,7,10,A,7,3.6,A,7,11300,B,7,2130,A,7,1.6,E,8,0.000,?,0,0.00,?,0,0,1,D,9,80,C,8
10/22/1977,07:00,0,0,0,1,0,0,1,0,0,1,0,0,1,0,0,1,0,0,1,0,0,1,0,10,A,7,9,A,7,8.9,A,7,5.6,A,7,80,A,7,992,A,7,360,A,7,2.6,A,7,11300,B,7,2740,A,7,1.5,E,8,0.000,?,0,0.00,?,0,0,1,D,9,00,C,8
10/22/1977,08:00,111,1346,26,1,13,4,1,13,26,1,13,30,1,13,0,1,13,30,1,13,88,1,23,10,A,7,7,A,7,7.2,A,7,2.2,A,7,71,A,7,993,A,7,360,A,7,3.6,A,7,14500,B,7,2740,A,7,1.2,E,8,0.000,F,8,0.00,?,0,0,1,D,9,00,C,8
10/22/1977,09:00,343,1381,102,1,13,51,1,13,89,1,13,111,1,13,44,1,13,100,1,13,231,1,23,9,A,7,7,A,7,8.3,A,7,0.0,A,7,56,A,7,994,A,7,350,A,7,4.6,A,7,14500,B,7,2440,A,7,1.1,E,8,0.000,F,8,0.00,?,0,0,1,D,9,00,C,8
10/22/1977,10:00,542,1381,182,1,13,56,1,13,159,1,13,199,1,13,54,1,13,177,1,13,444,1,23,9,A,7,7,A,7,8.9,A,7,0.0,A,7,54,A,7,995,A,7,10,A,7,4.1,A,7,17700,B,7,2440,A,7,1.1,E,8,0.000,F,8,0.00,?,0,0,1,D,9,00,C,8
10/22/1977,11:00,693,1381,329,1,9,115,1,9,271,1,13,360,1,9,116,1,9,302,1,13,765,1,18,10,A,7,8,A,7,8.9,A,7,-1.1,A,7,50,A,7,994,A,7,30,A,7,5.7,A,7,17700,B,7,3660,A,7,1.0,E,8,0.000,F,8,0.00,?,0,0,1,D,9,00,C,8
10/22/1977,12:00,784,1381,278,1,9,29,1,9,262,1,13,315,1,9,27,1,9,300,1,13,1025,1,18,10,A,7,8,A,7,10.0,A,7,-0.6,A,7,48,A,7,995,A,7,30,A,7,4.1,A,7,17700,B,7,4570,A,7,1.0,E,8,0.000,F,8,0.00,?,0,0,1,D,9,00,C,8
10/22/1977,13:00,809,1381,271,1,9,66,1,9,232,1,13,298,1,9,67,1,9,259,1,13,756,1,18,10,A,7,9,A,7,10.6,A,7,-1.1,A,7,45,A,7,995,A,7,60,A,7,4.6,A,7,17700,B,7,3660,A,7,1.0,E,8,0.000,F,8,0.00,?,0,0,1,D,9,00,C,8
10/22/1977,14:00,767,1381,207,1,9,19,1,9,197,1,13,240,1,9,16,1,9,231,1,13,836,1,18,10,A,7,10,A,7,10.6,A,7,-2.2,A,7,41,A,7,995,A,7,60,A,7,4.6,A,7,20900,B,7,2440,A,7,0.9,E,8,0.000,F,8,0.00,?,0,0,1,D,9,00,C,8
10/22/1977,15:00,660,1381,171,1,9,3,1,9,170,1,13,196,1,9,2,1,9,195,1,13,692,1,18,10,A,7,10,A,7,10.6,A,7,0.6,A,7,50,A,7,995,A,7,40,A,7,4.1,A,7,20900,B,7,2440,A,7,1.1,E,8,0.000,F,8,0.00,?,0,0,1,D,9,00,C,8
10/22/1977,16:00,497,1381,94,1,9,5,1,9,92,1,13,109,1,9,3,1,9,108,1,13,380,1,18,10,A,7,10,A,7,10.0,A,7,0.6,A,7,52,A,7,995,A,7,70,A,7,3.6,A,7,20900,B,7,2440,A,7,1.1,E,8,0.000,F,8,0.00,?,0,0,1,D,9,00,C,8
10/22/1977,17:00,287,1381,55,1,13,3,1,9,55,1,13,64,1,13,1,1,9,63,1,13,205,1,21,10,A,7,10,A,7,9.4,A,7,0.6,A,7,54,A,7,995,A,7,30,A,7,3.1,A,7,20900,B,7,2440,A,7,1.1,E,8,0.000,F,8,0.00,?,0,0,1,D,9,00,C,8
10/22/1977,18:00,61,1001,15,1,13,0,1,9,15,1,13,17,1,13,0,1,9,17,1,13,54,1,21,10,A,7,10,A,7,8.9,A,7,0.0,A,7,54,A,7,996,A,7,30,A,7,2.6,A,7,20900,B,7,2130,A,7,1.1,E,8,0.000,F,8,0.00,?,0,0,1,D,9,00,C,8
10/22/1977,19:00,0,0,0,1,0,0,1,0,0,1,0,0,1,0,0,1,0,0,1,0,0,1,0,10,A,7,10,A,7,8.9,A,7,-0.6,A,7,52,A,7,996,A,7,50,A,7,3.1,A,7,20900,B,7,2130,A,7,1.0,E,8,0.000,?,0,0.00,?,0,0,1,D,9,00,C,8
10/22/1977,20:00,0,0,0,1,0,0,1,0,0,1,0,0,1,0,0,1,0,0,1,0,0,1,0,10,A,7,10,A,7,8.3,A,7,-1.1,A,7,52,A,7,997,A,7,70,A,7,4.1,A,7,20900,B,7,2130,A,7,1.0,E,8,0.000,?,0,0.00,?,0,0,1,D,9,00,C,8
10/22/1977,21:00,0,0,0,1,0,0,1,0,0,1,0,0,1,0,0,1,0,0,1,0,0,1,0,10,A,7,10,A,7,8.3,A,7,-1.1,A,7,52,A,7,997,A,7,50,A,7,3.6,A,7,20900,B,7,1830,A,7,1.0,E,8,0.000,?,0,0.00,?,0,0,1,D,9,00,C,8
10/22/1977,22:00,0,0,0,1,0,0,1,0,0,1,0,0,1,0,0,1,0,0,1,0,0,1,0,10,A,7,10,A,7,8.3,A,7,0.0,A,7,56,A,7,997,A,7,60,A,7,2.6,A,7,20900,B,7,1830,A,7,1.1,E,8,0.000,?,0,0.00,?,0,0,1,D,9,00,C,8
10/22/1977,23:00,0,0,0,1,0,0,1,0,0,1,0,0,1,0,0,1,0,0,1,0,0,1,0,10,A,7,10,A,7,7.8,A,7,0.6,A,7,61,A,7,997,A,7,50,A,7,4.6,A,7,20900,B,7,1830,A,7,1.1,E,8,0.000,?,0,0.00,?,0,0,1,D,9,00,C,8
10/22/1977,24:00,0,0,0,1,0,0,1,0,0,1,0,0,1,0,0,1,0,0,1,0,0,1,0,10,A,7,10,A,7,7.8,A,7,0.6,A,7,61,A,7,997,A,7,90,A,7,5.2,A,7,17700,B,7,2130,A,7,1.1,E,8,0.000,?,0,0.00,?,0,0,1,D,9,61,C,8
10/23/1977,01:00,0,0,0,1,0,0,1,0,0,1,0,0,1,0,0,1,0,0,1,0,0,1,0,10,A,7,10,A,7,6.7,A,7,1.1,A,7,68,A,7,998,A,7,80,A,7,3.1,A,7,17700,B,7,2130,A,7,1.2,E,8,0.000,?,0,0.00,?,0,0,1,D,9,00,C,8
10/23/1977,02:00,0,0,0,1,0,0,1,0,0,1,0,0,1,0,0,1,0,0,1,0,0,1,0,10,A,7,10,A,7,6.1,A,7,1.7,A,7,73,A,7,997,A,7,90,A,7,3.1,A,7,17700,B,7,2130,A,7,1.2,E,8,0.000,?,0,0.00,?,0,0,1,D,9,61,C,8
10/23/1977,03:00,0,0,0,1,0,0,1,0,0,1,0,0,1,0,0,1,0,0,1,0,0,1,0,10,A,7,10,A,7,6.7,A,7,2.2,A,7,74,A,7,997,A,7,70,A,7,3.6,A,7,20900,B,7,2130,A,7,1.2,E,8,0.000,?,0,0.00,?,0,0,1,D,9,00,C,8
10/23/1977,04:00,0,0,0,1,0,0,1,0,0,1,0,0,1,0,0,1,0,0,1,0,0,1,0,10,A,7,10,A,7,6.7,A,7,2.8,A,7,76,A,7,997,A,7,70,A,7,3.6,A,7,20900,B,7,2130,A,7,1.3,E,8,0.000,?,0,0.00,?,0,0,1,D,9,00,C,8
10/23/1977,05:00,0,0,0,1,0,0,1,0,0,1,0,0,1,0,0,1,0,0,1,0,0,1,0,10,A,7,10,A,7,6.7,A,7,2.8,A,7,76,A,7,998,A,7,80,A,7,4.1,A,7,20900,B,7,2130,A,7,1.3,E,8,0.000,?,0,0.00,?,0,0,1,D,9,00,C,8
10/23/1977,06:00,0,0,0,1,0,0,1,0,0,1,0,0,1,0,0,1,0,0,1,0,0,1,0,10,A,7,10,A,7,6.1,A,7,3.3,A,7,83,A,7,998,A,7,70,A,7,3.1,A,7,20900,B,7,2130,A,7,1.3,E,8,0.000,?,0,0.00,?,0,0,1,D,9,00,C,8
10/23/1977,07:00,0,0,0,1,0,0,1,0,0,1,0,0,1,0,0,1,0,0,1,0,0,1,0,10,A,7,10,A,7,6.1,A,7,1.7,A,7,73,A,7,998,A,7,70,A,7,3.1,A,7,20900,B,7,2130,A,7,1.2,E,8,0.000,?,0,0.00,?,0,0,1,D,9,00,C,8
10/23/1977,08:00,106,1324,24,1,13,2,1,9,24,1,13,27,1,13,0,1,9,27,1,13,82,1,21,10,A,7,10,A,7,6.7,A,7,1.7,A,7,71,A,7,998,A,7,90,A,7,4.1,A,7,17700,B,7,1830,A,7,1.2,E,8,0.000,F,8,0.00,?,0,0,1,D,9,00,C,8
10/23/1977,09:00,337,1381,98,1,13,3,1,9,98,1,13,109,1,13,2,1,9,109,1,13,330,1,21,10,A,7,10,A,7,6.7,A,7,2.2,A,7,74,A,7,998,A,7,90,A,7,5.7,A,7,17700,B,7,1680,A,7,1.2,E,8,0.000,F,8,0.00,?,0,0,1,D,9,00,C,8
10/23/1977,10:00,536,1381,168,1,9,1,1,9,168,1,13,188,1,9,1,1,9,188,1,13,606,1,18,10,A,7,10,A,7,7.2,A,7,2.8,A,7,74,A,7,998,A,7,80,A,7,4.1,A,7,17700,B,7,1680,A,7,1.3,E,8,0.000,F,8,0.00,?,0,0,1,D,9,00,C,8
10/23/1977,11:00,687,1381,220,1,9,1,1,9,220,1,13,249,1,9,1,1,9,248,1,13,841,1,18,10,A,7,10,A,7,7.8,A,7,4.4,A,7,80,A,7,998,A,7,100,A,7,6.7,A,7,17700,B,7,1680,A,7,1.4,E,8,0.000,F,8,0.00,?,0,0,1,D,9,00,C,8
10/23/1977,12:00,778,1381,268,1,9,1,1,9,267,1,13,302,1,9,1,1,9,301,1,13,1031,1,18,10,A,7,10,A,7,8.9,A,7,5.0,A,7,77,A,7,997,A,7,100,A,7,6.2,A,7,14500,B,7,580,A,7,1.5,E,8,0.000,F,8,0.00,?,0,0,1,D,9,00,C,8
10/23/1977,13:00,803,1381,274,1,9,0,1,9,274,1,13,310,1,9,0,1,9,310,1,13,1071,1,18,10,A,7,10,A,7,9.4,A,7,5.6,A,7,77,A,7,996,A,7,90,A,7,7.2,A,7,14500,B,7,1370,A,7,1.5,E,8,0.000,F,8,0.00,?,0,0,1,D,9,00,C,8
10/23/1977,14:00,761,1381,256,1,9,1,1,9,255,1,13,289,1,9,1,1,9,288,1,13,987,1,18,10,A,7,10,A,7,8.9,A,7,5.6,A,7,80,A,7,996,A,7,100,A,7,6.7,A,7,14500,B,7,1160,A,7,1.5,E,8,0.000,F,8,0.00,?,0,0,1,D,9,00,C,8
10/23/1977,15:00,654,1381,243,1,9,0,1,9,243,1,13,270,1,9,0,1,9,270,1,13,859,1,18,10,A,7,10,A,7,9.4,A,7,5.6,A,7,77,A,7,996,A,7,90,A,7,5.2,A,7,14500,B,7,1220,A,7,1.5,E,8,0.000,F,8,0.00,?,0,0,1,D,9,00,C,8
10/23/1977,16:00,490,1381,177,1,9,1,1,9,177,1,13,195,1,9,1,1,9,195,1,13,586,1,18,10,A,7,10,A,7,9.4,A,7,5.6,A,7,77,A,7,996,A,7,90,A,7,5.7,A,7,14500,B,7,1070,A,7,1.5,E,8,0.000,F,8,0.00,?,0,0,1,D,9,00,C,8
10/23/1977,17:00,281,1381,85,1,13,0,1,9,85,1,13,94,1,13,0,1,9,94,1,13,274,1,21,10,A,7,10,A,7,8.9,A,7,5.6,A,7,80,A,7,996,A,7,90,A,7,5.2,A,7,14500,B,7,1160,A,7,1.5,E,8,0.000,F,8,0.00,?,0,0,1,D,9,00,C,8
10/23/1977,18:00,57,956,20,1,13,0,1,9,20,1,13,22,1,13,0,1,9,22,1,13,66,1,21,10,A,7,10,A,7,8.3,A,7,4.4,A,7,77,A,7,996,A,7,110,A,7,3.6,A,7,14500,B,7,1160,A,7,1.4,E,8,0.000,F,8,0.00,?,0,0,1,D,9,00,C,8
10/23/1977,19:00,0,0,0,1,0,0,1,0,0,1,0,0,1,0,0,1,0,0,1,0,0,1,0,10,A,7,10,A,7,8.3,A,7,4.4,A,7,77,A,7,996,A,7,90,A,7,4.6,A,7,14500,B,7,1520,A,7,1.4,E,8,0.000,?,0,0.00,?,0,0,1,D,9,00,C,8
10/23/1977,20:00,0,0,0,1,0,0,1,0,0,1,0,0,1,0,0,1,0,0,1,0,0,1,0,10,A,7,10,A,7,8.3,A,7,4.4,A,7,77,A,7,996,A,7,110,A,7,5.2,A,7,14500,B,7,1830,A,7,1.4,E,8,0.000,?,0,0.00,?,0,0,1,D,9,00,C,8
10/23/1977,21:00,0,0,0,1,0,0,1,0,0,1,0,0,1,0,0,1,0,0,1,0,0,1,0,10,A,7,10,A,7,8.3,A,7,5.6,A,7,83,A,7,995,A,7,100,A,7,4.1,A,7,14500,B,7,1830,A,7,1.5,E,8,0.000,?,0,0.00,?,0,0,1,D,9,00,C,8
10/23/1977,22:00,0,0,0,1,0,0,1,0,0,1,0,0,1,0,0,1,0,0,1,0,0,1,0,10,A,7,10,A,7,8.3,A,7,5.6,A,7,83,A,7,996,A,7,90,A,7,3.6,A,7,14500,B,7,2130,A,7,1.5,E,8,0.000,?,0,0.00,?,0,0,1,D,9,00,C,8
10/23/1977,23:00,0,0,0,1,0,0,1,0,0,1,0,0,1,0,0,1,0,0,1,0,0,1,0,10,A,7,10,A,7,7.2,A,7,5.6,A,7,89,A,7,995,A,7,100,A,7,3.1,A,7,14500,B,7,2130,A,7,1.5,E,8,0.000,?,0,0.00,?,0,0,1,D,9,00,C,8
10/23/1977,24:00,0,0,0,1,0,0,1,0,0,1,0,0,1,0,0,1,0,0,1,0,0,1,0,10,A,7,10,A,7,7.8,A,7,6.1,A,7,89,A,7,994,A,7,90,A,7,3.1,A,7,14500,B,7,3660,A,7,1.5,E,8,0.000,?,0,0.00,?,0,0,1,D,9,00,C,8
10/24/1977,01:00,0,0,0,1,0,0,1,0,0,1,0,0,1,0,0,1,0,0,1,0,0,1,0,10,A,7,10,A,7,8.3,A,7,6.7,A,7,89,A,7,994,A,7,90,A,7,2.6,A,7,14500,B,7,3660,A,7,1.6,E,8,0.000,?,0,0.00,?,0,0,1,D,9,00,C,8
10/24/1977,02:00,0,0,0,1,0,0,1,0,0,1,0,0,1,0,0,1,0,0,1,0,0,1,0,10,A,7,10,A,7,7.8,A,7,6.1,A,7,89,A,7,994,A,7,80,A,7,2.1,A,7,17700,B,7,3660,A,7,1.5,E,8,0.000,?,0,0.00,?,0,0,1,D,9,00,C,8
10/24/1977,03:00,0,0,0,1,0,0,1,0,0,1,0,0,1,0,0,1,0,0,1,0,0,1,0,10,A,7,10,A,7,7.2,A,7,6.1,A,7,93,A,7,994,A,7,70,A,7,2.1,A,7,14500,B,7,3660,A,7,1.5,E,8,0.000,?,0,0.00,?,0,0,1,D,9,00,C,8
10/24/1977,04:00,0,0,0,1,0,0,1,0,0,1,0,0,1,0,0,1,0,0,1,0,0,1,0,10,A,7,10,A,7,7.2,A,7,6.1,A,7,93,A,7,994,A,7,80,A,7,2.1,A,7,11300,B,7,3660,A,7,1.5,E,8,0.000,?,0,0.00,?,0,0,1,D,9,00,C,8
10/24/1977,05:00,0,0,0,1,0,0,1,0,0,1,0,0,1,0,0,1,0,0,1,0,0,1,0,10,A,7,9,A,7,7.2,A,7,6.1,A,7,93,A,7,994,A,7,100,A,7,2.6,A,7,11300,B,7,3660,A,7,1.5,E,8,0.000,?,0,0.00,?,0,0,1,D,9,00,C,8
10/24/1977,06:00,0,0,0,1,0,0,1,0,0,1,0,0,1,0,0,1,0,0,1,0,0,1,0,5,A,7,5,A,7,6.7,A,7,5.6,A,7,93,A,7,994,A,7,110,A,7,2.6,A,7,11300,B,7,77777,A,7,1.5,E,8,0.000,?,0,0.00,?,0,0,1,D,9,00,C,8
10/24/1977,07:00,0,0,0,1,0,0,1,0,0,1,0,0,1,0,0,1,0,0,1,0,0,1,0,6,A,7,5,A,7,7.2,A,7,6.1,A,7,93,A,7,994,A,7,130,A,7,5.2,A,7,11300,B,7,7620,A,7,1.5,E,8,0.000,?,0,0.00,?,0,0,1,D,9,00,C,8
10/24/1977,08:00,101,1279,31,1,13,42,1,13,27,1,13,34,1,13,21,1,13,32,1,13,56,1,23,6,A,7,4,A,7,7.8,A,7,7.2,A,7,96,A,7,994,A,7,140,A,7,4.1,A,7,11300,B,7,7620,A,7,1.6,E,8,0.000,F,8,0.00,?,0,0,1,D,9,00,C,8
10/24/1977,09:00,332,1382,127,1,13,165,1,13,86,1,13,133,1,13,136,1,13,101,1,13,166,1,23,8,A,7,6,A,7,10.0,A,7,7.8,A,7,86,A,7,994,A,7,150,A,7,5.7,A,7,11300,B,7,4570,A,7,1.7,E,8,0.000,F,8,0.00,?,0,0,1,D,9,00,C,8
10/24/1977,10:00,531,1382,313,1,13,500,1,13,117,1,13,328,1,13,476,1,13,145,1,13,225,1,23,8,A,7,4,A,7,12.2,A,7,8.9,A,7,80,A,7,994,A,7,150,A,7,5.2,A,7,11300,B,7,77777,A,7,1.8,E,8,0.000,F,8,0.00,?,0,0,1,D,9,00,C,8
10/24/1977,11:00,681,1382,432,1,13,565,1,13,150,1,13,458,1,13,565,1,13,179,1,13,311,1,23,8,A,7,3,A,7,16.1,A,7,10.0,A,7,67,A,7,994,A,7,180,A,7,4.1,A,7,11300,B,7,77777,A,7,1.9,E,8,0.000,F,8,0.00,?,0,0,1,D,9,00,C,8
10/24/1977,12:00,771,1382,510,1,9,621,1,9,159,1,13,526,1,9,614,1,9,182,1,13,348,1,18,8,A,7,2,A,7,18.3,A,7,11.1,A,7,63,A,7,993,A,7,150,A,7,3.6,A,7,11300,B,7,77777,A,7,2.1,E,8,0.000,F,8,0.00,?,0,0,1,D,9,00,C,8
10/24/1977,13:00,796,1382,530,1,9,685,1,9,130,1,13,555,1,9,688,1,9,158,1,13,302,1,18,3,A,7,1,A,7,20.0,A,7,11.1,A,7,57,A,7,992,A,7,170,A,7,5.2,A,7,11300,B,7,77777,A,7,2.1,E,8,0.000,F,8,0.00,?,0,0,1,D,9,00,C,8
10/24/1977,14:00,754,1382,509,1,9,720,1,9,110,1,13,536,1,9,722,1,9,140,1,13,250,1,18,3,A,7,1,A,7,21.1,A,7,10.6,A,7,51,A,7,992,A,7,180,A,7,4.6,A,7,11300,B,7,77777,A,7,2.0,E,8,0.000,F,8,0.00,?,0,0,1,D,9,00,C,8
10/24/1977,15:00,647,1382,417,1,9,635,1,9,115,1,13,431,1,9,619,1,9,140,1,13,236,1,18,3,A,7,1,A,7,21.7,A,7,9.4,A,7,46,A,7,991,A,7,210,A,7,5.2,A,7,11300,B,7,77777,A,7,1.9,E,8,0.000,F,8,0.00,?,0,0,1,D,9,00,C,8
10/24/1977,16:00,483,1382,270,1,13,378,1,13,134,1,13,275,1,13,350,1,13,153,1,13,260,1,23,8,A,7,3,A,7,21.7,A,7,9.4,A,7,46,A,7,991,A,7,200,A,7,5.2,A,7,11300,B,7,77777,A,7,1.9,E,8,0.000,F,8,0.00,?,0,0,1,D,9,00,C,8
10/24/1977,17:00,274,1382,97,1,13,54,1,13,86,1,13,106,1,13,44,1,13,97,1,13,206,1,23,10,A,7,4,A,7,19.4,A,7,7.8,A,7,47,A,7,991,A,7,180,A,7,4.1,A,7,11300,B,7,77777,A,7,1.7,E,8,0.000,F,8,0.00,?,0,0,1,D,9,00,C,8
10/24/1977,18:00,52,933,22,1,13,14,1,13,20,1,13,23,1,13,8,1,13,22,1,13,48,1,23,10,A,7,4,A,7,17.2,A,7,8.3,A,7,56,A,7,991,A,7,180,A,7,3.1,A,7,11300,B,7,77777,A,7,1.8,E,8,0.000,F,8,0.00,?,0,0,1,D,9,00,C,8
10/24/1977,19:00,0,0,0,1,0,0,1,0,0,1,0,0,1,0,0,1,0,0,1,0,0,1,0,10,A,7,4,A,7,16.7,A,7,9.4,A,7,63,A,7,991,A,7,170,A,7,4.1,A,7,11300,B,7,77777,A,7,1.9,E,8,0.000,?,0,0.00,?,0,0,1,D,9,00,C,8
10/24/1977,20:00,0,0,0,1,0,0,1,0,0,1,0,0,1,0,0,1,0,0,1,0,0,1,0,10,A,7,5,A,7,17.2,A,7,10.6,A,7,65,A,7,991,A,7,170,A,7,4.6,A,7,11300,B,7,77777,A,7,2.0,E,8,0.000,?,0,0.00,?,0,0,1,D,9,00,C,8
10/24/1977,21:00,0,0,0,1,0,0,1,0,0,1,0,0,1,0,0,1,0,0,1,0,0,1,0,6,A,7,2,A,7,16.1,A,7,11.1,A,7,72,A,7,991,A,7,170,A,7,5.2,A,7,11300,B,7,77777,A,7,2.1,E,8,0.000,?,0,0.00,?,0,0,1,D,9,00,C,8
10/24/1977,22:00,0,0,0,1,0,0,1,0,0,1,0,0,1,0,0,1,0,0,1,0,0,1,0,0,A,7,0,A,7,15.6,A,7,11.1,A,7,75,A,7,991,A,7,170,A,7,4.1,A,7,11300,B,7,77777,A,7,2.1,E,8,0.000,?,0,0.00,?,0,0,1,D,9,00,C,8
10/24/1977,23:00,0,0,0,1,0,0,1,0,0,1,0,0,1,0,0,1,0,0,1,0,0,1,0,10,A,7,6,A,7,15.0,A,7,11.1,A,7,78,A,7,991,A,7,180,A,7,4.1,A,7,11300,B,7,3660,A,7,2.1,E,8,0.000,?,0,0.00,?,0,0,1,D,9,00,C,8
10/24/1977,24:00,0,0,0,1,0,0,1,0,0,1,0,0,1,0,0,1,0,0,1,0,0,1,0,10,A,7,8,A,7,14.4,A,7,11.1,A,7,81,A,7,991,A,7,180,A,7,3.1,A,7,11300,B,7,1830,A,7,2.1,E,8,0.000,?,0,0.00,?,0,0,1,D,9,00,C,8
10/25/1977,01:00,0,0,0,1,0,0,1,0,0,1,0,0,1,0,0,1,0,0,1,0,0,1,0,7,A,7,3,A,7,13.9,A,7,10.6,A,7,80,A,7,990,A,7,180,A,7,4.1,A,7,11300,B,7,77777,A,7,2.0,E,8,0.000,?,0,0.00,?,0,0,1,D,9,00,C,8
10/25/1977,02:00,0,0,0,1,0,0,1,0,0,1,0,0,1,0,0,1,0,0,1,0,0,1,0,10,A,7,3,A,7,13.3,A,7,10.6,A,7,83,A,7,990,A,7,180,A,7,4.1,A,7,8000,B,7,77777,A,7,2.0,E,8,0.000,?,0,0.00,?,0,0,1,D,9,05,C,8
10/25/1977,03:00,0,0,0,1,0,0,1,0,0,1,0,0,1,0,0,1,0,0,1,0,0,1,0,10,A,7,8,A,7,13.9,A,7,11.1,A,7,83,A,7,990,A,7,170,A,7,4.1,A,7,8000,B,7,1400,A,7,2.1,E,8,0.000,?,0,0.00,?,0,0,1,D,9,05,C,8
10/25/1977,04:00,0,0,0,1,0,0,1,0,0,1,0,0,1,0,0,1,0,0,1,0,0,1,0,10,A,7,10,A,7,13.9,A,7,10.6,A,7,80,A,7,990,A,7,170,A,7,4.6,A,7,8000,B,7,1520,A,7,2.0,E,8,0.000,?,0,0.00,?,0,0,1,D,9,05,C,8
10/25/1977,05:00,0,0,0,1,0,0,1,0,0,1,0,0,1,0,0,1,0,0,1,0,0,1,0,10,A,7,10,A,7,13.3,A,7,10.6,A,7,83,A,7,990,A,7,170,A,7,3.1,A,7,8000,B,7,2130,A,7,2.0,E,8,0.000,?,0,0.00,?,0,0,1,D,9,05,C,8
10/25/1977,06:00,0,0,0,1,0,0,1,0,0,1,0,0,1,0,0,1,0,0,1,0,0,1,0,10,A,7,10,A,7,13.9,A,7,10.6,A,7,80,A,7,990,A,7,170,A,7,2.1,A,7,8000,B,7,2130,A,7,2.0,E,8,0.000,?,0,0.00,?,0,0,1,D,9,05,C,8
10/25/1977,07:00,0,0,0,1,0,0,1,0,0,1,0,0,1,0,0,1,0,0,1,0,0,1,0,10,A,7,10,A,7,12.8,A,7,10.6,A,7,86,A,7,990,A,7,170,A,7,2.1,A,7,8000,B,7,2130,A,7,2.0,E,8,0.000,?,0,0.00,?,0,0,1,D,9,05,C,8
10/25/1977,08:00,97,1256,18,1,13,0,1,9,18,1,13,21,1,13,0,1,9,21,1,13,65,1,21,10,A,7,10,A,7,12.8,A,7,11.1,A,7,90,A,7,990,A,7,120,A,7,2.6,A,7,4800,B,7,2130,A,7,2.1,E,8,0.000,F,8,0.00,?,0,0,1,D,9,45,C,8
10/25/1977,09:00,326,1383,69,1,13,2,1,9,69,1,13,79,1,13,1,1,9,79,1,13,256,1,21,10,A,7,10,A,7,12.8,A,7,11.7,A,7,93,A,7,990,A,7,140,A,7,2.6,A,7,8000,B,7,1830,A,7,2.1,E,8,0.000,F,8,0.00,?,0,0,1,D,9,45,C,8
10/25/1977,10:00,525,1383,131,1,9,10,1,9,127,1,13,149,1,9,7,1,9,147,1,13,497,1,18,10,A,7,10,A,7,13.9,A,7,11.1,A,7,83,A,7,990,A,7,170,A,7,4.1,A,7,6400,B,7,2440,A,7,2.1,E,8,0.000,F,8,0.00,?,0,0,1,D,9,45,C,8
10/25/1977,11:00,675,1383,159,1,9,1,1,9,159,1,13,184,1,9,1,1,9,184,1,13,666,1,18,10,A,7,10,A,7,15.6,A,7,11.1,A,7,75,A,7,990,A,7,160,A,7,4.1,A,7,6400,B,7,2440,A,7,2.1,E,8,0.000,F,8,0.00,?,0,0,1,D,9,45,C,8
10/25/1977,12:00,765,1383,210,1,9,2,1,9,209,1,13,241,1,9,2,1,9,240,1,13,870,1,18,10,A,7,10,A,7,16.1,A,7,11.7,A,7,75,A,7,989,A,7,200,A,7,4.6,A,7,8000,B,7,2440,A,7,2.1,E,8,0.000,F,8,0.00,?,0,0,1,D,9,05,C,8
10/25/1977,13:00,790,1383,217,1,9,5,1,9,213,1,13,249,1,9,4,1,9,246,1,13,898,1,18,10,A,7,10,A,7,17.2,A,7,11.7,A,7,70,A,7,988,A,7,210,A,7,6.2,A,7,8000,B,7,2440,A,7,2.1,E,8,0.000,F,8,0.00,?,0,0,1,D,9,05,C,8
10/25/1977,14:00,748,1383,215,1,9,2,1,9,214,1,13,246,1,9,2,1,9,245,1,13,872,1,18,10,A,7,10,A,7,18.3,A,7,12.2,A,7,68,A,7,987,A,7,180,A,7,4.1,A,7,8000,B,7,2440,A,7,2.2,E,8,0.000,F,8,0.00,?,0,0,1,D,9,05,C,8
10/25/1977,15:00,641,1383,188,1,9,60,1,9,159,1,13,206,1,9,59,1,9,178,1,13,483,1,18,10,A,7,9,A,7,18.9,A,7,12.8,A,7,68,A,7,986,A,7,170,A,7,5.2,A,7,9700,B,7,6100,A,7,2.3,E,8,0.000,F,8,0.00,?,0,0,1,D,9,05,C,8
10/25/1977,16:00,477,1383,190,1,13,105,1,13,153,1,13,205,1,13,99,1,13,170,1,13,349,1,23,10,A,7,7,A,7,19.4,A,7,13.3,A,7,68,A,7,985,A,7,170,A,7,5.7,A,7,11300,B,7,6100,A,7,2.4,E,8,0.000,F,8,0.00,?,0,0,1,D,9,00,C,8
10/25/1977,17:00,268,1383,74,1,13,36,1,9,67,1,13,81,1,13,29,1,9,75,1,13,169,1,21,10,A,7,9,A,7,18.9,A,7,12.8,A,7,68,A,7,985,A,7,170,A,7,5.2,A,7,11300,B,7,1160,A,7,2.3,E,8,0.000,F,8,0.00,?,0,0,1,D,9,00,C,8
10/25/1977,18:00,49,887,7,1,13,0,1,9,7,1,13,8,1,13,0,1,9,8,1,13,27,1,21,10,A,7,10,A,7,18.3,A,7,12.8,A,7,70,A,7,985,A,7,200,A,7,3.6,A,7,11300,B,7,980,A,7,2.3,E,8,0.000,F,8,0.00,?,0,0,1,D,9,00,C,8
10/25/1977,19:00,0,0,0,1,0,0,1,0,0,1,0,0,1,0,0,1,0,0,1,0,0,1,0,10,A,7,10,A,7,17.8,A,7,13.3,A,7,75,A,7,986,A,7,190,A,7,3.1,A,7,6400,B,7,850,A,7,2.4,E,8,0.000,?,0,0.00,?,0,0,1,D,9,45,C,8
10/25/1977,20:00,0,0,0,1,0,0,1,0,0,1,0,0,1,0,0,1,0,0,1,0,0,1,0,10,A,7,10,A,7,15.6,A,7,14.4,A,7,93,A,7,986,A,7,180,A,7,2.6,A,7,6400,B,7,1370,A,7,2.5,E,8,0.000,?,0,0.00,?,0,0,1,D,9,45,C,8
10/25/1977,21:00,0,0,0,1,0,0,1,0,0,1,0,0,1,0,0,1,0,0,1,0,0,1,0,10,A,7,10,A,7,15.6,A,7,14.4,A,7,93,A,7,985,A,7,180,A,7,3.6,A,7,6400,B,7,1680,A,7,2.5,E,8,0.000,?,0,0.00,?,0,0,1,D,9,45,C,8
10/25/1977,22:00,0,0,0,1,0,0,1,0,0,1,0,0,1,0,0,1,0,0,1,0,0,1,0,5,A,7,5,A,7,15.0,A,7,13.9,A,7,93,A,7,985,A,7,200,A,7,4.1,A,7,6400,B,7,77777,A,7,2.4,E,8,0.000,?,0,0.00,?,0,0,1,D,9,45,C,8
10/25/1977,23:00,0,0,0,1,0,0,1,0,0,1,0,0,1,0,0,1,0,0,1,0,0,1,0,3,A,7,3,A,7,13.9,A,7,13.3,A,7,96,A,7,985,A,7,190,A,7,3.6,A,7,6400,B,7,77777,A,7,2.3,E,8,0.000,?,0,0.00,?,0,0,1,D,9,45,C,8
10/25/1977,24:00,0,0,0,1,0,0,1,0,0,1,0,0,1,0,0,1,0,0,1,0,0,1,0,0,A,7,0,A,7,12.8,A,7,12.2,A,7,96,A,7,984,A,7,170,A,7,3.6,A,7,6400,B,7,77777,A,7,2.2,E,8,0.000,?,0,0.00,?,0,0,1,D,9,45,C,8
10/26/1977,01:00,0,0,0,1,0,0,1,0,0,1,0,0,1,0,0,1,0,0,1,0,0,1,0,0,A,7,0,A,7,12.2,A,7,11.7,A,7,96,A,7,984,A,7,200,A,7,2.1,A,7,3200,B,7,77777,A,7,2.1,E,8,0.000,?,0,0.00,?,0,0,1,D,9,45,C,8
10/26/1977,02:00,0,0,0,1,0,0,1,0,0,1,0,0,1,0,0,1,0,0,1,0,0,1,0,3,A,7,3,A,7,11.7,A,7,11.7,A,7,100,A,7,983,A,7,190,A,7,2.1,A,7,1600,B,7,77777,A,7,2.1,E,8,0.000,?,0,0.00,?,0,0,1,D,9,45,C,8
10/26/1977,03:00,0,0,0,1,0,0,1,0,0,1,0,0,1,0,0,1,0,0,1,0,0,1,0,10,A,7,10,A,7,12.2,A,7,12.2,A,7,100,A,7,984,A,7,280,A,7,2.6,A,7,1600,B,7,210,A,7,2.2,E,8,0.000,?,0,0.00,?,0,0,1,D,9,45,C,8
10/26/1977,04:00,0,0,0,1,0,0,1,0,0,1,0,0,1,0,0,1,0,0,1,0,0,1,0,10,A,7,10,A,7,13.3,A,7,13.3,A,7,100,A,7,984,A,7,210,A,7,2.1,A,7,2400,B,7,240,A,7,2.3,E,8,0.000,?,0,0.00,?,0,0,1,D,9,45,C,8
10/26/1977,05:00,0,0,0,1,0,0,1,0,0,1,0,0,1,0,0,1,0,0,1,0,0,1,0,10,A,7,10,A,7,13.3,A,7,13.3,A,7,100,A,7,984,A,7,200,A,7,2.1,A,7,2400,B,7,370,A,7,2.3,E,8,0.000,?,0,0.00,?,0,0,1,D,9,45,C,8
10/26/1977,06:00,0,0,0,1,0,0,1,0,0,1,0,0,1,0,0,1,0,0,1,0,0,1,0,4,A,7,4,A,7,12.8,A,7,12.8,A,7,100,A,7,983,A,7,0,A,7,0.0,A,7,2400,B,7,77777,A,7,2.3,E,8,0.000,?,0,0.00,?,0,0,1,D,9,45,C,8
10/26/1977,07:00,0,0,0,1,0,0,1,0,0,1,0,0,1,0,0,1,0,0,1,0,0,1,0,10,A,7,10,A,7,12.8,A,7,12.8,A,7,100,A,7,982,A,7,240,A,7,2.6,A,7,3200,B,7,210,A,7,2.3,E,8,0.000,?,0,0.00,?,0,0,1,D,9,45,C,8
10/26/1977,08:00,92,1234,20,1,13,0,1,9,20,1,13,23,1,13,0,1,9,23,1,13,70,1,21,10,A,7,10,A,7,13.3,A,7,13.3,A,7,100,A,7,983,A,7,230,A,7,2.6,A,7,3200,B,7,150,A,7,2.3,E,8,0.000,F,8,0.00,?,0,0,1,D,9,45,C,8
10/26/1977,09:00,321,1384,76,1,13,9,1,9,74,1,13,86,1,13,4,1,9,85,1,13,267,1,21,10,A,7,10,A,7,13.3,A,7,13.3,A,7,100,A,7,983,A,7,280,A,7,2.6,A,7,3200,B,7,150,A,7,2.3,E,8,0.000,F,8,0.00,?,0,0,1,D,9,45,C,8
10/26/1977,10:00,519,1384,118,1,9,7,1,9,116,1,13,136,1,9,5,1,9,134,1,13,462,1,18,10,A,7,10,A,7,13.9,A,7,13.9,A,7,100,A,7,984,A,7,300,A,7,3.6,A,7,3200,B,7,180,A,7,2.4,E,8,0.000,F,8,0.00,?,0,0,1,D,9,04,C,8
10/26/1977,11:00,669,1384,188,1,9,3,1,9,187,1,13,215,1,9,2,1,9,213,1,13,744,1,18,10,A,7,10,A,7,14.4,A,7,13.9,A,7,96,A,7,984,A,7,260,A,7,3.1,A,7,4800,B,7,310,A,7,2.4,E,8,0.000,F,8,0.00,?,0,0,1,D,9,45,C,8
10/26/1977,12:00,759,1384,227,1,9,30,1,9,210,1,13,249,1,9,30,1,9,233,1,13,668,1,18,9,A,7,9,A,7,16.1,A,7,14.4,A,7,90,A,7,984,A,7,260,A,7,3.6,A,7,4800,B,7,460,A,7,2.5,E,8,0.000,F,8,0.00,?,0,0,1,D,9,45,C,8
10/26/1977,13:00,784,1384,349,1,9,186,1,9,242,1,13,380,1,9,194,1,9,270,1,13,635,1,18,8,A,7,8,A,7,17.2,A,7,13.9,A,7,81,A,7,983,A,7,260,A,7,4.6,A,7,4800,B,7,610,A,7,2.4,E,8,0.000,F,8,0.00,?,0,0,1,D,9,04,C,8
10/26/1977,14:00,741,1384,433,1,13,425,1,13,202,1,13,451,1,13,429,1,13,220,1,13,447,1,23,3,A,7,3,A,7,18.3,A,7,12.8,A,7,70,A,7,983,A,7,260,A,7,4.1,A,7,9700,B,7,77777,A,7,2.3,E,8,0.000,F,8,0.00,?,0,0,1,D,9,05,C,8
10/26/1977,15:00,634,1384,364,1,9,550,1,9,108,1,13,378,1,9,535,1,9,131,1,13,222,1,18,0,A,7,0,A,7,18.9,A,7,12.8,A,7,68,A,7,983,A,7,280,A,7,4.1,A,7,11300,B,7,77777,A,7,2.3,E,8,0.000,F,8,0.00,?,0,0,1,D,9,00,C,8
10/26/1977,16:00,471,1384,276,1,9,546,1,9,87,1,13,282,1,9,497,1,9,113,1,13,164,1,18,0,A,7,0,A,7,17.2,A,7,12.2,A,7,73,A,7,983,A,7,270,A,7,4.6,A,7,8000,B,7,77777,A,7,2.2,E,8,0.000,F,8,0.00,?,0,0,1,D,9,05,C,8
10/26/1977,17:00,261,1384,123,1,13,333,1,9,57,1,13,126,1,13,244,1,9,80,1,13,103,1,21,0,A,7,0,A,7,14.4,A,7,11.1,A,7,81,A,7,984,A,7,290,A,7,5.7,A,7,8000,B,7,77777,A,7,2.1,E,8,0.000,F,8,0.00,?,0,0,1,D,9,05,C,8
10/26/1977,18:00,45,865,21,1,13,31,1,9,18,1,13,22,1,13,13,1,9,21,1,13,37,1,21,0,A,7,0,A,7,11.1,A,7,10.0,A,7,93,A,7,984,A,7,280,A,7,3.6,A,7,4000,B,7,77777,A,7,1.9,E,8,0.000,F,8,0.00,?,0,0,1,D,9,45,C,8
10/26/1977,19:00,0,0,0,1,0,0,1,0,0,1,0,0,1,0,0,1,0,0,1,0,0,1,0,2,A,7,2,A,7,9.4,A,7,9.4,A,7,100,A,7,984,A,7,290,A,7,3.6,A,7,3200,B,7,77777,A,7,1.9,E,8,0.000,?,0,0.00,?,0,0,1,D,9,45,C,8
10/26/1977,20:00,0,0,0,1,0,0,1,0,0,1,0,0,1,0,0,1,0,0,1,0,0,1,0,6,A,7,6,A,7,8.3,A,7,8.3,A,7,100,A,7,984,A,7,270,A,7,3.6,A,7,3200,B,7,210,A,7,1.7,E,8,0.000,?,0,0.00,?,0,0,1,D,9,45,C,8
10/26/1977,21:00,0,0,0,1,0,0,1,0,0,1,0,0,1,0,0,1,0,0,1,0,0,1,0,10,A,7,10,A,7,8.3,A,7,8.3,A,7,100,A,7,985,A,7,270,A,7,4.1,A,7,3200,B,7,210,A,7,1.7,E,8,0.000,?,0,0.00,?,0,0,1,D,9,45,C,8
10/26/1977,22:00,0,0,0,1,0,0,1,0,0,1,0,0,1,0,0,1,0,0,1,0,0,1,0,10,A,7,10,A,7,8.9,A,7,8.9,A,7,100,A,7,985,A,7,280,A,7,4.1,A,7,2400,B,7,120,A,7,1.8,E,8,0.000,?,0,0.00,?,0,0,1,D,9,45,C,8
10/26/1977,23:00,0,0,0,1,0,0,1,0,0,1,0,0,1,0,0,1,0,0,1,0,0,1,0,10,A,7,10,A,7,8.9,A,7,8.9,A,7,100,A,7,985,A,7,270,A,7,3.6,A,7,2400,B,7,90,A,7,1.8,E,8,0.000,?,0,0.00,?,0,0,1,D,9,45,C,8
10/26/1977,24:00,0,0,0,1,0,0,1,0,0,1,0,0,1,0,0,1,0,0,1,0,0,1,0,10,A,7,10,A,7,8.3,A,7,8.3,A,7,100,A,7,985,A,7,260,A,7,3.1,A,7,2400,B,7,60,A,7,1.7,E,8,0.000,?,0,0.00,?,0,0,1,D,9,45,C,8
10/27/1977,01:00,0,0,0,1,0,0,1,0,0,1,0,0,1,0,0,1,0,0,1,0,0,1,0,10,A,7,10,A,7,7.8,A,7,7.8,A,7,100,A,7,985,A,7,270,A,7,3.6,A,7,400,B,7,30,A,7,1.7,E,8,0.000,?,0,0.00,?,0,0,1,D,9,45,C,8
10/27/1977,02:00,0,0,0,1,0,0,1,0,0,1,0,0,1,0,0,1,0,0,1,0,0,1,0,10,A,7,10,A,7,7.8,A,7,7.8,A,7,100,A,7,985,A,7,280,A,7,2.1,A,7,200,B,7,0,A,7,1.7,E,8,0.000,?,0,0.00,?,0,0,1,D,9,45,C,8
10/27/1977,03:00,0,0,0,1,0,0,1,0,0,1,0,0,1,0,0,1,0,0,1,0,0,1,0,10,A,7,10,A,7,7.8,A,7,7.8,A,7,100,A,7,986,A,7,270,A,7,3.1,A,7,200,B,7,0,A,7,1.7,E,8,0.000,?,0,0.00,?,0,0,1,D,9,45,C,8
10/27/1977,04:00,0,0,0,1,0,0,1,0,0,1,0,0,1,0,0,1,0,0,1,0,0,1,0,10,A,7,10,A,7,7.2,A,7,7.2,A,7,100,A,7,986,A,7,250,A,7,2.6,A,7,200,B,7,0,A,7,1.6,E,8,0.000,?,0,0.00,?,0,0,1,D,9,45,C,8
10/27/1977,05:00,0,0,0,1,0,0,1,0,0,1,0,0,1,0,0,1,0,0,1,0,0,1,0,10,A,7,10,A,7,7.2,A,7,7.2,A,7,100,A,7,986,A,7,250,A,7,3.6,A,7,200,B,7,0,A,7,1.6,E,8,0.000,?,0,0.00,?,0,0,1,D,9,45,C,8
10/27/1977,06:00,0,0,0,1,0,0,1,0,0,1,0,0,1,0,0,1,0,0,1,0,0,1,0,10,A,7,10,A,7,6.7,A,7,6.7,A,7,100,A,7,986,A,7,270,A,7,3.6,A,7,400,B,7,0,A,7,1.6,E,8,0.000,?,0,0.00,?,0,0,1,D,9,45,C,8
10/27/1977,07:00,0,0,0,1,0,0,1,0,0,1,0,0,1,0,0,1,0,0,1,0,0,1,0,10,A,7,10,A,7,6.7,A,7,6.7,A,7,100,A,7,985,A,7,250,A,7,3.1,A,7,200,B,7,0,A,7,1.6,E,8,0.000,?,0,0.00,?,0,0,1,D,9,45,C,8
10/27/1977,08:00,87,1211,20,1,13,1,1,9,20,1,13,23,1,13,0,1,9,23,1,13,70,1,21,10,A,7,10,A,7,6.7,A,7,6.7,A,7,100,A,7,985,A,7,220,A,7,3.1,A,7,200,B,7,0,A,7,1.6,E,8,0.000,F,8,0.00,?,0,0,1,D,9,45,C,8
10/27/1977,09:00,315,1385,59,1,13,1,1,9,58,1,13,67,1,13,0,1,9,67,1,13,221,1,21,10,A,7,10,A,7,7.2,A,7,7.2,A,7,100,A,7,985,A,7,250,A,7,4.1,A,7,200,B,7,0,A,7,1.6,E,8,0.000,F,8,0.00,?,0,0,1,D,9,45,C,8
10/27/1977,10:00,513,1385,155,1,9,6,1,9,153,1,13,174,1,9,4,1,9,172,1,13,556,1,18,10,A,7,10,A,7,7.8,A,7,7.8,A,7,100,A,7,985,A,7,260,A,7,3.6,A,7,400,B,7,30,A,7,1.7,E,8,0.000,F,8,0.00,?,0,0,1,D,9,45,C,8
10/27/1977,11:00,663,1385,155,1,9,2,1,9,155,1,13,180,1,9,2,1,9,179,1,13,647,1,18,10,A,7,10,A,7,8.9,A,7,8.9,A,7,100,A,7,985,A,7,230,A,7,4.1,A,7,1300,B,7,60,A,7,1.8,E,8,0.000,F,8,0.00,?,0,0,1,D,9,45,C,8
10/27/1977,12:00,753,1385,235,1,9,8,1,9,231,1,13,268,1,9,7,1,9,264,1,13,920,1,18,10,A,7,10,A,7,10.0,A,7,10.0,A,7,100,A,7,984,A,7,220,A,7,3.6,A,7,3200,B,7,180,A,7,1.9,E,8,0.000,F,8,0.00,?,0,0,1,D,9,45,C,8
10/27/1977,13:00,777,1385,497,1,13,443,1,13,245,1,13,529,1,13,467,1,13,266,1,13,592,1,23,8,A,7,7,A,7,12.8,A,7,11.7,A,7,93,A,7,984,A,7,260,A,7,3.6,A,7,4000,B,7,310,A,7,2.1,E,8,0.000,F,8,0.00,?,0,0,1,D,9,45,C,8
10/27/1977,14:00,735,1385,519,1,9,785,1,9,96,1,13,536,1,9,773,1,9,125,1,13,206,1,18,0,A,7,0,A,7,15.0,A,7,11.1,A,7,78,A,7,983,A,7,260,A,7,3.1,A,7,6400,B,7,77777,A,7,2.1,E,8,0.000,F,8,0.00,?,0,0,1,D,9,05,C,8
10/27/1977,15:00,628,1385,417,1,9,718,1,9,85,1,13,427,1,9,693,1,9,111,1,13,172,1,18,0,A,7,0,A,7,16.1,A,7,11.1,A,7,72,A,7,984,A,7,320,A,7,3.6,A,7,6400,B,7,77777,A,7,2.0,E,8,0.000,F,8,0.00,?,0,0,1,D,9,05,C,8
10/27/1977,16:00,464,1385,284,1,9,628,1,9,69,1,13,294,1,9,576,1,9,100,1,13,135,1,18,0,A,7,0,A,7,16.1,A,7,11.1,A,7,72,A,7,984,A,7,300,A,7,3.1,A,7,6400,B,7,77777,A,7,2.0,E,8,0.000,F,8,0.00,?,0,0,1,D,9,05,C,8
10/27/1977,17:00,255,1385,129,1,13,427,1,9,47,1,13,129,1,13,316,1,9,71,1,13,85,1,21,0,A,7,0,A,7,14.4,A,7,10.0,A,7,75,A,7,984,A,7,270,A,7,2.6,A,7,6400,B,7,77777,A,7,1.9,E,8,0.000,F,8,0.00,?,0,0,1,D,9,05,C,8
10/27/1977,18:00,41,842,9,1,13,3,1,9,9,1,13,10,1,13,2,1,9,10,1,13,23,1,21,9,A,7,9,A,7,12.8,A,7,10.0,A,7,83,A,7,985,A,7,330,A,7,3.1,A,7,6400,B,7,980,A,7,1.9,E,8,0.000,F,8,0.00,?,0,0,1,D,9,05,C,8
10/27/1977,19:00,0,0,0,1,0,0,1,0,0,1,0,0,1,0,0,1,0,0,1,0,0,1,0,10,A,7,10,A,7,12.8,A,7,10.0,A,7,83,A,7,985,A,7,310,A,7,2.1,A,7,6400,B,7,1220,A,7,1.9,E,8,0.000,?,0,0.00,?,0,0,1,D,9,05,C,8
10/27/1977,20:00,0,0,0,1,0,0,1,0,0,1,0,0,1,0,0,1,0,0,1,0,0,1,0,2,A,7,2,A,7,9.4,A,7,8.9,A,7,96,A,7,985,A,7,310,A,7,1.5,A,7,6400,B,7,77777,A,7,1.8,E,8,0.000,?,0,0.00,?,0,0,1,D,9,05,C,8
10/27/1977,21:00,0,0,0,1,0,0,1,0,0,1,0,0,1,0,0,1,0,0,1,0,0,1,0,3,A,7,3,A,7,8.9,A,7,8.3,A,7,96,A,7,985,A,7,280,A,7,1.5,A,7,6400,B,7,77777,A,7,1.7,E,8,0.000,?,0,0.00,?,0,0,1,D,9,05,C,8
10/27/1977,22:00,0,0,0,1,0,0,1,0,0,1,0,0,1,0,0,1,0,0,1,0,0,1,0,0,A,7,0,A,7,6.7,A,7,6.1,A,7,96,A,7,986,A,7,300,A,7,1.5,A,7,6400,B,7,77777,A,7,1.5,E,8,0.000,?,0,0.00,?,0,0,1,D,9,05,C,8
10/27/1977,23:00,0,0,0,1,0,0,1,0,0,1,0,0,1,0,0,1,0,0,1,0,0,1,0,0,A,7,0,A,7,5.6,A,7,5.6,A,7,100,A,7,987,A,7,320,A,7,2.1,A,7,2000,B,7,77777,A,7,1.5,E,8,0.000,?,0,0.00,?,0,0,1,D,9,11,C,8
10/27/1977,24:00,0,0,0,1,0,0,1,0,0,1,0,0,1,0,0,1,0,0,1,0,0,1,0,8,A,7,8,A,7,9.4,A,7,9.4,A,7,100,A,7,987,A,7,320,A,7,4.1,A,7,2000,B,7,580,A,7,1.9,E,8,0.000,?,0,0.00,?,0,0,1,D,9,45,C,8
10/28/1977,01:00,0,0,0,1,0,0,1,0,0,1,0,0,1,0,0,1,0,0,1,0,0,1,0,2,A,7,2,A,7,8.3,A,7,8.3,A,7,100,A,7,988,A,7,350,A,7,2.6,A,7,2000,B,7,77777,A,7,1.7,E,8,0.000,?,0,0.00,?,0,0,1,D,9,45,C,8
10/28/1977,02:00,0,0,0,1,0,0,1,0,0,1,0,0,1,0,0,1,0,0,1,0,0,1,0,0,A,7,0,A,7,6.7,A,7,6.7,A,7,100,A,7,988,A,7,350,A,7,2.1,A,7,2000,B,7,77777,A,7,1.6,E,8,0.000,?,0,0.00,?,0,0,1,D,9,45,C,8
10/28/1977,03:00,0,0,0,1,0,0,1,0,0,1,0,0,1,0,0,1,0,0,1,0,0,1,0,0,A,7,0,A,7,6.1,A,7,6.1,A,7,100,A,7,988,A,7,360,A,7,2.6,A,7,2000,B,7,77777,A,7,1.5,E,8,0.000,?,0,0.00,?,0,0,1,D,9,45,C,8
10/28/1977,04:00,0,0,0,1,0,0,1,0,0,1,0,0,1,0,0,1,0,0,1,0,0,1,0,0,A,7,0,A,7,6.1,A,7,6.1,A,7,100,A,7,989,A,7,30,A,7,2.1,A,7,2000,B,7,77777,A,7,1.5,E,8,0.000,?,0,0.00,?,0,0,1,D,9,45,C,8
10/28/1977,05:00,0,0,0,1,0,0,1,0,0,1,0,0,1,0,0,1,0,0,1,0,0,1,0,6,A,7,6,A,7,3.3,A,7,3.3,A,7,100,A,7,990,A,7,0,A,7,0.0,A,7,400,B,7,77777,A,7,1.3,E,8,0.000,?,0,0.00,?,0,0,1,D,9,45,C,8
10/28/1977,06:00,0,0,0,1,0,0,1,0,0,1,0,0,1,0,0,1,0,0,1,0,0,1,0,10,A,7,10,A,7,5.0,A,7,5.0,A,7,100,A,7,990,A,7,0,A,7,0.0,A,7,0,B,7,0,A,7,1.4,E,8,0.000,?,0,0.00,?,0,0,1,D,9,45,C,8
10/28/1977,07:00,0,0,0,1,0,0,1,0,0,1,0,0,1,0,0,1,0,0,1,0,0,1,0,10,A,7,10,A,7,3.9,A,7,3.9,A,7,100,A,7,991,A,7,0,A,7,0.0,A,7,0,B,7,0,A,7,1.3,E,8,0.000,?,0,0.00,?,0,0,1,D,9,45,C,8
10/28/1977,08:00,83,1189,13,1,13,1,1,9,13,1,13,15,1,13,0,1,9,15,1,13,49,1,21,10,A,7,10,A,7,4.4,A,7,4.4,A,7,100,A,7,991,A,7,0,A,7,0.0,A,7,0,B,7,0,A,7,1.4,E,8,0.000,F,8,0.00,?,0,0,1,D,9,45,C,8
10/28/1977,09:00,309,1385,83,1,13,4,1,9,82,1,13,92,1,13,2,1,9,92,1,13,282,1,21,10,A,7,10,A,7,5.0,A,7,5.0,A,7,100,A,7,992,A,7,0,A,7,0.0,A,7,0,B,7,0,A,7,1.4,E,8,0.000,F,8,0.00,?,0,0,1,D,9,45,C,8
10/28/1977,10:00,507,1385,133,1,9,2,1,9,133,1,13,151,1,9,1,1,9,151,1,13,504,1,18,10,A,7,10,A,7,6.7,A,7,6.7,A,7,100,A,7,992,A,7,0,A,7,0.0,A,7,0,B,7,0,A,7,1.6,E,8,0.000,F,8,0.00,?,0,0,1,D,9,45,C,8
10/28/1977,11:00,657,1385,377,1,13,492,1,13,141,1,13,401,1,13,489,1,13,168,1,13,287,1,23,4,A,7,4,A,7,8.9,A,7,8.9,A,7,100,A,7,992,A,7,0,A,7,0.0,A,7,4800,B,7,77777,A,7,1.8,E,8,0.000,F,8,0.00,?,0,0,1,D,9,45,C,8
10/28/1977,12:00,746,1385,524,1,9,767,1,9,105,1,13,538,1,9,754,1,9,130,1,13,219,1,18,0,A,7,0,A,7,12.8,A,7,10.6,A,7,86,A,7,992,A,7,0,A,7,0.0,A,7,9700,B,7,77777,A,7,2.0,E,8,0.000,F,8,0.00,?,0,0,1,D,9,45,C,8
10/28/1977,13:00,771,1385,544,1,9,773,1,9,108,1,13,560,1,9,762,1,9,134,1,13,230,1,18,0,A,7,0,A,7,15.0,A,7,8.3,A,7,65,A,7,992,A,7,110,A,7,3.1,A,7,12900,B,7,77777,A,7,1.8,E,8,0.000,F,8,0.00,?,0,0,1,D,9,00,C,8
10/28/1977,14:00,728,1385,513,1,9,768,1,9,103,1,13,526,1,9,753,1,9,128,1,13,213,1,18,0,A,7,0,A,7,15.6,A,7,6.7,A,7,56,A,7,992,A,7,90,A,7,2.6,A,7,16100,B,7,77777,A,7,1.6,E,8,0.000,F,8,0.00,?,0,0,1,D,9,00,C,8
10/28/1977,15:00,622,1385,418,1,9,714,1,9,92,1,13,437,1,9,697,1,9,123,1,13,191,1,18,0,A,7,0,A,7,16.1,A,7,6.1,A,7,52,A,7,991,A,7,30,A,7,4.1,A,7,16100,B,7,77777,A,7,1.5,E,8,0.000,F,8,0.00,?,0,0,1,D,9,00,C,8
10/28/1977,16:00,458,1385,279,1,9,609,1,9,73,1,13,287,1,9,555,1,9,103,1,13,141,1,18,0,A,7,0,A,7,16.7,A,7,5.6,A,7,48,A,7,991,A,7,10,A,7,3.6,A,7,16100,B,7,77777,A,7,1.5,E,8,0.000,F,8,0.00,?,0,0,1,D,9,00,C,8
10/28/1977,17:00,249,1385,122,1,13,390,1,9,49,1,13,122,1,13,285,1,9,70,1,13,87,1,21,0,A,7,0,A,7,15.6,A,7,4.4,A,7,48,A,7,991,A,7,360,A,7,2.1,A,7,16100,B,7,77777,A,7,1.4,E,8,0.000,F,8,0.00,?,0,0,1,D,9,00,C,8
10/28/1977,18:00,38,797,21,1,13,46,1,9,17,1,13,21,1,13,13,1,9,20,1,13,30,1,21,0,A,7,0,A,7,10.0,A,7,4.4,A,7,69,A,7,992,A,7,360,A,7,1.5,A,7,12900,B,7,77777,A,7,1.4,E,8,0.000,F,8,0.00,?,0,0,1,D,9,00,C,8
10/28/1977,19:00,0,0,0,1,0,0,1,0,0,1,0,0,1,0,0,1,0,0,1,0,0,1,0,1,A,7,0,A,7,5.0,A,7,4.4,A,7,96,A,7,992,A,7,0,A,7,0.0,A,7,12900,B,7,77777,A,7,1.4,E,8,0.000,?,0,0.00,?,0,0,1,D,9,00,C,8
10/28/1977,20:00,0,0,0,1,0,0,1,0,0,1,0,0,1,0,0,1,0,0,1,0,0,1,0,0,A,7,0,A,7,4.4,A,7,3.9,A,7,96,A,7,992,A,7,0,A,7,0.0,A,7,12900,B,7,77777,A,7,1.3,E,8,0.000,?,0,0.00,?,0,0,1,D,9,00,C,8
10/28/1977,21:00,0,0,0,1,0,0,1,0,0,1,0,0,1,0,0,1,0,0,1,0,0,1,0,0,A,7,0,A,7,3.3,A,7,2.2,A,7,93,A,7,992,A,7,0,A,7,0.0,A,7,12900,B,7,77777,A,7,1.2,E,8,0.000,?,0,0.00,?,0,0,1,D,9,00,C,8
10/28/1977,22:00,0,0,0,1,0,0,1,0,0,1,0,0,1,0,0,1,0,0,1,0,0,1,0,0,A,7,0,A,7,3.3,A,7,1.7,A,7,89,A,7,993,A,7,0,A,7,0.0,A,7,12900,B,7,77777,A,7,1.2,E,8,0.000,?,0,0.00,?,0,0,1,D,9,00,C,8
10/28/1977,23:00,0,0,0,1,0,0,1,0,0,1,0,0,1,0,0,1,0,0,1,0,0,1,0,2,A,7,0,A,7,1.7,A,7,1.1,A,7,96,A,7,993,A,7,10,A,7,2.1,A,7,12900,B,7,77777,A,7,1.1,E,8,0.000,?,0,0.00,?,0,0,1,D,9,00,C,8
10/28/1977,24:00,0,0,0,1,0,0,1,0,0,1,0,0,1,0,0,1,0,0,1,0,0,1,0,2,A,7,0,A,7,1.7,A,7,1.7,A,7,100,A,7,993,A,7,0,A,7,0.0,A,7,12900,B,7,77777,A,7,1.2,E,8,0.000,?,0,0.00,?,0,0,1,D,9,00,C,8
10/29/1977,01:00,0,0,0,1,0,0,1,0,0,1,0,0,1,0,0,1,0,0,1,0,0,1,0,0,A,7,0,A,7,2.8,A,7,2.8,A,7,100,A,7,993,A,7,60,A,7,2.6,A,7,12900,B,7,77777,A,7,1.3,E,8,0.000,?,0,0.00,?,0,0,1,D,9,00,C,8
10/29/1977,02:00,0,0,0,1,0,0,1,0,0,1,0,0,1,0,0,1,0,0,1,0,0,1,0,0,A,7,0,A,7,3.9,A,7,3.9,A,7,100,A,7,993,A,7,60,A,7,2.1,A,7,11300,B,7,77777,A,7,1.3,E,8,0.000,?,0,0.00,?,0,0,1,D,9,00,C,8
10/29/1977,03:00,0,0,0,1,0,0,1,0,0,1,0,0,1,0,0,1,0,0,1,0,0,1,0,6,A,7,6,A,7,3.3,A,7,3.3,A,7,100,A,7,993,A,7,60,A,7,3.1,A,7,6400,B,7,90,A,7,1.3,E,8,0.000,?,0,0.00,?,0,0,1,D,9,45,C,8
10/29/1977,04:00,0,0,0,1,0,0,1,0,0,1,0,0,1,0,0,1,0,0,1,0,0,1,0,10,A,7,10,A,7,5.0,A,7,5.0,A,7,100,A,7,993,A,7,80,A,7,3.1,A,7,0,B,7,0,A,7,1.4,E,8,0.000,?,0,0.00,?,0,0,1,D,9,45,C,8
10/29/1977,05:00,0,0,0,1,0,0,1,0,0,1,0,0,1,0,0,1,0,0,1,0,0,1,0,10,A,7,10,A,7,5.6,A,7,5.6,A,7,100,A,7,994,A,7,70,A,7,2.1,A,7,1000,B,7,60,A,7,1.5,E,8,0.000,?,0,0.00,?,0,0,1,D,9,45,C,8
10/29/1977,06:00,0,0,0,1,0,0,1,0,0,1,0,0,1,0,0,1,0,0,1,0,0,1,0,10,A,7,10,A,7,5.0,A,7,5.0,A,7,100,A,7,994,A,7,70,A,7,3.1,A,7,400,B,7,30,A,7,1.4,E,8,0.000,?,0,0.00,?,0,0,1,D,9,45,C,8
10/29/1977,07:00,0,0,0,1,0,0,1,0,0,1,0,0,1,0,0,1,0,0,1,0,0,1,0,10,A,7,10,A,7,5.0,A,7,5.0,A,7,100,A,7,994,A,7,60,A,7,2.6,A,7,800,B,7,60,A,7,1.4,E,8,0.000,?,0,0.00,?,0,0,1,D,9,45,C,8
10/29/1977,08:00,79,1144,8,1,13,3,1,9,8,1,13,9,1,13,2,1,9,9,1,13,21,1,21,10,A,7,10,A,7,5.6,A,7,5.6,A,7,100,A,7,994,A,7,90,A,7,2.6,A,7,1600,B,7,60,A,7,1.5,E,8,0.000,F,8,0.00,?,0,0,1,D,9,45,C,8
10/29/1977,09:00,304,1386,104,1,13,6,1,9,102,1,13,113,1,13,3,1,9,112,1,13,317,1,21,10,A,7,10,A,7,6.1,A,7,6.1,A,7,100,A,7,995,A,7,60,A,7,3.6,A,7,4000,B,7,180,A,7,1.5,E,8,0.000,F,8,0.00,?,0,0,1,D,9,45,C,8
10/29/1977,10:00,501,1386,146,1,9,11,1,9,141,1,13,163,1,9,8,1,9,160,1,13,520,1,18,10,A,7,10,A,7,6.7,A,7,6.7,A,7,100,A,7,996,A,7,30,A,7,2.6,A,7,6400,B,7,180,A,7,1.6,E,8,0.000,F,8,0.00,?,0,0,1,D,9,45,C,8
10/29/1977,11:00,651,1386,231,1,9,9,1,9,226,1,13,257,1,9,8,1,9,253,1,13,821,1,18,10,A,7,10,A,7,7.2,A,7,6.7,A,7,96,A,7,995,A,7,80,A,7,2.6,A,7,8000,B,7,270,A,7,1.6,E,8,0.000,F,8,0.00,?,0,0,1,D,9,45,C,8
10/29/1977,12:00,740,1386,231,1,9,5,1,9,228,1,13,262,1,9,4,1,9,260,1,13,902,1,18,10,A,7,10,A,7,8.3,A,7,7.2,A,7,93,A,7,995,A,7,50,A,7,2.6,A,7,8000,B,7,400,A,7,1.6,E,8,0.000,F,8,0.00,?,0,0,1,D,9,45,C,8
10/29/1977,13:00,765,1386,261,1,9,5,1,9,258,1,13,294,1,9,5,1,9,292,1,13,996,1,18,10,A,7,10,A,7,9.4,A,7,7.2,A,7,86,A,7,995,A,7,110,A,7,3.6,A,7,11300,B,7,460,A,7,1.6,E,8,0.000,F,8,0.00,?,0,0,1,D,9,00,C,8
10/29/1977,14:00,722,1386,248,1,9,3,1,9,246,1,13,278,1,9,3,1,9,277,1,13,930,1,18,10,A,7,10,A,7,10.0,A,7,7.2,A,7,83,A,7,994,A,7,90,A,7,3.6,A,7,12900,B,7,580,A,7,1.6,E,8,0.000,F,8,0.00,?,0,0,1,D,9,00,C,8
10/29/1977,15:00,615,1386,198,1,9,89,1,9,158,1,13,218,1,9,90,1,9,178,1,13,380,1,18,9,A,7,9,A,7,10.0,A,7,7.2,A,7,83,A,7,994,A,7,50,A,7,3.1,A,7,12900,B,7,640,A,7,1.6,E,8,0.000,F,8,0.00,?,0,0,1,D,9,00,C,8
10/29/1977,16:00,452,1386,126,1,9,9,1,9,123,1,13,141,1,9,6,1,9,140,1,13,448,1,18,10,A,7,10,A,7,11.1,A,7,7.2,A,7,77,A,7,993,A,7,40,A,7,4.1,A,7,11300,B,7,640,A,7,1.6,E,8,0.000,F,8,0.00,?,0,0,1,D,9,00,C,8
10/29/1977,17:00,243,1386,54,1,13,5,1,9,53,1,13,61,1,13,1,1,9,61,1,13,187,1,21,10,A,7,10,A,7,10.6,A,7,6.7,A,7,77,A,7,993,A,7,20,A,7,4.1,A,7,11300,B,7,700,A,7,1.6,E,8,0.000,F,8,0.00,?,0,0,1,D,9,00,C,8
10/29/1977,18:00,35,774,13,1,13,2,1,9,12,1,13,14,1,13,0,1,9,14,1,13,43,1,21,10,A,7,10,A,7,10.0,A,7,6.1,A,7,77,A,7,993,A,7,60,A,7,2.1,A,7,11300,B,7,700,A,7,1.5,E,8,0.000,F,8,0.00,?,0,0,1,D,9,00,C,8
10/29/1977,19:00,0,0,0,1,0,0,1,0,0,1,0,0,1,0,0,1,0,0,1,0,0,1,0,6,A,7,2,A,7,7.2,A,7,5.0,A,7,86,A,7,993,A,7,50,A,7,2.6,A,7,11300,B,7,77777,A,7,1.4,E,8,0.000,?,0,0.00,?,0,0,1,D,9,00,C,8
10/29/1977,20:00,0,0,0,1,0,0,1,0,0,1,0,0,1,0,0,1,0,0,1,0,0,1,0,2,A,7,0,A,7,6.1,A,7,4.4,A,7,89,A,7,993,A,7,60,A,7,1.5,A,7,11300,B,7,77777,A,7,1.4,E,8,0.000,?,0,0.00,?,0,0,1,D,9,00,C,8
10/29/1977,21:00,0,0,0,1,0,0,1,0,0,1,0,0,1,0,0,1,0,0,1,0,0,1,0,2,A,7,0,A,7,5.0,A,7,4.4,A,7,96,A,7,993,A,7,60,A,7,2.6,A,7,11300,B,7,77777,A,7,1.4,E,8,0.000,?,0,0.00,?,0,0,1,D,9,00,C,8
10/29/1977,22:00,0,0,0,1,0,0,1,0,0,1,0,0,1,0,0,1,0,0,1,0,0,1,0,2,A,7,0,A,7,5.0,A,7,4.4,A,7,96,A,7,994,A,7,60,A,7,2.1,A,7,11300,B,7,77777,A,7,1.4,E,8,0.000,?,0,0.00,?,0,0,1,D,9,00,C,8
10/29/1977,23:00,0,0,0,1,0,0,1,0,0,1,0,0,1,0,0,1,0,0,1,0,0,1,0,3,A,7,0,A,7,3.9,A,7,3.3,A,7,96,A,7,993,A,7,70,A,7,2.1,A,7,11300,B,7,77777,A,7,1.3,E,8,0.000,?,0,0.00,?,0,0,1,D,9,00,C,8
10/29/1977,24:00,0,0,0,1,0,0,1,0,0,1,0,0,1,0,0,1,0,0,1,0,0,1,0,0,A,7,0,A,7,3.3,A,7,3.3,A,7,100,A,7,993,A,7,80,A,7,2.1,A,7,11300,B,7,77777,A,7,1.3,E,8,0.000,?,0,0.00,?,0,0,1,D,9,00,C,8
10/30/1977,01:00,0,0,0,1,0,0,1,0,0,1,0,0,1,0,0,1,0,0,1,0,0,1,0,0,A,7,0,A,7,3.3,A,7,3.3,A,7,100,A,7,993,A,7,70,A,7,2.1,A,7,8000,B,7,77777,A,7,1.3,E,8,0.000,?,0,0.00,?,0,0,1,D,9,45,C,8
10/30/1977,02:00,0,0,0,1,0,0,1,0,0,1,0,0,1,0,0,1,0,0,1,0,0,1,0,6,A,7,0,A,7,2.2,A,7,2.2,A,7,100,A,7,993,A,7,60,A,7,2.6,A,7,4000,B,7,77777,A,7,1.2,E,8,0.000,?,0,0.00,?,0,0,1,D,9,45,C,8
10/30/1977,03:00,0,0,0,1,0,0,1,0,0,1,0,0,1,0,0,1,0,0,1,0,0,1,0,10,A,7,10,A,7,4.4,A,7,4.4,A,7,100,A,7,993,A,7,90,A,7,4.1,A,7,1600,B,7,60,A,7,1.4,E,8,0.000,?,0,0.00,?,0,0,1,D,9,45,C,8
10/30/1977,04:00,0,0,0,1,0,0,1,0,0,1,0,0,1,0,0,1,0,0,1,0,0,1,0,10,A,7,10,A,7,4.4,A,7,4.4,A,7,100,A,7,993,A,7,70,A,7,2.1,A,7,2400,B,7,60,A,7,1.4,E,8,0.000,?,0,0.00,?,0,0,1,D,9,45,C,8
10/30/1977,05:00,0,0,0,1,0,0,1,0,0,1,0,0,1,0,0,1,0,0,1,0,0,1,0,10,A,7,10,A,7,4.4,A,7,4.4,A,7,100,A,7,994,A,7,70,A,7,3.6,A,7,3200,B,7,90,A,7,1.4,E,8,0.000,?,0,0.00,?,0,0,1,D,9,45,C,8
10/30/1977,06:00,0,0,0,1,0,0,1,0,0,1,0,0,1,0,0,1,0,0,1,0,0,1,0,10,A,7,10,A,7,5.0,A,7,5.0,A,7,100,A,7,994,A,7,60,A,7,2.6,A,7,2400,B,7,90,A,7,1.4,E,8,0.000,?,0,0.00,?,0,0,1,D,9,45,C,8
10/30/1977,07:00,0,0,0,1,0,0,1,0,0,1,0,0,1,0,0,1,0,0,1,0,0,1,0,10,A,7,10,A,7,4.4,A,7,4.4,A,7,100,A,7,994,A,7,60,A,7,2.6,A,7,2400,B,7,90,A,7,1.4,E,8,0.000,?,0,0.00,?,0,0,1,D,9,45,C,8
10/30/1977,08:00,75,1121,23,1,13,3,1,9,23,1,13,26,1,13,0,1,9,26,1,13,76,1,21,10,A,7,10,A,7,4.4,A,7,4.4,A,7,100,A,7,994,A,7,60,A,7,1.5,A,7,2400,B,7,2130,A,7,1.4,E,8,0.000,F,8,0.00,?,0,0,1,D,9,45,C,8
10/30/1977,09:00,298,1387,93,1,13,1,1,9,93,1,13,102,1,13,0,1,9,102,1,13,298,1,21,10,A,7,10,A,7,5.6,A,7,5.6,A,7,100,A,7,994,A,7,100,A,7,3.1,A,7,4000,B,7,120,A,7,1.5,E,8,0.000,F,8,0.00,?,0,0,1,D,9,45,C,8
10/30/1977,10:00,496,1387,147,1,9,1,1,9,146,1,13,164,1,9,1,1,9,164,1,13,528,1,18,10,A,7,10,A,7,7.2,A,7,7.2,A,7,100,A,7,994,A,7,130,A,7,2.6,A,7,2400,B,7,120,A,7,1.6,E,8,0.000,F,8,0.00,?,0,0,1,D,9,45,C,8
10/30/1977,11:00,645,1387,191,1,9,6,1,9,188,1,13,216,1,9,5,1,9,214,1,13,729,1,18,10,A,7,10,A,7,8.9,A,7,8.3,A,7,96,A,7,994,A,7,120,A,7,5.7,A,7,4000,B,7,240,A,7,1.8,E,8,0.000,F,8,0.00,?,0,0,1,D,9,45,C,8
10/30/1977,12:00,734,1387,341,1,13,228,1,13,219,1,13,364,1,13,238,1,13,238,1,13,509,1,23,9,A,7,7,A,7,11.1,A,7,9.4,A,7,90,A,7,994,A,7,100,A,7,4.6,A,7,8000,B,7,340,A,7,1.9,E,8,0.000,F,8,0.00,?,0,0,1,D,9,45,C,8
10/30/1977,13:00,759,1387,440,1,13,499,1,13,163,1,13,469,1,13,507,1,13,191,1,13,357,1,23,9,A,7,3,A,7,12.8,A,7,9.4,A,7,80,A,7,992,A,7,80,A,7,4.1,A,7,11300,B,7,77777,A,7,1.9,E,8,0.000,F,8,0.00,?,0,0,1,D,9,00,C,8
10/30/1977,14:00,716,1387,472,1,9,649,1,9,131,1,13,488,1,9,640,1,9,156,1,13,279,1,18,9,A,7,2,A,7,14.4,A,7,8.9,A,7,70,A,7,992,A,7,80,A,7,3.6,A,7,12900,B,7,77777,A,7,1.8,E,8,0.000,F,8,0.00,?,0,0,1,D,9,00,C,8
10/30/1977,15:00,609,1387,356,1,13,486,1,13,138,1,13,374,1,13,476,1,13,164,1,13,276,1,23,10,A,7,4,A,7,15.0,A,7,8.9,A,7,67,A,7,992,A,7,120,A,7,5.7,A,7,14500,B,7,77777,A,7,1.8,E,8,0.000,F,8,0.00,?,0,0,1,D,9,00,C,8
10/30/1977,16:00,446,1387,255,1,13,434,1,13,113,1,13,263,1,13,392,1,13,137,1,13,215,1,23,10,A,7,4,A,7,14.4,A,7,8.3,A,7,67,A,7,991,A,7,110,A,7,6.2,A,7,14500,B,7,77777,A,7,1.8,E,8,0.000,F,8,0.00,?,0,0,1,D,9,00,C,8
10/30/1977,17:00,237,1387,122,1,13,343,1,9,61,1,13,124,1,13,238,1,9,83,1,13,112,1,21,7,A,7,2,A,7,12.8,A,7,8.3,A,7,75,A,7,991,A,7,90,A,7,4.6,A,7,12900,B,7,77777,A,7,1.8,E,8,0.000,F,8,0.00,?,0,0,1,D,9,00,C,8
10/30/1977,18:00,32,728,25,1,13,116,1,9,13,1,13,19,1,13,47,1,9,17,1,13,24,1,21,3,A,7,1,A,7,9.4,A,7,7.2,A,7,86,A,7,991,A,7,80,A,7,2.6,A,7,12900,B,7,77777,A,7,1.6,E,8,0.000,F,8,0.00,?,0,0,1,D,9,00,C,8
10/30/1977,19:00,0,0,0,1,0,0,1,0,0,1,0,0,1,0,0,1,0,0,1,0,0,1,0,2,A,7,1,A,7,8.9,A,7,6.7,A,7,86,A,7,991,A,7,100,A,7,4.1,A,7,12900,B,7,77777,A,7,1.6,E,8,0.000,?,0,0.00,?,0,0,1,D,9,00,C,8
10/30/1977,20:00,0,0,0,1,0,0,1,0,0,1,0,0,1,0,0,1,0,0,1,0,0,1,0,0,A,7,0,A,7,8.9,A,7,5.6,A,7,80,A,7,991,A,7,110,A,7,5.2,A,7,14500,B,7,77777,A,7,1.5,E,8,0.000,?,0,0.00,?,0,0,1,D,9,00,C,8
10/30/1977,21:00,0,0,0,1,0,0,1,0,0,1,0,0,1,0,0,1,0,0,1,0,0,1,0,0,A,7,0,A,7,8.3,A,7,3.3,A,7,71,A,7,991,A,7,120,A,7,4.6,A,7,14500,B,7,77777,A,7,1.3,E,8,0.000,?,0,0.00,?,0,0,1,D,9,00,C,8
10/30/1977,22:00,0,0,0,1,0,0,1,0,0,1,0,0,1,0,0,1,0,0,1,0,0,1,0,0,A,7,0,A,7,7.8,A,7,2.2,A,7,68,A,7,991,A,7,110,A,7,5.2,A,7,14500,B,7,77777,A,7,1.2,E,8,0.000,?,0,0.00,?,0,0,1,D,9,00,C,8
10/30/1977,23:00,0,0,0,1,0,0,1,0,0,1,0,0,1,0,0,1,0,0,1,0,0,1,0,4,A,7,1,A,7,6.7,A,7,2.2,A,7,74,A,7,990,A,7,110,A,7,4.6,A,7,14500,B,7,77777,A,7,1.2,E,8,0.000,?,0,0.00,?,0,0,1,D,9,00,C,8
10/30/1977,24:00,0,0,0,1,0,0,1,0,0,1,0,0,1,0,0,1,0,0,1,0,0,1,0,7,A,7,2,A,7,6.1,A,7,2.8,A,7,79,A,7,990,A,7,100,A,7,4.1,A,7,14500,B,7,77777,A,7,1.3,E,8,0.000,?,0,0.00,?,0,0,1,D,9,00,C,8
10/31/1977,01:00,0,0,0,1,0,0,1,0,0,1,0,0,1,0,0,1,0,0,1,0,0,1,0,8,A,7,2,A,7,6.1,A,7,3.9,A,7,86,A,7,989,A,7,90,A,7,4.6,A,7,14500,B,7,77777,A,7,1.3,E,8,0.000,?,0,0.00,?,0,0,1,D,9,00,C,8
10/31/1977,02:00,0,0,0,1,0,0,1,0,0,1,0,0,1,0,0,1,0,0,1,0,0,1,0,8,A,7,2,A,7,6.1,A,7,5.0,A,7,93,A,7,989,A,7,100,A,7,4.6,A,7,14500,B,7,77777,A,7,1.4,E,8,0.000,?,0,0.00,?,0,0,1,D,9,00,C,8
10/31/1977,03:00,0,0,0,1,0,0,1,0,0,1,0,0,1,0,0,1,0,0,1,0,0,1,0,3,A,7,0,A,7,6.1,A,7,6.1,A,7,100,A,7,989,A,7,110,A,7,4.6,A,7,14500,B,7,77777,A,7,1.5,E,8,0.000,?,0,0.00,?,0,0,1,D,9,00,C,8
10/31/1977,04:00,0,0,0,1,0,0,1,0,0,1,0,0,1,0,0,1,0,0,1,0,0,1,0,0,A,7,0,A,7,6.7,A,7,6.7,A,7,100,A,7,988,A,7,110,A,7,4.1,A,7,11300,B,7,77777,A,7,1.6,E,8,0.000,?,0,0.00,?,0,0,1,D,9,00,C,8
10/31/1977,05:00,0,0,0,1,0,0,1,0,0,1,0,0,1,0,0,1,0,0,1,0,0,1,0,10,A,7,2,A,7,7.2,A,7,6.7,A,7,96,A,7,988,A,7,120,A,7,5.2,A,7,11300,B,7,77777,A,7,1.6,E,8,0.000,?,0,0.00,?,0,0,1,D,9,00,C,8
10/31/1977,06:00,0,0,0,1,0,0,1,0,0,1,0,0,1,0,0,1,0,0,1,0,0,1,0,6,A,7,1,A,7,7.8,A,7,6.1,A,7,89,A,7,987,A,7,110,A,7,5.2,A,7,11300,B,7,77777,A,7,1.5,E,8,0.000,?,0,0.00,?,0,0,1,D,9,00,C,8
10/31/1977,07:00,0,0,0,1,0,0,1,0,0,1,0,0,1,0,0,1,0,0,1,0,0,1,0,10,A,7,4,A,7,7.8,A,7,5.6,A,7,86,A,7,987,A,7,130,A,7,5.7,A,7,11300,B,7,77777,A,7,1.5,E,8,0.000,?,0,0.00,?,0,0,1,D,9,00,C,8
10/31/1977,08:00,71,1098,26,1,13,20,1,13,25,1,13,29,1,13,12,1,13,28,1,13,59,1,23,7,A,7,5,A,7,7.8,A,7,5.6,A,7,86,A,7,987,A,7,130,A,7,6.2,A,7,11300,B,7,3050,A,7,1.5,E,8,0.000,F,8,0.00,?,0,0,1,D,9,00,C,8
10/31/1977,09:00,293,1388,97,1,13,55,1,9,85,1,13,106,1,13,46,1,9,96,1,13,209,1,21,10,A,7,8,A,7,9.4,A,7,5.0,A,7,74,A,7,987,A,7,150,A,7,6.2,A,7,11300,B,7,1220,A,7,1.4,E,8,0.000,F,8,0.00,?,0,0,1,D,9,00,C,8
10/31/1977,10:00,490,1388,220,1,13,295,1,13,115,1,13,236,1,13,282,1,13,136,1,13,227,1,23,10,A,7,5,A,7,11.7,A,7,6.1,A,7,69,A,7,987,A,7,180,A,7,9.3,A,7,11300,B,7,77777,A,7,1.5,E,8,0.000,F,8,0.00,?,0,0,1,D,9,00,C,8
10/31/1977,11:00,639,1388,330,1,13,340,1,13,171,1,13,353,1,13,347,1,13,192,1,13,369,1,23,10,A,7,5,A,7,12.8,A,7,7.2,A,7,69,A,7,986,A,7,160,A,7,8.2,A,7,11300,B,7,77777,A,7,1.6,E,8,0.000,F,8,0.00,?,0,0,1,D,9,00,C,8
10/31/1977,12:00,728,1388,410,1,13,403,1,13,196,1,13,428,1,13,406,1,13,214,1,13,428,1,23,10,A,7,5,A,7,14.4,A,7,8.3,A,7,67,A,7,986,A,7,160,A,7,7.2,A,7,11300,B,7,77777,A,7,1.7,E,8,0.000,F,8,0.00,?,0,0,1,D,9,00,C,8
10/31/1977,13:00,752,1388,233,1,9,13,1,9,226,1,13,265,1,9,11,1,9,259,1,13,906,1,18,10,A,7,10,A,7,15.6,A,7,10.0,A,7,70,A,7,985,A,7,150,A,7,7.7,A,7,11300,B,7,580,A,7,1.9,E,8,0.000,F,8,0.00,?,0,0,1,D,9,00,C,8
10/31/1977,14:00,710,1388,198,1,9,7,1,9,195,1,13,227,1,9,6,1,9,224,1,13,792,1,18,10,A,7,10,A,7,15.6,A,7,10.0,A,7,70,A,7,984,A,7,160,A,7,7.2,A,7,11300,B,7,700,A,7,1.9,E,8,0.000,F,8,0.00,?,0,0,1,D,9,00,C,8
10/31/1977,15:00,603,1388,291,1,9,112,1,9,241,1,13,317,1,9,111,1,9,269,1,13,639,1,18,10,A,7,8,A,7,16.7,A,7,10.6,A,7,67,A,7,984,A,7,140,A,7,8.2,A,7,9700,B,7,700,A,7,2.0,E,8,0.000,F,8,0.00,?,0,0,1,D,9,05,C,8
10/31/1977,16:00,440,1388,154,1,9,55,1,9,136,1,13,168,1,9,51,1,9,152,1,13,355,1,18,10,A,7,10,A,7,16.1,A,7,10.0,A,7,67,A,7,983,A,7,150,A,7,7.7,A,7,9700,B,7,3050,A,7,1.9,E,8,0.000,F,8,0.00,?,0,0,1,D,9,05,C,8
10/31/1977,17:00,232,1388,32,1,13,21,1,9,28,1,13,35,1,13,16,1,9,32,1,13,77,1,21,10,A,7,10,A,7,16.1,A,7,9.4,A,7,65,A,7,984,A,7,160,A,7,7.2,A,7,11300,B,7,850,A,7,1.9,E,8,0.000,F,8,0.00,?,0,0,1,D,9,61,C,8
10/31/1977,18:00,29,705,13,1,13,0,1,9,13,1,13,15,1,13,0,1,9,15,1,13,45,1,21,10,A,7,10,A,7,15.6,A,7,10.0,A,7,70,A,7,984,A,7,150,A,7,7.2,A,7,8000,B,7,850,A,7,1.9,E,8,0.000,F,8,0.00,?,0,0,1,D,9,05,C,8
10/31/1977,19:00,0,0,0,1,0,0,1,0,0,1,0,0,1,0,0,1,0,0,1,0,0,1,0,10,A,7,10,A,7,15.6,A,7,9.4,A,7,67,A,7,984,A,7,160,A,7,7.2,A,7,8000,B,7,2740,A,7,1.9,E,8,0.000,?,0,0.00,?,0,0,1,D,9,05,C,8
10/31/1977,20:00,0,0,0,1,0,0,1,0,0,1,0,0,1,0,0,1,0,0,1,0,0,1,0,10,A,7,10,A,7,14.4,A,7,10.0,A,7,75,A,7,984,A,7,160,A,7,8.2,A,7,8000,B,7,2740,A,7,1.9,E,8,0.000,?,0,0.00,?,0,0,1,D,9,05,C,8
10/31/1977,21:00,0,0,0,1,0,0,1,0,0,1,0,0,1,0,0,1,0,0,1,0,0,1,0,10,A,7,10,A,7,12.8,A,7,10.6,A,7,86,A,7,984,A,7,150,A,7,7.7,A,7,8000,B,7,980,A,7,2.0,E,8,0.000,?,0,0.00,?,0,5,1,D,9,05,C,8
10/31/1977,22:00,0,0,0,1,0,0,1,0,0,1,0,0,1,0,0,1,0,0,1,0,0,1,0,10,A,7,10,A,7,13.1,A,7,11.1,A,7,93,A,7,984,A,7,160,A,7,7.2,A,7,6400,B,7,1370,A,7,2.1,E,8,0.000,?,0,0.00,?,0,0,1,D,9,45,C,8
10/31/1977,23:00,0,0,0,1,0,0,1,0,0,1,0,0,1,0,0,1,0,0,1,0,0,1,0,10,A,7,10,A,7,13.4,A,7,11.7,A,7,96,A,7,984,A,7,160,A,7,6.7,A,7,4000,B,7,700,A,7,2.1,E,8,0.000,?,0,0.00,?,0,0,1,D,9,45,C,8
10/31/1977,24:00,0,0,0,1,0,0,1,0,0,1,0,0,1,0,0,1,0,0,1,0,0,1,0,10,A,7,10,A,7,13.7,A,7,12.2,A,7,100,A,7,984,A,7,190,A,7,6.2,A,7,4800,B,7,370,A,7,2.3,E,8,0.000,?,0,0.00,?,0,0,1,D,9,45,C,8
11/01/1979,01:00,0,0,0,1,0,0,1,0,0,1,0,0,1,0,0,1,0,0,1,0,0,1,0,10,A,7,10,A,7,14.1,A,7,12.8,A,7,63,A,7,977,A,7,160,A,7,5.6,A,7,11300,B,7,1830,A,7,2.0,E,8,0.000,?,0,0.00,?,0,0,1,D,9,00,C,8
11/01/1979,02:00,0,0,0,1,0,0,1,0,0,1,0,0,1,0,0,1,0,0,1,0,0,1,0,10,B,8,10,B,8,14.4,B,8,13.3,B,8,74,B,8,977,B,8,170,B,8,5.1,B,8,9133,C,8,1523,B,8,2.2,E,8,0.000,?,0,0.00,?,0,0,1,D,9,00,C,8
11/01/1979,03:00,0,0,0,1,0,0,1,0,0,1,0,0,1,0,0,1,0,0,1,0,0,1,0,10,B,8,10,B,8,14.7,B,8,13.9,B,8,86,B,8,977,B,8,190,B,8,4.6,B,8,6966,C,8,1217,B,8,2.4,E,8,0.000,?,0,0.00,?,0,0,1,D,9,00,C,8
11/01/1979,04:00,0,0,0,1,0,0,1,0,0,1,0,0,1,0,0,1,0,0,1,0,0,1,0,10,A,7,10,A,7,15.0,A,7,14.4,A,7,97,A,7,977,A,7,200,A,7,4.1,A,7,4800,B,7,910,A,7,2.5,E,8,0.000,?,0,0.00,?,0,20,1,D,9,81,C,8
11/01/1979,05:00,0,0,0,1,0,0,1,0,0,1,0,0,1,0,0,1,0,0,1,0,0,1,0,10,B,8,10,B,8,14.1,B,8,13.9,B,8,98,B,8,977,B,8,190,B,8,5.3,B,8,4800,C,8,910,B,8,2.4,E,8,0.000,?,0,0.00,?,0,23,1,D,9,80,C,8
11/01/1979,06:00,0,0,0,1,0,0,1,0,0,1,0,0,1,0,0,1,0,0,1,0,0,1,0,10,B,8,10,B,8,13.1,B,8,13.1,B,8,99,B,8,977,B,8,170,B,8,6.5,B,8,4800,C,8,910,B,8,2.3,E,8,0.000,?,0,0.00,?,0,30,1,D,9,80,C,8
11/01/1979,07:00,0,0,0,1,0,0,1,0,0,1,0,0,1,0,0,1,0,0,1,0,0,1,0,10,A,7,10,A,7,12.2,A,7,12.2,A,7,100,A,7,977,A,7,160,A,7,7.7,A,7,4800,B,7,910,A,7,2.2,E,8,0.000,?,0,0.00,?,0,0,1,D,9,81,C,8
11/01/1979,08:00,68,1076,18,1,13,1,1,9,18,1,13,21,1,13,0,1,9,21,1,13,63,1,21,9,B,8,9,B,8,12.0,B,8,10.1,B,8,90,B,8,977,B,8,190,B,8,7.7,B,8,8033,C,8,910,B,8,2.0,E,8,0.000,F,8,0.00,?,0,0,1,D,9,00,C,8
11/01/1979,09:00,290,1388,59,1,13,18,1,9,55,1,13,65,1,13,15,1,9,62,1,13,147,1,21,9,B,8,9,B,8,11.9,B,8,8.3,B,8,79,B,8,978,B,8,210,B,8,7.7,B,8,11266,C,8,910,B,8,1.7,E,8,0.000,F,8,0.00,?,0,0,1,D,9,00,C,8
11/01/1979,10:00,487,1388,155,1,9,66,1,9,132,1,13,170,1,9,62,1,9,148,1,13,363,1,18,8,A,7,8,A,7,11.7,A,7,6.1,A,7,69,A,7,978,A,7,240,A,7,7.7,A,7,14500,B,7,910,A,7,1.5,E,8,0.000,F,8,0.00,?,0,0,1,D,9,00,C,8
11/01/1979,11:00,636,1388,129,1,9,42,1,9,110,1,13,143,1,9,41,1,9,124,1,13,350,1,18,9,B,8,9,B,8,11.1,B,8,5.7,B,8,68,B,8,978,B,8,240,B,8,7.7,B,8,14500,C,8,860,B,8,1.5,E,8,0.000,F,8,0.00,?,0,0,1,D,9,00,C,8
11/01/1979,12:00,725,1388,234,1,9,67,1,9,199,1,13,258,1,9,67,1,9,223,1,13,620,1,18,9,B,8,9,B,8,10.6,B,8,5.0,B,8,67,B,8,979,B,8,250,B,8,7.7,B,8,14500,C,8,810,B,8,1.4,E,8,0.000,F,8,0.00,?,0,0,1,D,9,00,C,8
11/01/1979,13:00,749,1388,161,1,9,5,1,9,158,1,13,188,1,9,4,1,9,186,1,13,698,1,18,10,A,7,10,A,7,10.0,A,7,3.9,A,7,66,A,7,979,A,7,250,A,7,7.7,A,7,14500,B,7,760,A,7,1.3,E,8,0.000,F,8,0.00,?,0,0,1,D,9,00,C,8
11/01/1979,14:00,707,1388,214,1,9,1,1,9,213,1,13,242,1,9,1,1,9,242,1,13,837,1,18,10,B,8,10,B,8,9.6,B,8,3.6,B,8,65,B,8,979,B,8,250,B,8,8.9,B,8,15566,C,8,963,B,8,1.3,E,8,0.000,F,8,0.00,?,0,0,1,D,9,00,C,8
11/01/1979,15:00,600,1388,125,1,9,7,1,9,122,1,13,145,1,9,5,1,9,143,1,13,514,1,18,10,B,8,10,B,8,9.3,B,8,3.0,B,8,64,B,8,980,B,8,250,B,8,10.1,B,8,16633,C,8,1167,B,8,1.2,E,8,0.000,F,8,0.00,?,0,0,1,D,9,00,C,8
11/01/1979,16:00,437,1388,80,1,9,1,1,9,80,1,13,93,1,9,1,1,9,93,1,13,322,1,18,10,A,7,10,A,7,8.9,A,7,2.2,A,7,63,A,7,980,A,7,250,A,7,11.3,A,7,17700,B,7,1370,A,7,1.2,E,8,0.000,F,8,0.00,?,0,0,1,D,9,00,C,8
11/01/1979,17:00,229,1388,46,1,13,2,1,9,46,1,13,53,1,13,0,1,9,52,1,13,165,1,21,10,B,8,10,B,8,8.3,B,8,1.8,B,8,63,B,8,981,B,8,250,B,8,11.0,B,8,18766,C,8,1300,B,8,1.2,E,8,0.000,F,8,0.00,?,0,0,1,D,9,00,C,8
11/01/1979,18:00,28,683,13,1,13,0,1,9,13,1,13,15,1,13,0,1,9,15,1,13,45,1,21,10,B,8,10,B,8,7.8,B,8,1.3,B,8,63,B,8,982,B,8,240,B,8,10.6,B,8,19833,C,8,1230,B,8,1.1,E,8,0.000,F,8,0.00,?,0,0,1,D,9,00,C,8
11/01/1979,19:00,0,0,0,1,0,0,1,0,0,1,0,0,1,0,0,1,0,0,1,0,0,1,0,10,A,7,10,A,7,7.2,A,7,0.6,A,7,63,A,7,982,A,7,240,A,7,10.3,A,7,20900,B,7,1160,A,7,1.1,E,8,0.000,?,0,0.00,?,0,0,1,D,9,00,C,8
11/01/1979,20:00,0,0,0,1,0,0,1,0,0,1,0,0,1,0,0,1,0,0,1,0,0,1,0,10,B,8,10,B,8,7.0,B,8,1.1,B,8,66,B,8,983,B,8,240,B,8,9.4,B,8,20900,C,8,1230,B,8,1.1,E,8,0.000,?,0,0.00,?,0,0,1,D,9,00,C,8
11/01/1979,21:00,0,0,0,1,0,0,1,0,0,1,0,0,1,0,0,1,0,0,1,0,0,1,0,10,B,8,10,B,8,6.9,B,8,1.5,B,8,68,B,8,984,B,8,240,B,8,8.6,B,8,20900,C,8,1300,B,8,1.2,E,8,0.000,?,0,0.00,?,0,0,1,D,9,00,C,8
11/01/1979,22:00,0,0,0,1,0,0,1,0,0,1,0,0,1,0,0,1,0,0,1,0,0,1,0,10,A,7,10,A,7,6.7,A,7,1.7,A,7,71,A,7,984,A,7,240,A,7,7.7,A,7,20900,B,7,1370,A,7,1.2,E,8,0.000,?,0,0.00,?,0,0,1,D,9,00,C,8
11/01/1979,23:00,0,0,0,1,0,0,1,0,0,1,0,0,1,0,0,1,0,0,1,0,0,1,0,10,B,8,10,B,8,6.5,B,8,1.6,B,8,71,B,8,984,B,8,250,B,8,7.2,B,8,20900,C,8,1523,B,8,1.2,E,8,0.000,?,0,0.00,?,0,0,1,D,9,00,C,8
11/01/1979,24:00,0,0,0,1,0,0,1,0,0,1,0,0,1,0,0,1,0,0,1,0,0,1,0,10,B,8,10,B,8,6.3,B,8,1.3,B,8,71,B,8,985,B,8,250,B,8,6.7,B,8,20900,C,8,1677,B,8,1.2,E,8,0.000,?,0,0.00,?,0,0,1,D,9,00,C,8
11/02/1979,01:00,0,0,0,1,0,0,1,0,0,1,0,0,1,0,0,1,0,0,1,0,0,1,0,10,A,7,10,A,7,6.1,A,7,1.1,A,7,71,A,7,985,A,7,260,A,7,6.2,A,7,20900,B,7,1830,A,7,1.1,E,8,0.000,?,0,0.00,?,0,0,1,D,9,00,C,8
11/02/1979,02:00,0,0,0,1,0,0,1,0,0,1,0,0,1,0,0,1,0,0,1,0,0,1,0,9,B,8,9,B,8,5.5,B,8,-0.4,B,8,66,B,8,985,B,8,260,B,8,6.7,B,8,20900,C,8,1780,B,8,1.0,E,8,0.000,?,0,0.00,?,0,0,1,D,9,00,C,8
11/02/1979,03:00,0,0,0,1,0,0,1,0,0,1,0,0,1,0,0,1,0,0,1,0,0,1,0,9,B,8,9,B,8,5.0,B,8,-2.0,B,8,60,B,8,986,B,8,250,B,8,7.2,B,8,20900,C,8,1730,B,8,0.9,E,8,0.000,?,0,0.00,?,0,0,1,D,9,00,C,8
11/02/1979,04:00,0,0,0,1,0,0,1,0,0,1,0,0,1,0,0,1,0,0,1,0,0,1,0,8,A,7,8,A,7,4.4,A,7,-3.9,A,7,55,A,7,986,A,7,250,A,7,7.7,A,7,20900,B,7,1680,A,7,0.8,E,8,0.000,?,0,0.00,?,0,0,1,D,9,00,C,8
11/02/1979,05:00,0,0,0,1,0,0,1,0,0,1,0,0,1,0,0,1,0,0,1,0,0,1,0,8,B,8,8,B,8,3.5,B,8,-3.3,B,8,61,B,8,986,B,8,250,B,8,6.9,B,8,20900,C,8,1577,B,8,0.9,E,8,0.000,?,0,0.00,?,0,0,1,D,9,00,C,8
11/02/1979,06:00,0,0,0,1,0,0,1,0,0,1,0,0,1,0,0,1,0,0,1,0,0,1,0,7,B,8,7,B,8,2.6,B,8,-2.9,B,8,67,B,8,987,B,8,260,B,8,6.0,B,8,20900,C,8,1473,B,8,0.9,E,8,0.000,?,0,0.00,?,0,0,1,D,9,00,C,8
11/02/1979,07:00,0,0,0,1,0,0,1,0,0,1,0,0,1,0,0,1,0,0,1,0,0,1,0,7,A,7,7,A,7,1.7,A,7,-2.8,A,7,73,A,7,987,A,7,260,A,7,5.2,A,7,20900,B,7,1370,A,7,0.9,E,8,0.000,?,0,0.00,?,0,0,1,D,9,00,C,8
11/02/1979,08:00,65,1053,16,1,13,12,1,9,15,1,13,17,1,13,7,1,9,17,1,13,38,1,21,8,B,8,8,B,8,2.2,B,8,-2.3,B,8,73,B,8,987,B,8,260,B,8,5.9,B,8,20900,C,8,1300,B,8,0.9,E,8,0.000,F,8,0.00,?,0,0,1,D,9,00,C,8
11/02/1979,09:00,284,1389,64,1,13,37,1,9,57,1,13,71,1,13,30,1,9,65,1,13,150,1,21,9,B,8,9,B,8,2.8,B,8,-1.5,B,8,73,B,8,988,B,8,260,B,8,6.5,B,8,20900,C,8,1230,B,8,1.0,E,8,0.000,F,8,0.00,?,0,0,1,D,9,00,C,8
11/02/1979,10:00,481,1389,158,1,9,38,1,9,145,1,13,173,1,9,36,1,9,161,1,13,389,1,18,10,A,7,10,A,7,3.3,A,7,-1.1,A,7,73,A,7,988,A,7,260,A,7,7.2,A,7,20900,B,7,1160,A,7,1.0,E,8,0.000,F,8,0.00,?,0,0,1,D,9,00,C,8
11/02/1979,11:00,630,1389,219,1,9,85,1,9,180,1,13,240,1,9,83,1,9,202,1,13,528,1,18,9,B,8,9,B,8,4.2,B,8,-1.3,B,8,66,B,8,988,B,8,260,B,8,6.7,B,8,20900,C,8,1160,B,8,1.0,E,8,0.000,F,8,0.00,?,0,0,1,D,9,00,C,8
11/02/1979,12:00,719,1389,386,1,18,338,1,18,209,1,18,413,1,18,352,1,18,229,1,18,478,1,31,9,B,8,7,B,8,5.2,B,8,-1.9,B,8,60,B,8,987,B,8,270,B,8,6.2,B,8,20900,C,8,1160,B,8,0.9,E,8,0.000,F,8,0.00,?,0,0,1,D,9,00,C,8
11/02/1979,13:00,743,1389,341,1,13,247,1,13,207,1,13,366,1,13,259,1,13,227,1,13,477,1,23,8,A,7,6,A,7,6.1,A,7,-2.8,A,7,53,A,7,987,A,7,270,A,7,5.7,A,7,20900,B,7,1160,A,7,0.9,E,8,0.000,F,8,0.00,?,0,0,1,D,9,00,C,8
11/02/1979,14:00,701,1389,424,1,18,444,1,18,198,1,18,440,1,18,444,1,18,215,1,18,427,1,31,6,B,8,4,B,8,6.1,B,8,-2.6,B,8,53,B,8,987,B,8,280,B,8,5.9,B,8,20900,C,8,77777,B,8,0.9,E,8,0.000,F,8,0.00,?,0,0,1,D,9,00,C,8
11/02/1979,15:00,594,1389,338,1,18,445,1,18,146,1,18,354,1,18,433,1,18,168,1,18,292,1,31,4,B,8,3,B,8,6.1,B,8,-2.6,B,8,53,B,8,986,B,8,280,B,8,6.0,B,8,20900,C,8,77777,B,8,0.9,E,8,0.000,F,8,0.00,?,0,0,1,D,9,00,C,8
11/02/1979,16:00,431,1389,257,1,9,636,1,9,56,1,13,263,1,9,573,1,9,84,1,13,111,1,18,2,A,7,1,A,7,6.1,A,7,-2.8,A,7,53,A,7,986,A,7,290,A,7,6.2,A,7,20900,B,7,77777,A,7,0.9,E,8,0.000,F,8,0.00,?,0,0,1,D,9,00,C,8
11/02/1979,17:00,223,1389,112,1,13,455,1,9,37,1,13,114,1,13,320,1,9,62,1,13,68,1,21,1,B,8,1,B,8,5.0,B,8,-2.7,B,8,58,B,8,986,B,8,270,B,8,5.2,B,8,20900,C,8,77777,B,8,0.9,E,8,0.000,F,8,0.00,?,0,0,1,D,9,00,C,8
11/02/1979,18:00,25,660,18,1,13,57,1,9,12,1,13,0,1,13,0,1,9,0,1,13,0,1,21,1,B,8,0,B,8,3.9,B,8,-2.7,B,8,62,B,8,986,B,8,260,B,8,4.1,B,8,20900,C,8,77777,B,8,0.9,E,8,0.000,F,8,0.00,?,0,0,1,D,9,00,C,8
11/02/1979,19:00,0,0,0,1,0,0,1,0,0,1,0,0,1,0,0,1,0,0,1,0,0,1,0,0,A,7,0,A,7,2.8,A,7,-2.8,A,7,67,A,7,986,A,7,240,A,7,3.1,A,7,20900,B,7,77777,A,7,0.9,E,8,0.000,?,0,0.00,?,0,0,1,D,9,00,C,8
11/02/1979,20:00,0,0,0,1,0,0,1,0,0,1,0,0,1,0,0,1,0,0,1,0,0,1,0,0,B,8,0,B,8,1.7,B,8,-2.8,B,8,72,B,8,986,B,8,230,B,8,3.1,B,8,24666,C,8,77777,B,8,0.9,E,8,0.000,?,0,0.00,?,0,0,1,D,9,00,C,8
11/02/1979,21:00,0,0,0,1,0,0,1,0,0,1,0,0,1,0,0,1,0,0,1,0,0,1,0,0,B,8,0,B,8,0.5,B,8,-2.9,B,8,77,B,8,986,B,8,210,B,8,3.1,B,8,28433,C,8,77777,B,8,0.9,E,8,0.000,?,0,0.00,?,0,0,1,D,9,00,C,8
11/02/1979,22:00,0,0,0,1,0,0,1,0,0,1,0,0,1,0,0,1,0,0,1,0,0,1,0,0,A,7,0,A,7,-0.6,A,7,-3.3,A,7,82,A,7,986,A,7,200,A,7,3.1,A,7,32200,B,7,77777,A,7,0.9,E,8,0.000,?,0,0.00,?,0,0,1,D,9,00,C,8
11/02/1979,23:00,0,0,0,1,0,0,1,0,0,1,0,0,1,0,0,1,0,0,1,0,0,1,0,0,B,8,0,B,8,-0.8,B,8,-3.2,B,8,83,B,8,986,B,8,210,B,8,3.3,B,8,29500,C,8,77777,B,8,0.9,E,8,0.000,?,0,0.00,?,0,0,1,D,9,00,C,8
11/02/1979,24:00,0,0,0,1,0,0,1,0,0,1,0,0,1,0,0,1,0,0,1,0,0,1,0,0,B,8,0,B,8,-0.9,B,8,-3.3,B,8,84,B,8,986,B,8,220,B,8,3.4,B,8,26800,C,8,77777,B,8,0.9,E,8,0.000,?,0,0.00,?,0,0,1,D,9,00,C,8
11/03/1979,01:00,0,0,0,1,0,0,1,0,0,1,0,0,1,0,0,1,0,0,1,0,0,1,0,0,A,7,0,A,7,-1.1,A,7,-3.3,A,7,85,A,7,985,A,7,230,A,7,3.6,A,7,24100,B,7,77777,A,7,0.9,E,8,0.000,?,0,0.00,?,0,0,1,D,9,00,C,8
11/03/1979,02:00,0,0,0,1,0,0,1,0,0,1,0,0,1,0,0,1,0,0,1,0,0,1,0,1,B,8,1,B,8,-0.7,B,8,-3.0,B,8,84,B,8,985,B,8,220,B,8,3.8,B,8,21433,C,8,77777,B,8,0.9,E,8,0.000,?,0,0.00,?,0,0,1,D,9,00,C,8
11/03/1979,03:00,0,0,0,1,0,0,1,0,0,1,0,0,1,0,0,1,0,0,1,0,0,1,0,2,B,8,2,B,8,-0.4,B,8,-2.7,B,8,83,B,8,985,B,8,220,B,8,3.9,B,8,18766,C,8,77777,B,8,0.9,E,8,0.000,?,0,0.00,?,0,0,1,D,9,00,C,8
11/03/1979,04:00,0,0,0,1,0,0,1,0,0,1,0,0,1,0,0,1,0,0,1,0,0,1,0,3,A,7,3,A,7,0.0,A,7,-2.8,A,7,82,A,7,985,A,7,210,A,7,4.1,A,7,16100,B,7,77777,A,7,0.9,E,8,0.000,?,0,0.00,?,0,0,1,D,9,00,C,8
11/03/1979,05:00,0,0,0,1,0,0,1,0,0,1,0,0,1,0,0,1,0,0,1,0,0,1,0,2,B,8,2,B,8,0.0,B,8,-2.5,B,8,82,B,8,985,B,8,200,B,8,3.9,B,8,15033,C,8,77777,B,8,0.9,E,8,0.000,?,0,0.00,?,0,0,1,D,9,00,C,8
11/03/1979,06:00,0,0,0,1,0,0,1,0,0,1,0,0,1,0,0,1,0,0,1,0,0,1,0,2,B,8,2,B,8,0.0,B,8,-2.6,B,8,82,B,8,985,B,8,200,B,8,3.8,B,8,13966,C,8,77777,B,8,0.9,E,8,0.000,?,0,0.00,?,0,0,1,D,9,00,C,8
11/03/1979,07:00,0,0,0,1,0,0,1,0,0,1,0,0,1,0,0,1,0,0,1,0,0,1,0,1,A,7,1,A,7,0.0,A,7,-2.8,A,7,82,A,7,985,A,7,190,A,7,3.6,A,7,12900,B,7,77777,A,7,0.9,E,8,0.000,?,0,0.00,?,0,0,1,D,9,00,C,8
11/03/1979,08:00,61,1031,33,1,18,62,1,18,27,1,18,32,1,18,21,1,18,31,1,18,50,1,31,4,B,8,4,B,8,1.1,B,8,-2.1,B,8,80,B,8,985,B,8,200,B,8,4.3,B,8,12366,C,8,77777,B,8,0.9,E,8,0.000,F,8,0.00,?,0,0,1,D,9,00,C,8
11/03/1979,09:00,279,1390,110,1,18,187,1,18,72,1,18,116,1,18,141,1,18,88,1,18,137,1,31,6,B,8,6,B,8,2.2,B,8,-1.1,B,8,78,B,8,986,B,8,210,B,8,5.0,B,8,11833,C,8,77777,B,8,1.0,E,8,0.000,F,8,0.00,?,0,0,1,D,9,00,C,8
11/03/1979,10:00,475,1390,168,1,9,83,1,9,139,1,13,184,1,9,78,1,9,157,1,13,374,1,18,9,A,7,9,A,7,3.3,A,7,-0.6,A,7,76,A,7,986,A,7,220,A,7,5.7,A,7,11300,B,7,2130,A,7,1.0,E,8,0.000,F,8,0.00,?,0,0,1,D,9,00,C,8
11/03/1979,11:00,624,1390,153,1,9,65,1,9,124,1,13,169,1,9,63,1,9,141,1,13,386,1,18,9,B,8,9,B,8,4.1,B,8,0.5,B,8,76,B,8,986,B,8,240,B,8,5.7,B,8,13433,C,8,1653,B,8,1.1,E,8,0.000,F,8,0.00,?,0,0,1,D,9,00,C,8
11/03/1979,12:00,713,1390,279,1,9,129,1,9,213,1,13,306,1,9,133,1,9,237,1,13,536,1,18,9,B,8,9,B,8,4.8,B,8,1.3,B,8,76,B,8,986,B,8,250,B,8,5.7,B,8,15566,C,8,1177,B,8,1.1,E,8,0.000,F,8,0.00,?,0,0,1,D,9,00,C,8
11/03/1979,13:00,737,1390,265,1,9,86,1,9,218,1,13,290,1,9,86,1,9,244,1,13,674,1,18,9,A,7,9,A,7,5.6,A,7,1.7,A,7,76,A,7,986,A,7,270,A,7,5.7,A,7,17700,B,7,700,A,7,1.2,E,8,0.000,F,8,0.00,?,0,0,1,D,9,00,C,8
11/03/1979,14:00,695,1390,304,1,9,59,1,9,274,1,13,333,1,9,59,1,9,303,1,13,769,1,18,9,B,8,9,B,8,5.4,B,8,0.4,B,8,70,B,8,986,B,8,270,B,8,6.2,B,8,17700,C,8,923,B,8,1.1,E,8,0.000,F,8,0.00,?,0,0,1,D,9,00,C,8
11/03/1979,15:00,588,1390,202,1,9,92,1,9,163,1,13,222,1,9,89,1,9,184,1,13,471,1,18,9,B,8,9,B,8,5.2,B,8,-1.1,B,8,64,B,8,987,B,8,280,B,8,6.7,B,8,17700,C,8,1147,B,8,1.0,E,8,0.000,F,8,0.00,?,0,0,1,D,9,00,C,8
11/03/1979,16:00,425,1390,121,1,9,44,1,9,107,1,13,132,1,9,40,1,9,120,1,13,290,1,18,9,A,7,9,A,7,5.0,A,7,-2.8,A,7,58,A,7,987,A,7,280,A,7,7.2,A,7,17700,B,7,1370,A,7,0.9,E,8,0.000,F,8,0.00,?,0,0,1,D,9,00,C,8
11/03/1979,17:00,218,1390,68,1,13,35,1,9,63,1,13,75,1,13,27,1,9,71,1,13,150,1,21,9,B,8,9,B,8,4.3,B,8,-2.5,B,8,62,B,8,988,B,8,280,B,8,6.2,B,8,17700,C,8,1370,B,8,0.9,E,8,0.000,F,8,0.00,?,0,0,1,D,9,00,C,8
11/03/1979,18:00,23,637,7,1,13,1,1,9,7,1,13,0,1,13,0,1,9,0,1,13,0,1,21,10,B,8,10,B,8,3.5,B,8,-2.3,B,8,66,B,8,989,B,8,270,B,8,5.1,B,8,17700,C,8,1370,B,8,0.9,E,8,0.000,F,8,0.00,?,0,0,1,D,9,00,C,8
11/03/1979,19:00,0,0,0,1,0,0,1,0,0,1,0,0,1,0,0,1,0,0,1,0,0,1,0,10,A,7,10,A,7,2.8,A,7,-2.2,A,7,70,A,7,990,A,7,270,A,7,4.1,A,7,17700,B,7,1370,A,7,0.9,E,8,0.000,?,0,0.00,?,0,0,1,D,9,00,C,8
11/03/1979,20:00,0,0,0,1,0,0,1,0,0,1,0,0,1,0,0,1,0,0,1,0,0,1,0,10,B,8,10,B,8,2.6,B,8,-2.0,B,8,71,B,8,990,B,8,280,B,8,3.6,B,8,17700,C,8,1370,B,8,0.9,E,8,0.000,?,0,0.00,?,0,0,1,D,9,00,C,8
11/03/1979,21:00,0,0,0,1,0,0,1,0,0,1,0,0,1,0,0,1,0,0,1,0,0,1,0,10,B,8,10,B,8,2.4,B,8,-2.0,B,8,72,B,8,991,B,8,280,B,8,3.1,B,8,17700,C,8,1370,B,8,0.9,E,8,0.000,?,0,0.00,?,0,0,1,D,9,00,C,8
11/03/1979,22:00,0,0,0,1,0,0,1,0,0,1,0,0,1,0,0,1,0,0,1,0,0,1,0,10,A,7,10,A,7,2.2,A,7,-2.2,A,7,73,A,7,991,A,7,290,A,7,2.6,A,7,17700,B,7,1370,A,7,0.9,E,8,0.000,?,0,0.00,?,0,0,1,D,9,00,C,8
11/03/1979,23:00,0,0,0,1,0,0,1,0,0,1,0,0,1,0,0,1,0,0,1,0,0,1,0,10,B,8,10,B,8,2.2,B,8,-2.1,B,8,73,B,8,992,B,8,290,B,8,2.6,B,8,15566,C,8,1240,B,8,0.9,E,8,0.000,?,0,0.00,?,0,0,1,D,9,00,C,8
11/03/1979,24:00,0,0,0,1,0,0,1,0,0,1,0,0,1,0,0,1,0,0,1,0,0,1,0,10,B,8,10,B,8,2.2,B,8,-2.2,B,8,73,B,8,992,B,8,300,B,8,2.6,B,8,13433,C,8,1110,B,8,0.9,E,8,0.000,?,0,0.00,?,0,0,1,D,9,00,C,8
11/04/1979,01:00,0,0,0,1,0,0,1,0,0,1,0,0,1,0,0,1,0,0,1,0,0,1,0,10,A,7,10,A,7,2.2,A,7,-2.2,A,7,73,A,7,992,A,7,300,A,7,2.6,A,7,11300,B,7,980,A,7,0.9,E,8,0.000,?,0,0.00,?,0,0,1,D,9,00,C,8
11/04/1979,02:00,0,0,0,1,0,0,1,0,0,1,0,0,1,0,0,1,0,0,1,0,0,1,0,10,B,8,10,B,8,2.2,B,8,-1.9,B,8,74,B,8,993,B,8,300,B,8,2.6,B,8,11300,C,8,980,B,8,1.0,E,8,0.000,?,0,0.00,?,0,0,1,D,9,00,C,8
11/04/1979,03:00,0,0,0,1,0,0,1,0,0,1,0,0,1,0,0,1,0,0,1,0,0,1,0,10,B,8,10,B,8,2.2,B,8,-1.6,B,8,75,B,8,993,B,8,290,B,8,2.6,B,8,11300,C,8,980,B,8,1.0,E,8,0.000,?,0,0.00,?,0,0,1,D,9,00,C,8
11/04/1979,04:00,0,0,0,1,0,0,1,0,0,1,0,0,1,0,0,1,0,0,1,0,0,1,0,10,A,7,10,A,7,2.2,A,7,-1.7,A,7,76,A,7,993,A,7,290,A,7,2.6,A,7,11300,B,7,980,A,7,1.0,E,8,0.000,?,0,0.00,?,0,0,1,D,9,00,C,8
11/04/1979,05:00,0,0,0,1,0,0,1,0,0,1,0,0,1,0,0,1,0,0,1,0,0,1,0,10,B,8,9,B,8,1.5,B,8,-1.8,B,8,78,B,8,994,B,8,270,B,8,2.2,B,8,12366,C,8,3193,B,8,1.0,E,8,0.000,?,0,0.00,?,0,0,1,D,9,00,C,8
11/04/1979,06:00,0,0,0,1,0,0,1,0,0,1,0,0,1,0,0,1,0,0,1,0,0,1,0,10,B,8,7,B,8,0.7,B,8,-2.2,B,8,80,B,8,995,B,8,260,B,8,1.9,B,8,13433,C,8,5407,B,8,0.9,E,8,0.000,?,0,0.00,?,0,0,1,D,9,00,C,8
11/04/1979,07:00,0,0,0,1,0,0,1,0,0,1,0,0,1,0,0,1,0,0,1,0,0,1,0,10,A,7,6,A,7,0.0,A,7,-2.8,A,7,82,A,7,995,A,7,240,A,7,1.5,A,7,14500,B,7,7620,A,7,0.9,E,8,0.000,?,0,0.00,?,0,0,1,D,9,00,C,8
11/04/1979,08:00,57,985,21,1,18,18,1,18,19,1,18,22,1,18,10,1,18,21,1,18,46,1,31,9,B,8,7,B,8,1.3,B,8,-2.7,B,8,76,B,8,996,B,8,240,B,8,1.7,B,8,14500,C,8,5537,B,8,0.9,E,8,0.000,F,8,0.00,?,0,0,1,D,9,00,C,8
11/04/1979,09:00,273,1391,100,1,18,108,1,18,78,1,18,108,1,18,84,1,18,91,1,18,168,1,31,9,B,8,7,B,8,2.6,B,8,-2.2,B,8,71,B,8,996,B,8,250,B,8,1.9,B,8,14500,C,8,3453,B,8,0.9,E,8,0.000,F,8,0.00,?,0,0,1,D,9,00,C,8
11/04/1979,10:00,470,1391,209,1,9,79,1,9,182,1,13,228,1,9,75,1,9,203,1,13,451,1,18,8,A,7,8,A,7,3.9,A,7,-2.2,A,7,65,A,7,997,A,7,250,A,7,2.1,A,7,14500,B,7,1370,A,7,0.9,E,8,0.000,F,8,0.00,?,0,0,1,D,9,00,C,8
11/04/1979,11:00,618,1391,296,1,18,338,1,18,144,1,18,312,1,18,332,1,18,164,1,18,289,1,31,7,B,8,5,B,8,5.2,B,8,-1.5,B,8,61,B,8,996,B,8,250,B,8,2.6,B,8,15566,C,8,77777,B,8,1.0,E,8,0.000,F,8,0.00,?,0,0,1,D,9,00,C,8
11/04/1979,12:00,707,1391,456,1,18,654,1,18,121,1,18,477,1,18,646,1,18,147,1,18,259,1,31,5,B,8,3,B,8,6.5,B,8,-1.1,B,8,58,B,8,996,B,8,250,B,8,3.1,B,8,16633,C,8,77777,B,8,1.0,E,8,0.000,F,8,0.00,?,0,0,1,D,9,00,C,8
11/04/1979,13:00,731,1391,528,1,9,817,1,9,95,1,13,549,1,9,804,1,9,125,1,13,203,1,18,4,A,7,0,A,7,7.8,A,7,-1.1,A,7,54,A,7,996,A,7,250,A,7,3.6,A,7,17700,B,7,77777,A,7,1.0,E,8,0.000,F,8,0.00,?,0,0,1,D,9,00,C,8
11/04/1979,14:00,689,1391,491,1,13,800,1,13,90,1,13,508,1,13,782,1,13,119,1,13,188,1,23,4,B,8,0,B,8,8.0,B,8,-1.4,B,8,51,B,8,996,B,8,230,B,8,3.4,B,8,17700,C,8,77777,B,8,1.0,E,8,0.000,F,8,0.00,?,0,0,1,D,9,00,C,8
11/04/1979,15:00,582,1391,371,1,9,693,1,9,77,1,13,382,1,9,661,1,9,104,1,13,155,1,18,4,B,8,1,B,8,8.1,B,8,-2.0,B,8,49,B,8,996,B,8,200,B,8,3.3,B,8,17700,C,8,77777,B,8,0.9,E,8,0.000,F,8,0.00,?,0,0,1,D,9,00,C,8
11/04/1979,16:00,420,1391,215,1,9,495,1,9,64,1,13,224,1,9,441,1,9,90,1,13,123,1,18,4,A,7,1,A,7,8.3,A,7,-2.8,A,7,46,A,7,995,A,7,180,A,7,3.1,A,7,17700,B,7,77777,A,7,0.9,E,8,0.000,F,8,0.00,?,0,0,1,D,9,00,C,8
11/04/1979,17:00,212,1391,88,1,13,273,1,9,45,1,13,91,1,13,179,1,9,64,1,13,80,1,21,4,B,8,2,B,8,6.8,B,8,-2.5,B,8,52,B,8,995,B,8,180,B,8,2.9,B,8,17700,C,8,77777,B,8,0.9,E,8,0.000,F,8,0.00,?,0,0,1,D,9,00,C,8
11/04/1979,18:00,21,614,13,1,13,35,1,9,10,1,13,0,1,13,0,1,9,0,1,13,0,1,21,4,B,8,2,B,8,5.4,B,8,-2.3,B,8,59,B,8,996,B,8,190,B,8,2.8,B,8,17700,C,8,77777,B,8,0.9,E,8,0.000,F,8,0.00,?,0,0,1,D,9,00,C,8
11/04/1979,19:00,0,0,0,1,0,0,1,0,0,1,0,0,1,0,0,1,0,0,1,0,0,1,0,4,A,7,3,A,7,3.9,A,7,-2.2,A,7,65,A,7,996,A,7,190,A,7,2.6,A,7,17700,B,7,77777,A,7,0.9,E,8,0.000,?,0,0.00,?,0,0,1,D,9,00,C,8
11/04/1979,20:00,0,0,0,1,0,0,1,0,0,1,0,0,1,0,0,1,0,0,1,0,0,1,0,4,B,8,3,B,8,3.7,B,8,-1.9,B,8,67,B,8,996,B,8,190,B,8,2.9,B,8,17700,C,8,77777,B,8,1.0,E,8,0.000,?,0,0.00,?,0,0,1,D,9,00,C,8
11/04/1979,21:00,0,0,0,1,0,0,1,0,0,1,0,0,1,0,0,1,0,0,1,0,0,1,0,3,B,8,3,B,8,3.5,B,8,-1.7,B,8,68,B,8,996,B,8,190,B,8,3.3,B,8,17700,C,8,77777,B,8,1.0,E,8,0.000,?,0,0.00,?,0,0,1,D,9,00,C,8
11/04/1979,22:00,0,0,0,1,0,0,1,0,0,1,0,0,1,0,0,1,0,0,1,0,0,1,0,3,A,7,3,A,7,3.3,A,7,-1.7,A,7,70,A,7,996,A,7,190,A,7,3.6,A,7,17700,B,7,77777,A,7,1.0,E,8,0.000,?,0,0.00,?,0,0,1,D,9,00,C,8
11/04/1979,23:00,0,0,0,1,0,0,1,0,0,1,0,0,1,0,0,1,0,0,1,0,0,1,0,5,B,8,3,B,8,3.1,B,8,-1.4,B,8,72,B,8,996,B,8,190,B,8,3.6,B,8,16633,C,8,77777,B,8,1.0,E,8,0.000,?,0,0.00,?,0,0,1,D,9,00,C,8
11/04/1979,24:00,0,0,0,1,0,0,1,0,0,1,0,0,1,0,0,1,0,0,1,0,0,1,0,8,B,8,2,B,8,3.0,B,8,-1.3,B,8,74,B,8,996,B,8,180,B,8,3.6,B,8,15566,C,8,77777,B,8,1.0,E,8,0.000,?,0,0.00,?,0,0,1,D,9,00,C,8
11/05/1979,01:00,0,0,0,1,0,0,1,0,0,1,0,0,1,0,0,1,0,0,1,0,0,1,0,10,A,7,2,A,7,2.8,A,7,-1.1,A,7,76,A,7,996,A,7,180,A,7,3.6,A,7,14500,B,7,77777,A,7,1.0,E,8,0.000,?,0,0.00,?,0,0,1,D,9,00,C,8
11/05/1979,02:00,0,0,0,1,0,0,1,0,0,1,0,0,1,0,0,1,0,0,1,0,0,1,0,10,B,8,3,B,8,3.2,B,8,-0.9,B,8,74,B,8,996,B,8,180,B,8,3.8,B,8,14500,C,8,77777,B,8,1.0,E,8,0.000,?,0,0.00,?,0,0,1,D,9,00,C,8
11/05/1979,03:00,0,0,0,1,0,0,1,0,0,1,0,0,1,0,0,1,0,0,1,0,0,1,0,10,B,8,4,B,8,3.5,B,8,-0.9,B,8,72,B,8,996,B,8,170,B,8,3.9,B,8,14500,C,8,77777,B,8,1.0,E,8,0.000,?,0,0.00,?,0,0,1,D,9,00,C,8
11/05/1979,04:00,0,0,0,1,0,0,1,0,0,1,0,0,1,0,0,1,0,0,1,0,0,1,0,10,A,7,5,A,7,3.9,A,7,-1.1,A,7,70,A,7,996,A,7,170,A,7,4.1,A,7,14500,B,7,77777,A,7,1.0,E,8,0.000,?,0,0.00,?,0,0,1,D,9,00,C,8
11/05/1979,05:00,0,0,0,1,0,0,1,0,0,1,0,0,1,0,0,1,0,0,1,0,0,1,0,8,B,8,4,B,8,3.0,B,8,-1.0,B,8,74,B,8,996,B,8,170,B,8,3.9,B,8,13433,C,8,77777,B,8,1.0,E,8,0.000,?,0,0.00,?,0,0,1,D,9,00,C,8
11/05/1979,06:00,0,0,0,1,0,0,1,0,0,1,0,0,1,0,0,1,0,0,1,0,0,1,0,6,B,8,4,B,8,2.0,B,8,-1.3,B,8,78,B,8,996,B,8,170,B,8,3.8,B,8,12366,C,8,77777,B,8,1.0,E,8,0.000,?,0,0.00,?,0,0,1,D,9,00,C,8
11/05/1979,07:00,0,0,0,1,0,0,1,0,0,1,0,0,1,0,0,1,0,0,1,0,0,1,0,4,A,7,3,A,7,1.1,A,7,-1.7,A,7,82,A,7,996,A,7,170,A,7,3.6,A,7,11300,B,7,77777,A,7,1.0,E,8,0.000,?,0,0.00,?,0,0,1,D,9,00,C,8
11/05/1979,08:00,54,962,26,1,18,62,1,18,20,1,18,25,1,18,20,1,18,24,1,18,35,1,31,6,B,8,3,B,8,3.0,B,8,-1.4,B,8,75,B,8,996,B,8,180,B,8,3.6,B,8,10766,C,8,77777,B,8,1.0,E,8,0.000,F,8,0.00,?,0,0,1,D,9,05,C,8
11/05/1979,09:00,268,1391,82,1,18,63,1,18,69,1,18,89,1,18,49,1,18,79,1,18,148,1,31,8,B,8,4,B,8,4.8,B,8,-0.8,B,8,67,B,8,996,B,8,200,B,8,3.6,B,8,10233,C,8,77777,B,8,1.0,E,8,0.000,F,8,0.00,?,0,0,1,D,9,05,C,8
11/05/1979,10:00,464,1391,227,1,13,373,1,13,101,1,13,239,1,13,342,1,13,124,1,13,190,1,23,10,A,7,4,A,7,6.7,A,7,-0.6,A,7,60,A,7,995,A,7,210,A,7,3.6,A,7,9700,B,7,77777,A,7,1.0,E,8,0.000,F,8,0.00,?,0,0,1,D,9,05,C,8
11/05/1979,11:00,612,1391,226,1,18,211,1,18,133,1,18,247,1,18,214,1,18,152,1,18,272,1,31,10,B,8,5,B,8,8.0,B,8,0.2,B,8,57,B,8,995,B,8,210,B,8,4.1,B,8,10766,C,8,77777,B,8,1.1,E,8,0.000,F,8,0.00,?,0,0,1,D,9,05,C,8
11/05/1979,12:00,701,1391,342,1,18,274,1,18,202,1,18,365,1,18,284,1,18,221,1,18,456,1,31,9,B,8,7,B,8,9.3,B,8,0.5,B,8,53,B,8,994,B,8,210,B,8,4.7,B,8,11833,C,8,77777,B,8,1.1,E,8,0.000,F,8,0.00,?,0,0,1,D,9,00,C,8
11/05/1979,13:00,725,1391,407,1,9,416,1,9,188,1,13,426,1,9,419,1,9,207,1,13,408,1,18,9,A,7,8,A,7,10.6,A,7,0.6,A,7,50,A,7,994,A,7,210,A,7,5.2,A,7,12900,B,7,6100,A,7,1.1,E,8,0.000,F,8,0.00,?,0,0,1,D,9,00,C,8
11/05/1979,14:00,683,1391,259,1,9,69,1,9,224,1,13,283,1,9,69,1,9,249,1,13,656,1,18,9,B,8,9,B,8,10.8,B,8,0.6,B,8,49,B,8,993,B,8,200,B,8,5.5,B,8,12900,C,8,6607,B,8,1.1,E,8,0.000,F,8,0.00,?,0,0,1,D,9,00,C,8
11/05/1979,15:00,577,1391,164,1,9,31,1,9,151,1,13,180,1,9,30,1,9,168,1,13,438,1,18,10,B,8,9,B,8,10.9,B,8,0.4,B,8,48,B,8,993,B,8,190,B,8,5.9,B,8,12900,C,8,7113,B,8,1.1,E,8,0.000,F,8,0.00,?,0,0,1,D,9,00,C,8
11/05/1979,16:00,414,1391,127,1,9,30,1,9,118,1,13,139,1,9,27,1,9,131,1,13,309,1,18,10,A,7,10,A,7,11.1,A,7,0.0,A,7,47,A,7,992,A,7,180,A,7,6.2,A,7,12900,B,7,7620,A,7,1.1,E,8,0.000,F,8,0.00,?,0,0,1,D,9,00,C,8
11/05/1979,17:00,207,1391,44,1,13,5,1,9,43,1,13,49,1,13,1,1,9,49,1,13,151,1,21,10,B,8,10,B,8,10.0,B,8,0.5,B,8,52,B,8,992,B,8,170,B,8,5.5,B,8,12900,C,8,5893,B,8,1.1,E,8,0.000,F,8,0.00,?,0,0,1,D,9,00,C,8
11/05/1979,18:00,19,568,9,1,13,1,1,9,9,1,13,0,1,13,0,1,9,0,1,13,0,1,21,10,B,8,10,B,8,8.9,B,8,0.9,B,8,58,B,8,991,B,8,160,B,8,4.8,B,8,12900,C,8,4167,B,8,1.1,E,8,0.000,F,8,0.00,?,0,0,1,D,9,00,C,8
11/05/1979,19:00,0,0,0,1,0,0,1,0,0,1,0,0,1,0,0,1,0,0,1,0,0,1,0,10,A,7,10,A,7,7.8,A,7,1.1,A,7,63,A,7,991,A,7,150,A,7,4.1,A,7,12900,B,7,2440,A,7,1.1,E,8,0.000,?,0,0.00,?,0,0,1,D,9,00,C,8
11/05/1979,20:00,0,0,0,1,0,0,1,0,0,1,0,0,1,0,0,1,0,0,1,0,0,1,0,10,B,8,10,B,8,7.6,B,8,1.5,B,8,65,B,8,991,B,8,150,B,8,4.1,B,8,13433,C,8,2337,B,8,1.2,E,8,0.000,?,0,0.00,?,0,0,1,D,9,00,C,8
11/05/1979,21:00,0,0,0,1,0,0,1,0,0,1,0,0,1,0,0,1,0,0,1,0,0,1,0,10,B,8,10,B,8,7.4,B,8,1.7,B,8,66,B,8,991,B,8,140,B,8,4.1,B,8,13966,C,8,2233,B,8,1.2,E,8,0.000,?,0,0.00,?,0,0,1,D,9,00,C,8
11/05/1979,22:00,0,0,0,1,0,0,1,0,0,1,0,0,1,0,0,1,0,0,1,0,0,1,0,10,A,7,10,A,7,7.2,A,7,1.7,A,7,68,A,7,990,A,7,140,A,7,4.1,A,7,14500,B,7,2130,A,7,1.2,E,8,0.000,?,0,0.00,?,0,0,1,D,9,00,C,8
11/05/1979,23:00,0,0,0,1,0,0,1,0,0,1,0,0,1,0,0,1,0,0,1,0,0,1,0,10,B,8,10,B,8,7.2,B,8,2.3,B,8,71,B,8,990,B,8,90,B,8,2.7,B,8,13433,C,8,1927,B,8,1.2,E,8,0.000,?,0,0.00,?,0,0,1,D,9,00,C,8
11/05/1979,24:00,0,0,0,1,0,0,1,0,0,1,0,0,1,0,0,1,0,0,1,0,0,1,0,10,B,8,10,B,8,7.2,B,8,2.8,B,8,74,B,8,989,B,8,50,B,8,1.4,B,8,12366,C,8,1723,B,8,1.3,E,8,0.000,?,0,0.00,?,0,0,1,D,9,00,C,8
11/06/1979,01:00,0,0,0,1,0,0,1,0,0,1,0,0,1,0,0,1,0,0,1,0,0,1,0,10,A,7,10,A,7,7.2,A,7,3.3,A,7,77,A,7,989,A,7,0,A,7,0.0,A,7,11300,B,7,1520,A,7,1.3,E,8,0.000,?,0,0.00,?,0,0,1,D,9,00,C,8
11/06/1979,02:00,0,0,0,1,0,0,1,0,0,1,0,0,1,0,0,1,0,0,1,0,0,1,0,10,B,8,10,B,8,7.0,B,8,3.8,B,8,80,B,8,988,B,8,40,B,8,1.0,B,8,11300,C,8,1470,B,8,1.3,E,8,0.000,?,0,0.00,?,0,0,1,D,9,00,C,8
11/06/1979,03:00,0,0,0,1,0,0,1,0,0,1,0,0,1,0,0,1,0,0,1,0,0,1,0,10,B,8,10,B,8,6.9,B,8,4.3,B,8,83,B,8,987,B,8,90,B,8,2.1,B,8,11300,C,8,1420,B,8,1.4,E,8,0.000,?,0,0.00,?,0,0,1,D,9,00,C,8
11/06/1979,04:00,0,0,0,1,0,0,1,0,0,1,0,0,1,0,0,1,0,0,1,0,0,1,0,10,A,7,10,A,7,6.7,A,7,4.4,A,7,86,A,7,986,A,7,130,A,7,3.1,A,7,11300,B,7,1370,A,7,1.4,E,8,0.000,?,0,0.00,?,0,0,1,D,9,00,C,8
11/06/1979,05:00,0,0,0,1,0,0,1,0,0,1,0,0,1,0,0,1,0,0,1,0,0,1,0,10,B,8,10,B,8,6.7,B,8,4.7,B,8,86,B,8,985,B,8,140,B,8,3.1,B,8,10766,C,8,1320,B,8,1.4,E,8,0.000,?,0,0.00,?,0,0,1,D,9,00,C,8
11/06/1979,06:00,0,0,0,1,0,0,1,0,0,1,0,0,1,0,0,1,0,0,1,0,0,1,0,10,B,8,10,B,8,6.7,B,8,4.6,B,8,86,B,8,985,B,8,150,B,8,3.1,B,8,10233,C,8,1270,B,8,1.4,E,8,0.000,?,0,0.00,?,0,0,1,D,9,00,C,8
11/06/1979,07:00,0,0,0,1,0,0,1,0,0,1,0,0,1,0,0,1,0,0,1,0,0,1,0,10,A,7,10,A,7,6.7,A,7,4.4,A,7,86,A,7,984,A,7,160,A,7,3.1,A,7,9700,B,7,1220,A,7,1.4,E,8,0.000,?,0,0.00,?,0,0,1,D,9,61,C,8
11/06/1979,08:00,50,940,11,1,13,0,1,9,11,1,13,13,1,13,0,1,9,13,1,13,41,1,21,10,B,8,10,B,8,7.1,B,8,4.7,B,8,86,B,8,984,B,8,180,B,8,3.1,B,8,9700,C,8,1200,B,8,1.4,E,8,0.000,F,8,0.00,?,0,0,1,D,9,61,C,8
11/06/1979,09:00,262,1392,54,1,13,5,1,9,54,1,13,62,1,13,1,1,9,62,1,13,195,1,21,10,B,8,10,B,8,7.4,B,8,5.4,B,8,86,B,8,984,B,8,200,B,8,3.1,B,8,9700,C,8,1180,B,8,1.4,E,8,0.000,F,8,0.00,?,0,0,1,D,9,61,C,8
11/06/1979,10:00,458,1392,69,1,9,6,1,9,67,1,13,81,1,9,3,1,9,80,1,13,283,1,18,10,A,7,10,A,7,7.8,A,7,5.6,A,7,86,A,7,984,A,7,220,A,7,3.1,A,7,9700,B,7,1160,A,7,1.5,E,8,0.000,F,8,0.00,?,0,0,1,D,9,61,C,8
11/06/1979,11:00,606,1392,193,1,9,5,1,9,191,1,13,217,1,9,4,1,9,215,1,13,707,1,18,10,B,8,10,B,8,7.8,B,8,6.3,B,8,88,B,8,984,B,8,260,B,8,3.3,B,8,7800,C,8,947,B,8,1.5,E,8,0.000,F,8,0.00,?,0,0,1,D,9,00,C,8
11/06/1979,12:00,695,1392,222,1,9,1,1,9,221,1,13,250,1,9,1,1,9,249,1,13,847,1,18,10,B,8,10,B,8,7.8,B,8,6.7,B,8,91,B,8,984,B,8,300,B,8,3.4,B,8,5900,C,8,733,B,8,1.5,E,8,0.000,F,8,0.00,?,0,0,1,D,9,45,C,8
11/06/1979,13:00,719,1392,156,1,9,2,1,9,155,1,13,182,1,9,2,1,9,181,1,13,673,1,18,10,A,7,10,A,7,7.8,A,7,6.7,A,7,93,A,7,984,A,7,340,A,7,3.6,A,7,4000,B,7,520,A,7,1.6,E,8,0.000,F,8,0.00,?,0,0,1,D,9,45,C,8
11/06/1979,14:00,677,1392,223,1,9,1,1,9,223,1,13,251,1,9,1,1,9,251,1,13,836,1,18,10,B,8,10,B,8,7.1,B,8,6.6,B,8,95,B,8,985,B,8,340,B,8,4.5,B,8,3200,C,8,397,B,8,1.6,E,8,0.000,F,8,0.00,?,0,8,1,D,9,45,C,8
11/06/1979,15:00,571,1392,179,1,9,1,1,9,179,1,13,201,1,9,1,1,9,200,1,13,653,1,18,10,B,8,10,B,8,6.3,B,8,6.2,B,8,98,B,8,985,B,8,350,B,8,5.3,B,8,2400,C,8,273,B,8,1.5,E,8,0.000,F,8,0.00,?,0,10,1,D,9,45,C,8
11/06/1979,16:00,409,1392,78,1,9,1,1,9,78,1,13,90,1,9,1,1,9,90,1,13,307,1,18,10,A,7,10,A,7,5.6,A,7,5.6,A,7,100,A,7,986,A,7,350,A,7,6.2,A,7,1600,B,7,150,A,7,1.5,E,8,0.000,F,8,0.00,?,0,8,1,D,9,45,C,8
11/06/1979,17:00,202,1392,54,1,13,0,1,9,54,1,13,60,1,13,0,1,9,60,1,13,175,1,21,10,B,8,10,B,8,4.7,B,8,4.6,B,8,99,B,8,987,B,8,340,B,8,6.9,B,8,3200,C,8,180,B,8,1.4,E,8,0.000,F,8,0.00,?,0,3,1,D,9,45,C,8
11/06/1979,18:00,17,545,9,1,13,0,1,9,9,1,13,0,1,13,0,1,9,0,1,13,0,1,21,10,B,8,10,B,8,3.7,B,8,3.5,B,8,97,B,8,988,B,8,340,B,8,7.5,B,8,4800,C,8,210,B,8,1.3,E,8,0.000,F,8,0.00,?,0,10,1,D,9,45,C,8
11/06/1979,19:00,0,0,0,1,0,0,1,0,0,1,0,0,1,0,0,1,0,0,1,0,0,1,0,10,A,7,10,A,7,2.8,A,7,2.2,A,7,96,A,7,990,A,7,330,A,7,8.2,A,7,6400,B,7,240,A,7,1.2,E,8,0.000,?,0,0.00,?,0,3,1,D,9,45,C,8
11/06/1979,20:00,0,0,0,1,0,0,1,0,0,1,0,0,1,0,0,1,0,0,1,0,0,1,0,10,B,8,10,B,8,2.2,B,8,1.4,B,8,94,B,8,990,B,8,330,B,8,7.4,B,8,9100,C,8,313,B,8,1.1,E,8,0.000,?,0,0.00,?,0,0,1,D,9,45,C,8
11/06/1979,21:00,0,0,0,1,0,0,1,0,0,1,0,0,1,0,0,1,0,0,1,0,0,1,0,10,B,8,10,B,8,1.7,B,8,0.5,B,8,91,B,8,991,B,8,320,B,8,6.5,B,8,11800,C,8,387,B,8,1.1,E,8,0.000,?,0,0.00,?,0,0,1,D,9,45,C,8
11/06/1979,22:00,0,0,0,1,0,0,1,0,0,1,0,0,1,0,0,1,0,0,1,0,0,1,0,10,A,7,10,A,7,1.1,A,7,-0.6,A,7,89,A,7,992,A,7,320,A,7,5.7,A,7,14500,B,7,460,A,7,1.0,E,8,0.000,?,0,0.00,?,0,0,1,D,9,00,C,8
11/06/1979,23:00,0,0,0,1,0,0,1,0,0,1,0,0,1,0,0,1,0,0,1,0,0,1,0,10,B,8,10,B,8,1.1,B,8,-1.1,B,8,86,B,8,992,B,8,320,B,8,5.7,B,8,15033,C,8,540,B,8,1.0,E,8,0.000,?,0,0.00,?,0,0,1,D,9,00,C,8
11/06/1979,24:00,0,0,0,1,0,0,1,0,0,1,0,0,1,0,0,1,0,0,1,0,0,1,0,10,B,8,10,B,8,1.1,B,8,-1.7,B,8,82,B,8,993,B,8,310,B,8,5.7,B,8,15566,C,8,620,B,8,1.0,E,8,0.000,?,0,0.00,?,0,0,1,D,9,00,C,8
11/07/1979,01:00,0,0,0,1,0,0,1,0,0,1,0,0,1,0,0,1,0,0,1,0,0,1,0,10,A,7,10,A,7,1.1,A,7,-2.2,A,7,79,A,7,993,A,7,310,A,7,5.7,A,7,16100,B,7,700,A,7,0.9,E,8,0.000,?,0,0.00,?,0,0,1,D,9,00,C,8
11/07/1979,02:00,0,0,0,1,0,0,1,0,0,1,0,0,1,0,0,1,0,0,1,0,0,1,0,10,B,8,10,B,8,1.1,B,8,-2.0,B,8,79,B,8,993,B,8,310,B,8,5.2,B,8,16633,C,8,700,B,8,0.9,E,8,0.000,?,0,0.00,?,0,0,1,D,9,00,C,8
11/07/1979,03:00,0,0,0,1,0,0,1,0,0,1,0,0,1,0,0,1,0,0,1,0,0,1,0,10,B,8,10,B,8,1.1,B,8,-2.0,B,8,79,B,8,993,B,8,320,B,8,4.6,B,8,17166,C,8,700,B,8,0.9,E,8,0.000,?,0,0.00,?,0,0,1,D,9,00,C,8
11/07/1979,04:00,0,0,0,1,0,0,1,0,0,1,0,0,1,0,0,1,0,0,1,0,0,1,0,10,A,7,10,A,7,1.1,A,7,-2.2,A,7,79,A,7,993,A,7,320,A,7,4.1,A,7,17700,B,7,700,A,7,0.9,E,8,0.000,?,0,0.00,?,0,0,1,D,9,00,C,8
11/07/1979,05:00,0,0,0,1,0,0,1,0,0,1,0,0,1,0,0,1,0,0,1,0,0,1,0,10,B,8,10,B,8,0.9,B,8,-2.3,B,8,78,B,8,993,B,8,310,B,8,3.8,B,8,17700,C,8,720,B,8,0.9,E,8,0.000,?,0,0.00,?,0,0,1,D,9,00,C,8
11/07/1979,06:00,0,0,0,1,0,0,1,0,0,1,0,0,1,0,0,1,0,0,1,0,0,1,0,10,B,8,10,B,8,0.8,B,8,-2.7,B,8,76,B,8,993,B,8,310,B,8,3.4,B,8,17700,C,8,740,B,8,0.9,E,8,0.000,?,0,0.00,?,0,0,1,D,9,00,C,8
11/07/1979,07:00,0,0,0,1,0,0,1,0,0,1,0,0,1,0,0,1,0,0,1,0,0,1,0,10,A,7,10,A,7,0.6,A,7,-3.3,A,7,75,A,7,993,A,7,300,A,7,3.1,A,7,17700,B,7,760,A,7,0.9,E,8,0.000,?,0,0.00,?,0,0,1,D,9,00,C,8
11/07/1979,08:00,47,894,20,1,13,0,1,9,20,1,13,22,1,13,0,1,9,22,1,13,65,1,21,10,B,8,10,B,8,1.0,B,8,-3.4,B,8,73,B,8,993,B,8,290,B,8,3.1,B,8,17166,C,8,790,B,8,0.9,E,8,0.000,F,8,0.00,?,0,0,1,D,9,00,C,8
11/07/1979,09:00,257,1393,84,1,13,1,1,9,84,1,13,92,1,13,0,1,9,92,1,13,257,1,21,10,B,8,10,B,8,1.3,B,8,-3.1,B,8,72,B,8,993,B,8,280,B,8,3.1,B,8,16633,C,8,820,B,8,0.9,E,8,0.000,F,8,0.00,?,0,0,1,D,9,00,C,8
11/07/1979,10:00,453,1393,155,1,9,1,1,9,155,1,13,171,1,9,1,1,9,171,1,13,514,1,18,10,A,7,10,A,7,1.7,A,7,-3.3,A,7,70,A,7,993,A,7,270,A,7,3.1,A,7,16100,B,7,850,A,7,0.9,E,8,0.000,F,8,0.00,?,0,0,1,D,9,00,C,8
11/07/1979,11:00,600,1393,231,1,9,0,1,9,231,1,13,255,1,9,0,1,9,255,1,13,778,1,18,10,B,8,10,B,8,2.1,B,8,-2.8,B,8,69,B,8,992,B,8,270,B,8,4.3,B,8,16100,C,8,850,B,8,0.9,E,8,0.000,F,8,0.00,?,0,0,1,D,9,00,C,8
11/07/1979,12:00,689,1393,242,1,9,2,1,9,242,1,13,272,1,9,2,1,9,271,1,13,887,1,18,10,B,8,10,B,8,2.4,B,8,-2.6,B,8,68,B,8,992,B,8,260,B,8,5.5,B,8,16100,C,8,850,B,8,0.9,E,8,0.000,F,8,0.00,?,0,0,1,D,9,00,C,8
11/07/1979,13:00,714,1393,267,1,9,0,1,9,266,1,13,297,1,9,0,1,9,297,1,13,959,1,18,10,A,7,10,A,7,2.8,A,7,-2.8,A,7,67,A,7,992,A,7,260,A,7,6.7,A,7,16100,B,7,850,A,7,0.9,E,8,0.000,F,8,0.00,?,0,0,1,D,9,00,C,8
11/07/1979,14:00,671,1393,231,1,9,0,1,9,231,1,13,258,1,9,0,1,9,258,1,13,848,1,18,10,B,8,10,B,8,2.8,B,8,-2.6,B,8,67,B,8,991,B,8,250,B,8,6.9,B,8,16100,C,8,850,B,8,0.9,E,8,0.000,F,8,0.00,?,0,0,1,D,9,00,C,8
11/07/1979,15:00,565,1393,212,1,9,76,1,9,181,1,13,232,1,9,74,1,9,202,1,13,499,1,18,9,B,8,9,B,8,2.8,B,8,-2.6,B,8,67,B,8,990,B,8,250,B,8,7.0,B,8,16100,C,8,850,B,8,0.9,E,8,0.000,F,8,0.00,?,0,0,1,D,9,00,C,8
11/07/1979,16:00,403,1393,108,1,9,63,1,9,90,1,13,119,1,9,56,1,9,103,1,13,246,1,18,9,A,7,9,A,7,2.8,A,7,-2.8,A,7,67,A,7,990,A,7,240,A,7,7.2,A,7,16100,B,7,850,A,7,0.9,E,8,0.000,F,8,0.00,?,0,0,1,D,9,00,C,8
11/07/1979,17:00,197,1393,67,1,18,83,1,18,55,1,18,72,1,18,55,1,18,65,1,18,116,1,31,7,B,8,7,B,8,1.7,B,8,-3.0,B,8,71,B,8,989,B,8,220,B,8,6.2,B,8,16100,C,8,77777,B,8,0.9,E,8,0.000,F,8,0.00,?,0,0,1,D,9,00,C,8
11/07/1979,18:00,15,522,12,1,18,20,1,18,10,1,18,0,1,18,0,1,18,0,1,18,0,1,31,4,B,8,4,B,8,0.5,B,8,-3.4,B,8,74,B,8,988,B,8,210,B,8,5.1,B,8,16100,C,8,77777,B,8,0.9,E,8,0.000,F,8,0.00,?,0,0,1,D,9,00,C,8
11/07/1979,19:00,0,0,0,1,0,0,1,0,0,1,0,0,1,0,0,1,0,0,1,0,0,1,0,2,A,7,2,A,7,-0.6,A,7,-3.9,A,7,78,A,7,987,A,7,190,A,7,4.1,A,7,16100,B,7,77777,A,7,0.8,E,8,0.000,?,0,0.00,?,0,0,1,D,9,00,C,8
11/07/1979,20:00,0,0,0,1,0,0,1,0,0,1,0,0,1,0,0,1,0,0,1,0,0,1,0,5,B,8,5,B,8,-0.4,B,8,-3.5,B,8,78,B,8,986,B,8,190,B,8,5.0,B,8,16100,C,8,77777,B,8,0.9,E,8,0.000,?,0,0.00,?,0,0,1,D,9,00,C,8
11/07/1979,21:00,0,0,0,1,0,0,1,0,0,1,0,0,1,0,0,1,0,0,1,0,0,1,0,7,B,8,7,B,8,-0.2,B,8,-3.3,B,8,79,B,8,985,B,8,190,B,8,5.8,B,8,16100,C,8,77777,B,8,0.9,E,8,0.000,?,0,0.00,?,0,0,1,D,9,00,C,8
11/07/1979,22:00,0,0,0,1,0,0,1,0,0,1,0,0,1,0,0,1,0,0,1,0,0,1,0,10,A,7,10,A,7,0.0,A,7,-3.3,A,7,79,A,7,984,A,7,190,A,7,6.7,A,7,16100,B,7,2440,A,7,0.9,E,8,0.000,?,0,0.00,?,0,0,1,D,9,00,C,8
11/07/1979,23:00,0,0,0,1,0,0,1,0,0,1,0,0,1,0,0,1,0,0,1,0,0,1,0,10,B,8,10,B,8,0.6,B,8,-2.7,B,8,79,B,8,983,B,8,190,B,8,6.9,B,8,16100,C,8,2033,B,8,0.9,E,8,0.000,?,0,0.00,?,0,0,1,D,9,00,C,8
11/07/1979,24:00,0,0,0,1,0,0,1,0,0,1,0,0,1,0,0,1,0,0,1,0,0,1,0,10,B,8,10,B,8,1.1,B,8,-2.2,B,8,79,B,8,982,B,8,190,B,8,7.0,B,8,16100,C,8,1627,B,8,0.9,E,8,0.000,?,0,0.00,?,0,0,1,D,9,00,C,8
11/08/1979,01:00,0,0,0,1,0,0,1,0,0,1,0,0,1,0,0,1,0,0,1,0,0,1,0,10,A,7,10,A,7,1.7,A,7,-1.7,A,7,79,A,7,981,A,7,190,A,7,7.2,A,7,16100,B,7,1220,A,7,1.0,E,8,0.000,?,0,0.00,?,0,0,1,D,9,00,C,8
11/08/1979,02:00,0,0,0,1,0,0,1,0,0,1,0,0,1,0,0,1,0,0,1,0,0,1,0,10,B,8,10,B,8,1.5,B,8,-0.8,B,8,85,B,8,980,B,8,190,B,8,7.2,B,8,11800,C,8,893,B,8,1.0,E,8,0.000,?,0,0.00,?,0,0,1,D,9,00,C,8
11/08/1979,03:00,0,0,0,1,0,0,1,0,0,1,0,0,1,0,0,1,0,0,1,0,0,1,0,10,B,8,10,B,8,1.3,B,8,0.1,B,8,90,B,8,979,B,8,190,B,8,7.2,B,8,7500,C,8,567,B,8,1.0,E,8,0.000,?,0,0.00,?,0,3,1,D,9,73,C,8
11/08/1979,04:00,0,0,0,1,0,0,1,0,0,1,0,0,1,0,0,1,0,0,1,0,0,1,0,10,A,7,10,A,7,1.1,A,7,0.6,A,7,96,A,7,978,A,7,190,A,7,7.2,A,7,3200,B,7,240,A,7,1.1,E,8,0.000,?,0,0.00,?,0,0,1,D,9,45,C,8
11/08/1979,05:00,0,0,0,1,0,0,1,0,0,1,0,0,1,0,0,1,0,0,1,0,0,1,0,10,B,8,10,B,8,1.5,B,8,1.2,B,8,96,B,8,977,B,8,200,B,8,7.5,B,8,4266,C,8,240,B,8,1.1,E,8,0.000,?,0,0.00,?,0,3,1,D,9,45,C,8
11/08/1979,06:00,0,0,0,1,0,0,1,0,0,1,0,0,1,0,0,1,0,0,1,0,0,1,0,10,B,8,10,B,8,1.8,B,8,1.6,B,8,96,B,8,976,B,8,200,B,8,7.9,B,8,5333,C,8,240,B,8,1.1,E,8,0.000,?,0,0.00,?,0,0,1,D,9,00,C,8
11/08/1979,07:00,0,0,0,1,0,0,1,0,0,1,0,0,1,0,0,1,0,0,1,0,0,1,0,10,A,7,10,A,7,2.2,A,7,1.7,A,7,96,A,7,975,A,7,210,A,7,8.2,A,7,6400,B,7,240,A,7,1.2,E,8,0.000,?,0,0.00,?,0,0,1,D,9,45,C,8
11/08/1979,08:00,44,871,10,1,13,8,1,9,9,1,13,10,1,13,4,1,9,10,1,13,23,1,21,10,B,8,10,B,8,2.4,B,8,1.8,B,8,96,B,8,976,B,8,220,B,8,7.9,B,8,5600,C,8,273,B,8,1.2,E,8,0.000,F,8,0.00,?,0,3,1,D,9,45,C,8
11/08/1979,09:00,251,1393,46,1,13,3,1,9,46,1,13,53,1,13,1,1,9,53,1,13,170,1,21,10,B,8,10,B,8,2.6,B,8,2.2,B,8,96,B,8,976,B,8,240,B,8,7.5,B,8,4800,C,8,307,B,8,1.2,E,8,0.000,F,8,0.00,?,0,3,1,D,9,45,C,8
11/08/1979,10:00,447,1393,68,1,9,0,1,9,68,1,13,80,1,9,0,1,9,80,1,13,284,1,18,10,A,7,10,A,7,2.8,A,7,2.2,A,7,96,A,7,976,A,7,250,A,7,7.2,A,7,4000,B,7,340,A,7,1.2,E,8,0.000,F,8,0.00,?,0,0,1,D,9,45,C,8
11/08/1979,11:00,595,1393,175,1,9,63,1,9,148,1,13,192,1,9,61,1,9,166,1,13,437,1,18,9,B,8,9,B,8,3.2,B,8,1.8,B,8,89,B,8,976,B,8,270,B,8,7.5,B,8,8033,C,8,530,B,8,1.2,E,8,0.000,F,8,0.00,?,0,0,1,D,9,45,C,8
11/08/1979,12:00,684,1393,290,1,9,206,1,9,188,1,13,318,1,9,211,1,9,214,1,13,465,1,18,9,B,8,9,B,8,3.5,B,8,1.1,B,8,83,B,8,976,B,8,280,B,8,7.9,B,8,12066,C,8,720,B,8,1.1,E,8,0.000,F,8,0.00,?,0,0,1,D,9,00,C,8
11/08/1979,13:00,708,1393,256,1,9,38,1,9,237,1,13,281,1,9,38,1,9,262,1,13,699,1,18,8,A,7,8,A,7,3.9,A,7,0.0,A,7,76,A,7,977,A,7,300,A,7,8.2,A,7,16100,B,7,910,A,7,1.1,E,8,0.000,F,8,0.00,?,0,0,1,D,9,00,C,8
11/08/1979,14:00,666,1393,464,1,18,666,1,18,142,1,18,475,1,18,644,1,18,166,1,18,284,1,31,6,B,8,6,B,8,3.7,B,8,-1.4,B,8,69,B,8,977,B,8,290,B,8,7.9,B,8,18766,C,8,77777,B,8,1.0,E,8,0.000,F,8,0.00,?,0,0,1,D,9,00,C,8
11/08/1979,15:00,560,1393,276,1,18,322,1,18,145,1,18,295,1,18,319,1,18,166,1,18,300,1,31,3,B,8,3,B,8,3.5,B,8,-3.1,B,8,62,B,8,978,B,8,290,B,8,7.5,B,8,21433,C,8,77777,B,8,0.9,E,8,0.000,F,8,0.00,?,0,0,1,D,9,00,C,8
11/08/1979,16:00,398,1393,238,1,9,661,1,9,46,1,13,246,1,9,587,1,9,78,1,13,96,1,18,1,A,7,1,A,7,3.3,A,7,-5.0,A,7,55,A,7,978,A,7,280,A,7,7.2,A,7,24100,B,7,77777,A,7,0.8,E,8,0.000,F,8,0.00,?,0,0,1,D,9,00,C,8
11/08/1979,17:00,192,1393,91,1,13,414,1,9,32,1,13,92,1,13,272,1,9,54,1,13,58,1,21,1,B,8,1,B,8,1.3,B,8,-5.6,B,8,61,B,8,979,B,8,280,B,8,5.8,B,8,21433,C,8,77777,B,8,0.8,E,8,0.000,F,8,0.00,?,0,0,1,D,9,00,C,8
11/08/1979,18:00,14,499,14,1,13,54,1,9,8,1,13,0,1,13,0,1,9,0,1,13,0,1,21,0,B,8,0,B,8,-0.8,B,8,-6.3,B,8,66,B,8,979,B,8,270,B,8,4.5,B,8,18766,C,8,77777,B,8,0.7,E,8,0.000,F,8,0.00,?,0,0,1,D,9,00,C,8
11/08/1979,19:00,0,0,0,1,0,0,1,0,0,1,0,0,1,0,0,1,0,0,1,0,0,1,0,0,A,7,0,A,7,-2.8,A,7,-7.2,A,7,72,A,7,980,A,7,270,A,7,3.1,A,7,16100,B,7,77777,A,7,0.7,E,8,0.000,?,0,0.00,?,0,0,1,D,9,00,C,8
11/08/1979,20:00,0,0,0,1,0,0,1,0,0,1,0,0,1,0,0,1,0,0,1,0,0,1,0,0,B,8,0,B,8,-3.5,B,8,-6.9,B,8,77,B,8,980,B,8,300,B,8,2.1,B,8,16100,C,8,77777,B,8,0.7,E,8,0.000,?,0,0.00,?,0,0,1,D,9,00,C,8
11/08/1979,21:00,0,0,0,1,0,0,1,0,0,1,0,0,1,0,0,1,0,0,1,0,0,1,0,0,B,8,0,B,8,-4.3,B,8,-6.7,B,8,83,B,8,981,B,8,330,B,8,1.0,B,8,16100,C,8,77777,B,8,0.7,E,8,0.000,?,0,0.00,?,0,0,1,D,9,00,C,8
11/08/1979,22:00,0,0,0,1,0,0,1,0,0,1,0,0,1,0,0,1,0,0,1,0,0,1,0,0,A,7,0,A,7,-5.0,A,7,-6.7,A,7,88,A,7,981,A,7,0,A,7,0.0,A,7,16100,B,7,77777,A,7,0.7,E,8,0.000,?,0,0.00,?,0,0,1,D,9,00,C,8
11/08/1979,23:00,0,0,0,1,0,0,1,0,0,1,0,0,1,0,0,1,0,0,1,0,0,1,0,0,B,8,0,B,8,-5.6,B,8,-6.8,B,8,91,B,8,981,B,8,0,B,8,0.0,B,8,16100,C,8,77777,B,8,0.7,E,8,0.000,?,0,0.00,?,0,0,1,D,9,00,C,8
11/08/1979,24:00,0,0,0,1,0,0,1,0,0,1,0,0,1,0,0,1,0,0,1,0,0,1,0,0,B,8,0,B,8,-6.1,B,8,-7.0,B,8,93,B,8,982,B,8,0,B,8,0.0,B,8,16100,C,8,77777,B,8,0.7,E,8,0.000,?,0,0.00,?,0,0,1,D,9,00,C,8
11/09/1979,01:00,0,0,0,1,0,0,1,0,0,1,0,0,1,0,0,1,0,0,1,0,0,1,0,0,A,7,0,A,7,-6.7,A,7,-7.2,A,7,96,A,7,982,A,7,0,A,7,0.0,A,7,16100,B,7,77777,A,7,0.7,E,8,0.000,?,0,0.00,?,0,0,1,D,9,00,C,8
11/09/1979,02:00,0,0,0,1,0,0,1,0,0,1,0,0,1,0,0,1,0,0,1,0,0,1,0,0,B,8,0,B,8,-6.7,B,8,-7.0,B,8,96,B,8,981,B,8,0,B,8,0.0,B,8,15566,C,8,77777,B,8,0.7,E,8,0.000,?,0,0.00,?,0,0,1,D,9,00,C,8
11/09/1979,03:00,0,0,0,1,0,0,1,0,0,1,0,0,1,0,0,1,0,0,1,0,0,1,0,0,B,8,0,B,8,-6.7,B,8,-7.0,B,8,96,B,8,981,B,8,0,B,8,0.0,B,8,15033,C,8,77777,B,8,0.7,E,8,0.000,?,0,0.00,?,0,0,1,D,9,00,C,8
11/09/1979,04:00,0,0,0,1,0,0,1,0,0,1,0,0,1,0,0,1,0,0,1,0,0,1,0,0,A,7,0,A,7,-6.7,A,7,-7.2,A,7,96,A,7,981,A,7,0,A,7,0.0,A,7,14500,B,7,77777,A,7,0.7,E,8,0.000,?,0,0.00,?,0,0,1,D,9,00,C,8
11/09/1979,05:00,0,0,0,1,0,0,1,0,0,1,0,0,1,0,0,1,0,0,1,0,0,1,0,2,B,8,1,B,8,-5.9,B,8,-6.6,B,8,93,B,8,980,B,8,30,B,8,0.9,B,8,14500,C,8,77777,B,8,0.7,E,8,0.000,?,0,0.00,?,0,0,1,D,9,00,C,8
11/09/1979,06:00,0,0,0,1,0,0,1,0,0,1,0,0,1,0,0,1,0,0,1,0,0,1,0,3,B,8,2,B,8,-5.2,B,8,-6.2,B,8,91,B,8,980,B,8,60,B,8,1.7,B,8,14500,C,8,77777,B,8,0.7,E,8,0.000,?,0,0.00,?,0,0,1,D,9,00,C,8
11/09/1979,07:00,0,0,0,1,0,0,1,0,0,1,0,0,1,0,0,1,0,0,1,0,0,1,0,5,A,7,3,A,7,-4.4,A,7,-6.1,A,7,88,A,7,979,A,7,90,A,7,2.6,A,7,14500,B,7,77777,A,7,0.7,E,8,0.000,?,0,0.00,?,0,0,1,D,9,00,C,8
11/09/1979,08:00,41,848,20,1,18,23,1,18,17,1,18,20,1,18,9,1,18,20,1,18,35,1,31,7,B,8,5,B,8,-3.1,B,8,-5.1,B,8,87,B,8,979,B,8,90,B,8,2.6,B,8,14500,C,8,77777,B,8,0.8,E,8,0.000,F,8,0.00,?,0,0,1,D,9,00,C,8
11/09/1979,09:00,246,1394,83,1,13,84,1,9,68,1,13,90,1,13,62,1,9,79,1,13,145,1,21,8,B,8,8,B,8,-1.9,B,8,-3.7,B,8,86,B,8,978,B,8,80,B,8,2.6,B,8,14500,C,8,77777,B,8,0.8,E,8,0.000,F,8,0.00,?,0,0,1,D,9,00,C,8
11/09/1979,10:00,441,1394,133,1,9,5,1,9,132,1,13,149,1,9,3,1,9,148,1,13,461,1,18,10,A,7,10,A,7,-0.6,A,7,-2.8,A,7,85,A,7,977,A,7,80,A,7,2.6,A,7,14500,B,7,610,A,7,0.9,E,8,0.000,F,8,0.00,?,0,0,1,D,9,00,C,8
11/09/1979,11:00,589,1394,180,1,9,2,1,9,180,1,13,203,1,9,2,1,9,202,1,13,668,1,18,10,B,8,10,B,8,-0.2,B,8,-1.5,B,8,89,B,8,976,B,8,70,B,8,2.8,B,8,10100,C,8,487,B,8,0.9,E,8,0.000,F,8,0.00,?,0,5,1,D,9,45,C,8
11/09/1979,12:00,678,1394,168,1,9,6,1,9,165,1,13,193,1,9,5,1,9,191,1,13,684,1,18,10,B,8,10,B,8,0.2,B,8,-0.6,B,8,92,B,8,975,B,8,70,B,8,2.9,B,8,5700,C,8,363,B,8,1.0,E,8,0.000,F,8,0.00,?,0,0,1,D,9,71,C,8
11/09/1979,13:00,702,1394,226,1,9,1,1,9,225,1,13,254,1,9,1,1,9,254,1,13,861,1,18,10,A,7,10,A,7,0.6,A,7,0.0,A,7,96,A,7,974,A,7,60,A,7,3.1,A,7,1300,B,7,240,A,7,1.1,E,8,0.000,F,8,0.00,?,0,18,1,D,9,45,C,8
11/09/1979,14:00,660,1394,208,1,9,10,1,9,203,1,13,234,1,9,8,1,9,230,1,13,775,1,18,10,B,8,10,B,8,0.6,B,8,0.2,B,8,96,B,8,973,B,8,60,B,8,3.1,B,8,1300,C,8,200,B,8,1.1,E,8,0.000,F,8,0.00,?,0,3,1,D,9,45,C,8
11/09/1979,15:00,555,1394,163,1,9,1,1,9,163,1,13,184,1,9,1,1,9,183,1,13,604,1,18,10,B,8,10,B,8,0.6,B,8,0.2,B,8,96,B,8,971,B,8,50,B,8,3.1,B,8,1300,C,8,160,B,8,1.1,E,8,0.000,F,8,0.00,?,0,8,1,D,9,45,C,8
11/09/1979,16:00,393,1394,105,1,9,3,1,9,104,1,13,117,1,9,2,1,9,117,1,13,371,1,18,10,A,7,10,A,7,0.6,A,7,0.0,A,7,96,A,7,970,A,7,50,A,7,3.1,A,7,1300,B,7,120,A,7,1.0,E,8,0.000,F,8,0.00,?,0,0,1,D,9,45,C,8
11/09/1979,17:00,187,1394,53,1,13,1,1,9,52,1,13,57,1,13,0,1,9,57,1,13,165,1,21,10,B,8,10,B,8,0.6,B,8,0.3,B,8,97,B,8,970,B,8,40,B,8,3.3,B,8,1400,C,8,100,B,8,1.1,E,8,0.000,F,8,0.00,?,0,8,1,D,9,45,C,8
11/09/1979,18:00,12,476,6,1,13,0,1,9,6,1,13,0,1,13,0,1,9,0,1,13,0,1,21,10,B,8,10,B,8,0.6,B,8,0.5,B,8,99,B,8,970,B,8,30,B,8,3.4,B,8,1500,C,8,80,B,8,1.1,E,8,0.000,F,8,0.00,?,0,3,1,D,9,45,C,8
11/09/1979,19:00,0,0,0,1,0,0,1,0,0,1,0,0,1,0,0,1,0,0,1,0,0,1,0,10,A,7,10,A,7,0.6,A,7,0.6,A,7,100,A,7,970,A,7,20,A,7,3.6,A,7,1600,B,7,60,A,7,1.1,E,8,0.000,?,0,0.00,?,0,3,1,D,9,45,C,8
11/09/1979,20:00,0,0,0,1,0,0,1,0,0,1,0,0,1,0,0,1,0,0,1,0,0,1,0,10,B,8,10,B,8,0.4,B,8,0.4,B,8,100,B,8,970,B,8,10,B,8,3.9,B,8,1600,C,8,70,B,8,1.1,E,8,0.000,?,0,0.00,?,0,0,1,D,9,45,C,8
11/09/1979,21:00,0,0,0,1,0,0,1,0,0,1,0,0,1,0,0,1,0,0,1,0,0,1,0,10,B,8,10,B,8,0.2,B,8,0.2,B,8,100,B,8,971,B,8,350,B,8,4.3,B,8,1600,C,8,80,B,8,1.1,E,8,0.000,?,0,0.00,?,0,0,1,D,9,45,C,8
11/09/1979,22:00,0,0,0,1,0,0,1,0,0,1,0,0,1,0,0,1,0,0,1,0,0,1,0,10,A,7,10,A,7,0.0,A,7,0.0,A,7,100,A,7,971,A,7,340,A,7,4.6,A,7,1600,B,7,90,A,7,1.0,E,8,0.000,?,0,0.00,?,0,0,1,D,9,45,C,8
11/09/1979,23:00,0,0,0,1,0,0,1,0,0,1,0,0,1,0,0,1,0,0,1,0,0,1,0,10,B,8,10,B,8,-0.2,B,8,-0.3,B,8,99,B,8,972,B,8,340,B,8,4.1,B,8,2666,C,8,110,B,8,1.0,E,8,0.000,?,0,0.00,?,0,0,1,D,9,45,C,8
11/09/1979,24:00,0,0,0,1,0,0,1,0,0,1,0,0,1,0,0,1,0,0,1,0,0,1,0,10,B,8,10,B,8,-0.4,B,8,-0.7,B,8,97,B,8,972,B,8,340,B,8,3.6,B,8,3733,C,8,130,B,8,1.0,E,8,0.000,?,0,0.00,?,0,0,1,D,9,45,C,8
11/10/1979,01:00,0,0,0,1,0,0,1,0,0,1,0,0,1,0,0,1,0,0,1,0,0,1,0,10,A,7,10,A,7,-0.6,A,7,-1.1,A,7,96,A,7,973,A,7,340,A,7,3.1,A,7,4800,B,7,150,A,7,1.0,E,8,0.000,?,0,0.00,?,0,0,1,D,9,45,C,8
11/10/1979,02:00,0,0,0,1,0,0,1,0,0,1,0,0,1,0,0,1,0,0,1,0,0,1,0,10,B,8,10,B,8,-0.8,B,8,-1.1,B,8,96,B,8,974,B,8,340,B,8,2.6,B,8,5866,C,8,263,B,8,1.0,E,8,0.000,?,0,0.00,?,0,0,1,D,9,45,C,8
11/10/1979,03:00,0,0,0,1,0,0,1,0,0,1,0,0,1,0,0,1,0,0,1,0,0,1,0,10,B,8,10,B,8,-0.9,B,8,-1.3,B,8,96,B,8,975,B,8,340,B,8,2.0,B,8,6933,C,8,377,B,8,1.0,E,8,0.000,?,0,0.00,?,0,0,1,D,9,45,C,8
11/10/1979,04:00,0,0,0,1,0,0,1,0,0,1,0,0,1,0,0,1,0,0,1,0,0,1,0,10,A,7,10,A,7,-1.1,A,7,-1.7,A,7,96,A,7,976,A,7,340,A,7,1.5,A,7,8000,B,7,490,A,7,1.0,E,8,0.000,?,0,0.00,?,0,0,1,D,9,45,C,8
11/10/1979,05:00,0,0,0,1,0,0,1,0,0,1,0,0,1,0,0,1,0,0,1,0,0,1,0,10,B,8,10,B,8,-1.3,B,8,-1.6,B,8,96,B,8,977,B,8,340,B,8,1.7,B,8,8000,C,8,540,B,8,0.9,E,8,0.000,?,0,0.00,?,0,0,1,D,9,45,C,8
11/10/1979,06:00,0,0,0,1,0,0,1,0,0,1,0,0,1,0,0,1,0,0,1,0,0,1,0,10,B,8,10,B,8,-1.5,B,8,-1.8,B,8,96,B,8,978,B,8,330,B,8,1.9,B,8,8000,C,8,590,B,8,0.9,E,8,0.000,?,0,0.00,?,0,0,1,D,9,45,C,8
11/10/1979,07:00,0,0,0,1,0,0,1,0,0,1,0,0,1,0,0,1,0,0,1,0,0,1,0,10,A,7,10,A,7,-1.7,A,7,-2.2,A,7,96,A,7,979,A,7,330,A,7,2.1,A,7,8000,B,7,640,A,7,0.9,E,8,0.000,?,0,0.00,?,0,0,1,D,9,45,C,8
11/10/1979,08:00,38,825,16,1,13,0,1,9,16,1,13,18,1,13,0,1,9,18,1,13,54,1,21,10,B,8,10,B,8,-1.3,B,8,-2.3,B,8,94,B,8,980,B,8,340,B,8,1.4,B,8,9100,C,8,710,B,8,0.9,E,8,0.000,F,8,0.00,?,0,0,1,D,9,45,C,8
11/10/1979,09:00,240,1395,74,1,13,1,1,9,74,1,13,81,1,13,0,1,9,81,1,13,231,1,21,10,B,8,10,B,8,-1.0,B,8,-2.0,B,8,91,B,8,981,B,8,350,B,8,0.7,B,8,10200,C,8,780,B,8,0.9,E,8,0.000,F,8,0.00,?,0,0,1,D,9,45,C,8
11/10/1979,10:00,436,1395,135,1,9,0,1,9,135,1,13,150,1,9,0,1,9,150,1,13,463,1,18,10,A,7,10,A,7,-0.6,A,7,-2.2,A,7,89,A,7,981,A,7,0,A,7,0.0,A,7,11300,B,7,850,A,7,0.9,E,8,0.000,F,8,0.00,?,0,0,1,D,9,00,C,8
11/10/1979,11:00,583,1395,183,1,9,0,1,9,182,1,13,204,1,9,0,1,9,204,1,13,668,1,18,10,B,8,10,B,8,0.0,B,8,-1.8,B,8,86,B,8,982,B,8,0,B,8,0.0,B,8,12900,C,8,953,B,8,0.9,E,8,0.000,F,8,0.00,?,0,0,1,D,9,00,C,8
11/10/1979,12:00,672,1395,224,1,9,0,1,9,224,1,13,251,1,9,0,1,9,251,1,13,833,1,18,10,B,8,10,B,8,0.5,B,8,-1.9,B,8,82,B,8,983,B,8,0,B,8,0.0,B,8,14500,C,8,1057,B,8,0.9,E,8,0.000,F,8,0.00,?,0,0,1,D,9,00,C,8
11/10/1979,13:00,697,1395,251,1,9,1,1,9,251,1,13,281,1,9,1,1,9,280,1,13,912,1,18,10,A,7,10,A,7,1.1,A,7,-2.2,A,7,79,A,7,983,A,7,0,A,7,0.0,A,7,16100,B,7,1160,A,7,0.9,E,8,0.000,F,8,0.00,?,0,0,1,D,9,00,C,8
11/10/1979,14:00,655,1395,216,1,9,1,1,9,216,1,13,243,1,9,1,1,9,242,1,13,800,1,18,10,B,8,10,B,8,1.3,B,8,-2.2,B,8,77,B,8,983,B,8,0,B,8,0.0,B,8,16100,C,8,1180,B,8,0.9,E,8,0.000,F,8,0.00,?,0,0,1,D,9,00,C,8
11/10/1979,15:00,549,1395,199,1,9,0,1,9,199,1,13,220,1,9,0,1,9,220,1,13,673,1,18,10,B,8,10,B,8,1.5,B,8,-2.4,B,8,75,B,8,984,B,8,0,B,8,0.0,B,8,16100,C,8,1200,B,8,0.9,E,8,0.000,F,8,0.00,?,0,0,1,D,9,00,C,8
11/10/1979,16:00,388,1395,110,1,9,1,1,9,110,1,13,123,1,9,1,1,9,123,1,13,382,1,18,10,A,7,10,A,7,1.7,A,7,-2.8,A,7,73,A,7,984,A,7,0,A,7,0.0,A,7,16100,B,7,1220,A,7,0.9,E,8,0.000,F,8,0.00,?,0,0,1,D,9,00,C,8
11/10/1979,17:00,182,1395,57,1,13,0,1,9,57,1,13,62,1,13,0,1,9,62,1,13,172,1,21,10,B,8,10,B,8,1.3,B,8,-2.1,B,8,78,B,8,985,B,8,0,B,8,0.0,B,8,15033,C,8,1200,B,8,0.9,E,8,0.000,F,8,0.00,?,0,0,1,D,9,00,C,8
11/10/1979,18:00,11,453,7,1,13,0,1,9,7,1,13,0,1,13,0,1,9,0,1,13,0,1,21,10,B,8,10,B,8,1.0,B,8,-1.5,B,8,84,B,8,985,B,8,0,B,8,0.0,B,8,13966,C,8,1180,B,8,1.0,E,8,0.000,F,8,0.00,?,0,0,1,D,9,00,C,8
11/10/1979,19:00,0,0,0,1,0,0,1,0,0,1,0,0,1,0,0,1,0,0,1,0,0,1,0,10,A,7,10,A,7,0.6,A,7,-1.1,A,7,89,A,7,986,A,7,0,A,7,0.0,A,7,12900,B,7,1160,A,7,1.0,E,8,0.000,?,0,0.00,?,0,0,1,D,9,00,C,8
11/10/1979,20:00,0,0,0,1,0,0,1,0,0,1,0,0,1,0,0,1,0,0,1,0,0,1,0,10,B,8,10,B,8,0.4,B,8,-0.8,B,8,91,B,8,987,B,8,340,B,8,1.7,B,8,11266,C,8,823,B,8,1.0,E,8,0.000,?,0,0.00,?,0,0,1,D,9,71,C,8
11/10/1979,21:00,0,0,0,1,0,0,1,0,0,1,0,0,1,0,0,1,0,0,1,0,0,1,0,10,B,8,10,B,8,0.2,B,8,-0.6,B,8,94,B,8,987,B,8,320,B,8,3.5,B,8,9633,C,8,487,B,8,1.0,E,8,0.000,?,0,0.00,?,0,0,1,D,9,71,C,8
11/10/1979,22:00,0,0,0,1,0,0,1,0,0,1,0,0,1,0,0,1,0,0,1,0,0,1,0,10,A,7,10,A,7,0.0,A,7,-0.6,A,7,96,A,7,988,A,7,300,A,7,5.2,A,7,8000,B,7,150,A,7,1.0,E,8,0.000,?,0,0.00,?,0,0,1,D,9,71,C,8
11/10/1979,23:00,0,0,0,1,0,0,1,0,0,1,0,0,1,0,0,1,0,0,1,0,0,1,0,10,B,8,10,B,8,-0.7,B,8,-1.4,B,8,95,B,8,988,B,8,300,B,8,4.8,B,8,11233,C,8,203,B,8,1.0,E,8,0.000,?,0,0.00,?,0,0,1,D,9,71,C,8
11/10/1979,24:00,0,0,0,1,0,0,1,0,0,1,0,0,1,0,0,1,0,0,1,0,0,1,0,10,B,8,10,B,8,-1.5,B,8,-2.4,B,8,93,B,8,989,B,8,310,B,8,4.5,B,8,14466,C,8,257,B,8,0.9,E,8,0.000,?,0,0.00,?,0,0,1,D,9,71,C,8
11/11/1979,01:00,0,0,0,1,0,0,1,0,0,1,0,0,1,0,0,1,0,0,1,0,0,1,0,10,A,7,10,A,7,-2.2,A,7,-3.3,A,7,92,A,7,990,A,7,310,A,7,4.1,A,7,17700,B,7,310,A,7,0.9,E,8,0.000,?,0,0.00,?,0,0,1,D,9,71,C,8
11/11/1979,02:00,0,0,0,1,0,0,1,0,0,1,0,0,1,0,0,1,0,0,1,0,0,1,0,10,B,8,10,B,8,-2.4,B,8,-3.7,B,8,90,B,8,990,B,8,300,B,8,3.6,B,8,16633,C,8,593,B,8,0.9,E,8,0.000,?,0,0.00,?,0,0,1,D,9,71,C,8
11/11/1979,03:00,0,0,0,1,0,0,1,0,0,1,0,0,1,0,0,1,0,0,1,0,0,1,0,10,B,8,10,B,8,-2.6,B,8,-4.2,B,8,87,B,8,990,B,8,290,B,8,3.1,B,8,15566,C,8,877,B,8,0.8,E,8,0.000,?,0,0.00,?,0,0,1,D,9,71,C,8
11/11/1979,04:00,0,0,0,1,0,0,1,0,0,1,0,0,1,0,0,1,0,0,1,0,0,1,0,10,A,7,10,A,7,-2.8,A,7,-5.0,A,7,85,A,7,991,A,7,280,A,7,2.6,A,7,14500,B,7,1160,A,7,0.8,E,8,0.000,?,0,0.00,?,0,0,1,D,9,71,C,8
11/11/1979,05:00,0,0,0,1,0,0,1,0,0,1,0,0,1,0,0,1,0,0,1,0,0,1,0,8,B,8,8,B,8,-3.5,B,8,-5.5,B,8,85,B,8,992,B,8,280,B,8,2.6,B,8,15566,C,8,77777,B,8,0.8,E,8,0.000,?,0,0.00,?,0,0,1,D,9,71,C,8
11/11/1979,06:00,0,0,0,1,0,0,1,0,0,1,0,0,1,0,0,1,0,0,1,0,0,1,0,7,B,8,7,B,8,-4.3,B,8,-6.2,B,8,85,B,8,992,B,8,280,B,8,2.6,B,8,16633,C,8,77777,B,8,0.7,E,8,0.000,?,0,0.00,?,0,0,1,D,9,71,C,8
11/11/1979,07:00,0,0,0,1,0,0,1,0,0,1,0,0,1,0,0,1,0,0,1,0,0,1,0,5,A,7,5,A,7,-5.0,A,7,-7.2,A,7,85,A,7,993,A,7,280,A,7,2.6,A,7,17700,B,7,77777,A,7,0.7,E,8,0.000,?,0,0.00,?,0,0,1,D,9,00,C,8
11/11/1979,08:00,35,779,21,1,18,82,1,18,13,1,18,18,1,18,28,1,18,17,1,18,22,1,31,3,B,8,3,B,8,-3.9,B,8,-7.6,B,8,77,B,8,994,B,8,290,B,8,3.6,B,8,18766,C,8,77777,B,8,0.7,E,8,0.000,F,8,0.00,?,0,0,1,D,9,00,C,8
11/11/1979,09:00,235,1395,101,1,13,271,1,9,54,1,13,104,1,13,187,1,9,72,1,13,98,1,21,2,B,8,2,B,8,-2.8,B,8,-7.7,B,8,69,B,8,994,B,8,290,B,8,4.7,B,8,19833,C,8,77777,B,8,0.7,E,8,0.000,F,8,0.00,?,0,0,1,D,9,00,C,8
11/11/1979,10:00,430,1395,252,1,9,667,1,9,45,1,13,266,1,9,606,1,9,78,1,13,97,1,18,0,A,7,0,A,7,-1.7,A,7,-8.3,A,7,61,A,7,995,A,7,300,A,7,5.7,A,7,20900,B,7,77777,A,7,0.7,E,8,0.000,F,8,0.00,?,0,0,1,D,9,00,C,8
11/11/1979,11:00,578,1395,404,1,9,833,1,9,56,1,13,423,1,9,793,1,9,93,1,13,128,1,18,0,B,8,0,B,8,-0.9,B,8,-8.1,B,8,57,B,8,995,B,8,310,B,8,5.2,B,8,20900,C,8,77777,B,8,0.7,E,8,0.000,F,8,0.00,?,0,0,1,D,9,00,C,8
11/11/1979,12:00,667,1395,487,1,9,881,1,9,62,1,13,509,1,9,855,1,9,99,1,13,145,1,18,0,B,8,0,B,8,-0.2,B,8,-8.4,B,8,54,B,8,995,B,8,330,B,8,4.6,B,8,20900,C,8,77777,B,8,0.7,E,8,0.000,F,8,0.00,?,0,0,1,D,9,00,C,8
11/11/1979,13:00,691,1395,509,1,9,891,1,9,64,1,13,532,1,9,868,1,9,100,1,13,150,1,18,0,A,7,0,A,7,0.6,A,7,-8.9,A,7,50,A,7,995,A,7,340,A,7,4.1,A,7,20900,B,7,77777,A,7,0.7,E,8,0.000,F,8,0.00,?,0,0,1,D,9,00,C,8
11/11/1979,14:00,649,1395,471,1,9,872,1,9,61,1,13,492,1,9,843,1,9,98,1,13,142,1,18,0,B,8,0,B,8,0.6,B,8,-8.7,B,8,50,B,8,995,B,8,330,B,8,3.8,B,8,20900,C,8,77777,B,8,0.7,E,8,0.000,F,8,0.00,?,0,0,1,D,9,00,C,8
11/11/1979,15:00,544,1395,381,1,9,829,1,9,53,1,13,397,1,9,783,1,9,91,1,13,122,1,18,0,B,8,0,B,8,0.6,B,8,-8.7,B,8,50,B,8,995,B,8,320,B,8,3.4,B,8,20900,C,8,77777,B,8,0.7,E,8,0.000,F,8,0.00,?,0,0,1,D,9,00,C,8
11/11/1979,16:00,383,1395,244,1,9,721,1,9,42,1,13,254,1,9,636,1,9,78,1,13,93,1,18,0,A,7,0,A,7,0.6,A,7,-8.9,A,7,50,A,7,995,A,7,310,A,7,3.1,A,7,20900,B,7,77777,A,7,0.7,E,8,0.000,F,8,0.00,?,0,0,1,D,9,00,C,8
11/11/1979,17:00,178,1395,90,1,13,474,1,9,28,1,13,89,1,13,320,1,9,48,1,13,52,1,21,0,B,8,0,B,8,-0.9,B,8,-8.0,B,8,60,B,8,995,B,8,330,B,8,2.1,B,8,19300,C,8,77777,B,8,0.7,E,8,0.000,F,8,0.00,?,0,0,1,D,9,00,C,8
11/11/1979,18:00,10,430,11,1,13,49,1,9,6,1,13,0,1,13,0,1,9,0,1,13,0,1,21,0,B,8,0,B,8,-2.4,B,8,-7.3,B,8,71,B,8,996,B,8,340,B,8,1.0,B,8,17700,C,8,77777,B,8,0.7,E,8,0.000,F,8,0.00,?,0,0,1,D,9,00,C,8
11/11/1979,19:00,0,0,0,1,0,0,1,0,0,1,0,0,1,0,0,1,0,0,1,0,0,1,0,0,A,7,0,A,7,-3.9,A,7,-6.7,A,7,81,A,7,996,A,7,0,A,7,0.0,A,7,16100,B,7,77777,A,7,0.7,E,8,0.000,?,0,0.00,?,0,0,1,D,9,00,C,8
11/11/1979,20:00,0,0,0,1,0,0,1,0,0,1,0,0,1,0,0,1,0,0,1,0,0,1,0,0,B,8,0,B,8,-4.6,B,8,-6.9,B,8,83,B,8,996,B,8,0,B,8,0.0,B,8,16100,C,8,77777,B,8,0.7,E,8,0.000,?,0,0.00,?,0,0,1,D,9,00,C,8
11/11/1979,21:00,0,0,0,1,0,0,1,0,0,1,0,0,1,0,0,1,0,0,1,0,0,1,0,0,B,8,0,B,8,-5.4,B,8,-7.2,B,8,86,B,8,996,B,8,0,B,8,0.0,B,8,16100,C,8,77777,B,8,0.7,E,8,0.000,?,0,0.00,?,0,0,1,D,9,00,C,8
11/11/1979,22:00,0,0,0,1,0,0,1,0,0,1,0,0,1,0,0,1,0,0,1,0,0,1,0,0,A,7,0,A,7,-6.1,A,7,-7.8,A,7,88,A,7,996,A,7,0,A,7,0.0,A,7,16100,B,7,77777,A,7,0.7,E,8,0.000,?,0,0.00,?,0,0,1,D,9,00,C,8
11/11/1979,23:00,0,0,0,1,0,0,1,0,0,1,0,0,1,0,0,1,0,0,1,0,0,1,0,0,B,8,0,B,8,-6.3,B,8,-7.7,B,8,89,B,8,996,B,8,0,B,8,0.0,B,8,16100,C,8,77777,B,8,0.7,E,8,0.000,?,0,0.00,?,0,0,1,D,9,00,C,8
11/11/1979,24:00,0,0,0,1,0,0,1,0,0,1,0,0,1,0,0,1,0,0,1,0,0,1,0,0,B,8,0,B,8,-6.5,B,8,-7.8,B,8,91,B,8,996,B,8,0,B,8,0.0,B,8,16100,C,8,77777,B,8,0.7,E,8,0.000,?,0,0.00,?,0,0,1,D,9,00,C,8
11/12/1979,01:00,0,0,0,1,0,0,1,0,0,1,0,0,1,0,0,1,0,0,1,0,0,1,0,0,A,7,0,A,7,-6.7,A,7,-7.8,A,7,92,A,7,997,A,7,0,A,7,0.0,A,7,16100,B,7,77777,A,7,0.7,E,8,0.000,?,0,0.00,?,0,0,1,D,9,00,C,8
11/12/1979,02:00,0,0,0,1,0,0,1,0,0,1,0,0,1,0,0,1,0,0,1,0,0,1,0,3,B,8,3,B,8,-5.4,B,8,-7.1,B,8,87,B,8,997,B,8,50,B,8,0.7,B,8,16100,C,8,77777,B,8,0.7,E,8,0.000,?,0,0.00,?,0,0,1,D,9,00,C,8
11/12/1979,03:00,0,0,0,1,0,0,1,0,0,1,0,0,1,0,0,1,0,0,1,0,0,1,0,5,B,8,5,B,8,-4.1,B,8,-6.4,B,8,83,B,8,996,B,8,110,B,8,1.4,B,8,16100,C,8,77777,B,8,0.7,E,8,0.000,?,0,0.00,?,0,0,1,D,9,00,C,8
11/12/1979,04:00,0,0,0,1,0,0,1,0,0,1,0,0,1,0,0,1,0,0,1,0,0,1,0,8,A,7,8,A,7,-2.8,A,7,-6.1,A,7,78,A,7,996,A,7,160,A,7,2.1,A,7,16100,B,7,1370,A,7,0.8,E,8,0.000,?,0,0.00,?,0,0,1,D,9,00,C,8
11/12/1979,05:00,0,0,0,1,0,0,1,0,0,1,0,0,1,0,0,1,0,0,1,0,0,1,0,9,B,8,9,B,8,-2.6,B,8,-6.0,B,8,76,B,8,996,B,8,160,B,8,2.3,B,8,16100,C,8,1370,B,8,0.7,E,8,0.000,?,0,0.00,?,0,0,1,D,9,00,C,8
11/12/1979,06:00,0,0,0,1,0,0,1,0,0,1,0,0,1,0,0,1,0,0,1,0,0,1,0,9,B,8,9,B,8,-2.4,B,8,-6.3,B,8,74,B,8,996,B,8,150,B,8,2.4,B,8,16100,C,8,1370,B,8,0.7,E,8,0.000,?,0,0.00,?,0,0,1,D,9,00,C,8
11/12/1979,07:00,0,0,0,1,0,0,1,0,0,1,0,0,1,0,0,1,0,0,1,0,0,1,0,10,A,7,10,A,7,-2.2,A,7,-6.7,A,7,72,A,7,996,A,7,150,A,7,2.6,A,7,16100,B,7,1370,A,7,0.7,E,8,0.000,?,0,0.00,?,0,0,1,D,9,00,C,8
11/12/1979,08:00,32,756,15,1,13,0,1,9,15,1,13,17,1,13,0,1,9,17,1,13,50,1,21,10,B,8,10,B,8,-1.7,B,8,-7.1,B,8,68,B,8,996,B,8,160,B,8,2.9,B,8,16100,C,8,1320,B,8,0.7,E,8,0.000,F,8,0.00,?,0,0,1,D,9,00,C,8
11/12/1979,09:00,230,1396,65,1,13,3,1,9,65,1,13,72,1,13,1,1,9,72,1,13,209,1,21,10,B,8,10,B,8,-1.1,B,8,-7.2,B,8,63,B,8,996,B,8,170,B,8,3.3,B,8,16100,C,8,1270,B,8,0.7,E,8,0.000,F,8,0.00,?,0,0,1,D,9,00,C,8
11/12/1979,10:00,425,1396,130,1,9,11,1,9,126,1,13,144,1,9,7,1,9,142,1,13,437,1,18,10,A,7,10,A,7,-0.6,A,7,-7.8,A,7,59,A,7,997,A,7,180,A,7,3.6,A,7,16100,B,7,1220,A,7,0.7,E,8,0.000,F,8,0.00,?,0,0,1,D,9,00,C,8
11/12/1979,11:00,572,1396,254,1,9,126,1,9,202,1,13,273,1,9,124,1,9,222,1,13,476,1,18,9,B,8,8,B,8,0.9,B,8,-7.1,B,8,55,B,8,996,B,8,180,B,8,3.4,B,8,16100,C,8,77777,B,8,0.7,E,8,0.000,F,8,0.00,?,0,0,1,D,9,00,C,8
11/12/1979,12:00,661,1396,309,1,18,265,1,18,183,1,18,331,1,18,272,1,18,202,1,18,401,1,31,9,B,8,5,B,8,2.4,B,8,-6.7,B,8,50,B,8,995,B,8,190,B,8,3.3,B,8,16100,C,8,77777,B,8,0.7,E,8,0.000,F,8,0.00,?,0,0,1,D,9,00,C,8
11/12/1979,13:00,686,1396,431,1,13,650,1,13,108,1,13,451,1,13,641,1,13,135,1,13,230,1,23,8,A,7,3,A,7,3.9,A,7,-6.7,A,7,46,A,7,995,A,7,190,A,7,3.1,A,7,16100,B,7,77777,A,7,0.7,E,8,0.000,F,8,0.00,?,0,0,1,D,9,00,C,8
11/12/1979,14:00,644,1396,417,1,9,721,1,9,80,1,13,433,1,9,700,1,9,108,1,13,168,1,18,7,B,8,2,B,8,4.3,B,8,-6.5,B,8,45,B,8,994,B,8,190,B,8,2.6,B,8,16633,C,8,77777,B,8,0.7,E,8,0.000,F,8,0.00,?,0,0,1,D,9,00,C,8
11/12/1979,15:00,539,1396,329,1,9,653,1,9,73,1,13,345,1,9,621,1,9,104,1,13,148,1,18,7,B,8,1,B,8,4.6,B,8,-6.5,B,8,44,B,8,993,B,8,190,B,8,2.0,B,8,17166,C,8,77777,B,8,0.7,E,8,0.000,F,8,0.00,?,0,0,1,D,9,00,C,8
11/12/1979,16:00,378,1396,240,1,9,685,1,9,51,1,13,244,1,9,595,1,9,82,1,13,99,1,18,6,A,7,0,A,7,5.0,A,7,-6.7,A,7,43,A,7,993,A,7,190,A,7,1.5,A,7,17700,B,7,77777,A,7,0.7,E,8,0.000,F,8,0.00,?,0,0,1,D,9,00,C,8
11/12/1979,17:00,173,1396,84,1,13,374,1,9,36,1,13,84,1,13,231,1,9,55,1,13,63,1,21,7,B,8,2,B,8,2.8,B,8,-6.0,B,8,55,B,8,993,B,8,250,B,8,1.0,B,8,17166,C,8,77777,B,8,0.8,E,8,0.000,F,8,0.00,?,0,0,1,D,9,00,C,8
11/12/1979,18:00,9,407,11,1,18,18,1,18,9,1,18,0,1,18,0,1,18,0,1,18,0,1,31,7,B,8,5,B,8,0.5,B,8,-5.4,B,8,66,B,8,993,B,8,300,B,8,0.5,B,8,16633,C,8,77777,B,8,0.8,E,8,0.000,F,8,0.00,?,0,0,1,D,9,00,C,8
11/12/1979,19:00,0,0,0,1,0,0,1,0,0,1,0,0,1,0,0,1,0,0,1,0,0,1,0,8,A,7,7,A,7,-1.7,A,7,-5.0,A,7,78,A,7,993,A,7,0,A,7,0.0,A,7,16100,B,7,4570,A,7,0.8,E,8,0.000,?,0,0.00,?,0,0,1,D,9,00,C,8
11/12/1979,20:00,0,0,0,1,0,0,1,0,0,1,0,0,1,0,0,1,0,0,1,0,0,1,0,9,B,8,8,B,8,-1.7,B,8,-4.3,B,8,82,B,8,993,B,8,0,B,8,0.0,B,8,16100,C,8,3960,B,8,0.8,E,8,0.000,?,0,0.00,?,0,0,1,D,9,00,C,8
11/12/1979,21:00,0,0,0,1,0,0,1,0,0,1,0,0,1,0,0,1,0,0,1,0,0,1,0,9,B,8,9,B,8,-1.7,B,8,-3.7,B,8,85,B,8,992,B,8,0,B,8,0.0,B,8,16100,C,8,3350,B,8,0.9,E,8,0.000,?,0,0.00,?,0,0,1,D,9,00,C,8
11/12/1979,22:00,0,0,0,1,0,0,1,0,0,1,0,0,1,0,0,1,0,0,1,0,0,1,0,10,A,7,10,A,7,-1.7,A,7,-3.3,A,7,89,A,7,992,A,7,0,A,7,0.0,A,7,16100,B,7,2740,A,7,0.9,E,8,0.000,?,0,0.00,?,0,0,1,D,9,00,C,8
11/12/1979,23:00,0,0,0,1,0,0,1,0,0,1,0,0,1,0,0,1,0,0,1,0,0,1,0,7,B,8,7,B,8,-2.6,B,8,-4.0,B,8,90,B,8,991,B,8,0,B,8,0.0,B,8,15566,C,8,77777,B,8,0.8,E,8,0.000,?,0,0.00,?,0,0,1,D,9,00,C,8
11/12/1979,24:00,0,0,0,1,0,0,1,0,0,1,0,0,1,0,0,1,0,0,1,0,0,1,0,3,B,8,3,B,8,-3.5,B,8,-4.8,B,8,91,B,8,991,B,8,0,B,8,0.0,B,8,15033,C,8,77777,B,8,0.8,E,8,0.000,?,0,0.00,?,0,0,1,D,9,00,C,8
11/13/1979,01:00,0,0,0,1,0,0,1,0,0,1,0,0,1,0,0,1,0,0,1,0,0,1,0,0,A,7,0,A,7,-4.4,A,7,-5.6,A,7,92,A,7,991,A,7,0,A,7,0.0,A,7,14500,B,7,77777,A,7,0.8,E,8,0.000,?,0,0.00,?,0,0,1,D,9,00,C,8
11/13/1979,02:00,0,0,0,1,0,0,1,0,0,1,0,0,1,0,0,1,0,0,1,0,0,1,0,3,B,8,3,B,8,-3.7,B,8,-4.9,B,8,91,B,8,990,B,8,0,B,8,0.0,B,8,14500,C,8,77777,B,8,0.8,E,8,0.000,?,0,0.00,?,0,0,1,D,9,00,C,8
11/13/1979,03:00,0,0,0,1,0,0,1,0,0,1,0,0,1,0,0,1,0,0,1,0,0,1,0,7,B,8,7,B,8,-2.9,B,8,-4.2,B,8,90,B,8,990,B,8,0,B,8,0.0,B,8,14500,C,8,77777,B,8,0.8,E,8,0.000,?,0,0.00,?,0,0,1,D,9,00,C,8
11/13/1979,04:00,0,0,0,1,0,0,1,0,0,1,0,0,1,0,0,1,0,0,1,0,0,1,0,10,A,7,10,A,7,-2.2,A,7,-3.9,A,7,89,A,7,990,A,7,0,A,7,0.0,A,7,14500,B,7,1370,A,7,0.9,E,8,0.000,?,0,0.00,?,0,0,1,D,9,00,C,8
11/13/1979,05:00,0,0,0,1,0,0,1,0,0,1,0,0,1,0,0,1,0,0,1,0,0,1,0,10,B,8,10,B,8,-2.2,B,8,-3.8,B,8,88,B,8,990,B,8,0,B,8,0.0,B,8,14500,C,8,1473,B,8,0.8,E,8,0.000,?,0,0.00,?,0,0,1,D,9,00,C,8
11/13/1979,06:00,0,0,0,1,0,0,1,0,0,1,0,0,1,0,0,1,0,0,1,0,0,1,0,9,B,8,9,B,8,-2.2,B,8,-4.0,B,8,86,B,8,990,B,8,0,B,8,0.0,B,8,14500,C,8,1577,B,8,0.8,E,8,0.000,?,0,0.00,?,0,0,1,D,9,00,C,8
11/13/1979,07:00,0,0,0,1,0,0,1,0,0,1,0,0,1,0,0,1,0,0,1,0,0,1,0,9,A,7,9,A,7,-2.2,A,7,-4.4,A,7,85,A,7,990,A,7,0,A,7,0.0,A,7,14500,B,7,1680,A,7,0.8,E,8,0.000,?,0,0.00,?,0,0,1,D,9,00,C,8
11/13/1979,08:00,29,733,8,1,13,17,1,9,7,1,13,9,1,13,4,1,9,9,1,13,11,1,21,9,B,8,9,B,8,-0.9,B,8,-3.6,B,8,83,B,8,990,B,8,0,B,8,0.0,B,8,13966,C,8,1423,B,8,0.9,E,8,0.000,F,8,0.00,?,0,0,1,D,9,00,C,8
11/13/1979,09:00,224,1397,29,1,13,2,1,9,29,1,13,34,1,13,0,1,9,34,1,13,113,1,21,10,B,8,10,B,8,0.4,B,8,-2.4,B,8,81,B,8,990,B,8,0,B,8,0.0,B,8,13433,C,8,1167,B,8,0.9,E,8,0.000,F,8,0.00,?,0,0,1,D,9,00,C,8
11/13/1979,10:00,419,1397,92,1,9,1,1,9,91,1,13,104,1,9,1,1,9,104,1,13,348,1,18,10,A,7,10,A,7,1.7,A,7,-1.7,A,7,79,A,7,990,A,7,0,A,7,0.0,A,7,12900,B,7,910,A,7,1.0,E,8,0.000,F,8,0.00,?,0,0,1,D,9,00,C,8
11/13/1979,11:00,566,1397,161,1,9,12,1,9,156,1,13,182,1,9,9,1,9,178,1,13,594,1,18,10,B,8,10,B,8,2.1,B,8,-0.8,B,8,80,B,8,990,B,8,320,B,8,1.2,B,8,11266,C,8,720,B,8,1.0,E,8,0.000,F,8,0.00,?,0,0,1,D,9,45,C,8
11/13/1979,12:00,656,1397,212,1,9,11,1,9,207,1,13,239,1,9,9,1,9,234,1,13,780,1,18,10,B,8,10,B,8,2.4,B,8,-0.2,B,8,81,B,8,990,B,8,290,B,8,2.4,B,8,9633,C,8,530,B,8,1.0,E,8,0.000,F,8,0.00,?,0,0,1,D,9,45,C,8
11/13/1979,13:00,680,1397,239,1,9,1,1,9,238,1,13,266,1,9,1,1,9,266,1,13,869,1,18,10,A,7,10,A,7,2.8,A,7,0.0,A,7,82,A,7,990,A,7,250,A,7,3.6,A,7,8000,B,7,340,A,7,1.1,E,8,0.000,F,8,0.00,?,0,0,1,D,9,45,C,8
11/13/1979,14:00,639,1397,241,1,9,1,1,9,240,1,13,266,1,9,1,1,9,266,1,13,831,1,18,10,B,8,10,B,8,2.6,B,8,0.4,B,8,84,B,8,989,B,8,260,B,8,3.3,B,8,8000,C,8,480,B,8,1.1,E,8,0.000,F,8,0.00,?,0,0,1,D,9,45,C,8
11/13/1979,15:00,534,1397,153,1,9,2,1,9,153,1,13,173,1,9,1,1,9,172,1,13,567,1,18,10,B,8,10,B,8,2.4,B,8,0.6,B,8,87,B,8,989,B,8,270,B,8,2.9,B,8,8000,C,8,620,B,8,1.1,E,8,0.000,F,8,0.00,?,0,0,1,D,9,45,C,8
11/13/1979,16:00,374,1397,116,1,9,3,1,9,115,1,13,128,1,9,2,1,9,127,1,13,383,1,18,10,A,7,10,A,7,2.2,A,7,0.6,A,7,89,A,7,989,A,7,280,A,7,2.6,A,7,8000,B,7,760,A,7,1.1,E,8,0.000,F,8,0.00,?,0,0,1,D,9,45,C,8
11/13/1979,17:00,169,1397,45,1,13,2,1,9,45,1,13,50,1,13,0,1,9,50,1,13,144,1,21,10,B,8,10,B,8,1.8,B,8,0.7,B,8,91,B,8,990,B,8,290,B,8,2.8,B,8,6666,C,8,577,B,8,1.1,E,8,0.000,F,8,0.00,?,0,3,1,D,9,45,C,8
11/13/1979,18:00,8,384,5,1,13,0,1,9,5,1,13,0,1,13,0,1,9,0,1,13,0,1,21,10,B,8,10,B,8,1.5,B,8,0.7,B,8,94,B,8,990,B,8,310,B,8,2.9,B,8,5333,C,8,393,B,8,1.1,E,8,0.000,F,8,0.00,?,0,0,1,D,9,45,C,8
11/13/1979,19:00,0,0,0,1,0,0,1,0,0,1,0,0,1,0,0,1,0,0,1,0,0,1,0,10,A,7,10,A,7,1.1,A,7,0.6,A,7,96,A,7,991,A,7,320,A,7,3.1,A,7,4000,B,7,210,A,7,1.1,E,8,0.000,?,0,0.00,?,0,0,1,D,9,45,C,8
11/13/1979,20:00,0,0,0,1,0,0,1,0,0,1,0,0,1,0,0,1,0,0,1,0,0,1,0,10,B,8,10,B,8,0.9,B,8,0.4,B,8,95,B,8,991,B,8,320,B,8,3.1,B,8,5900,C,8,467,B,8,1.1,E,8,0.000,?,0,0.00,?,0,0,1,D,9,45,C,8
11/13/1979,21:00,0,0,0,1,0,0,1,0,0,1,0,0,1,0,0,1,0,0,1,0,0,1,0,10,B,8,10,B,8,0.8,B,8,0.0,B,8,93,B,8,991,B,8,310,B,8,3.1,B,8,7800,C,8,723,B,8,1.1,E,8,0.000,?,0,0.00,?,0,0,1,D,9,45,C,8
11/13/1979,22:00,0,0,0,1,0,0,1,0,0,1,0,0,1,0,0,1,0,0,1,0,0,1,0,10,A,7,10,A,7,0.6,A,7,-0.6,A,7,92,A,7,992,A,7,310,A,7,3.1,A,7,9700,B,7,980,A,7,1.0,E,8,0.000,?,0,0.00,?,0,0,1,D,9,45,C,8
11/13/1979,23:00,0,0,0,1,0,0,1,0,0,1,0,0,1,0,0,1,0,0,1,0,0,1,0,7,B,8,7,B,8,-0.5,B,8,-1.4,B,8,93,B,8,992,B,8,300,B,8,2.9,B,8,11300,C,8,77777,B,8,1.0,E,8,0.000,?,0,0.00,?,0,0,1,D,9,45,C,8
11/13/1979,24:00,0,0,0,1,0,0,1,0,0,1,0,0,1,0,0,1,0,0,1,0,0,1,0,4,B,8,4,B,8,-1.7,B,8,-2.4,B,8,95,B,8,992,B,8,300,B,8,2.8,B,8,12900,C,8,77777,B,8,0.9,E,8,0.000,?,0,0.00,?,0,0,1,D,9,00,C,8
11/14/1979,01:00,0,0,0,1,0,0,1,0,0,1,0,0,1,0,0,1,0,0,1,0,0,1,0,1,A,7,1,A,7,-2.8,A,7,-3.3,A,7,96,A,7,992,A,7,290,A,7,2.6,A,7,14500,B,7,77777,A,7,0.9,E,8,0.000,?,0,0.00,?,0,0,1,D,9,00,C,8
11/14/1979,02:00,0,0,0,1,0,0,1,0,0,1,0,0,1,0,0,1,0,0,1,0,0,1,0,2,B,8,2,B,8,-3.9,B,8,-4.3,B,8,96,B,8,992,B,8,280,B,8,2.4,B,8,13433,C,8,77777,B,8,0.8,E,8,0.000,?,0,0.00,?,0,0,1,D,9,00,C,8
11/14/1979,03:00,0,0,0,1,0,0,1,0,0,1,0,0,1,0,0,1,0,0,1,0,0,1,0,4,B,8,4,B,8,-5.0,B,8,-5.3,B,8,96,B,8,992,B,8,280,B,8,2.3,B,8,12366,C,8,77777,B,8,0.8,E,8,0.000,?,0,0.00,?,0,0,1,D,9,00,C,8
11/14/1979,04:00,0,0,0,1,0,0,1,0,0,1,0,0,1,0,0,1,0,0,1,0,0,1,0,5,A,7,5,A,7,-6.1,A,7,-6.7,A,7,96,A,7,992,A,7,270,A,7,2.1,A,7,11300,B,7,77777,A,7,0.7,E,8,0.000,?,0,0.00,?,0,0,1,D,9,00,C,8
11/14/1979,05:00,0,0,0,1,0,0,1,0,0,1,0,0,1,0,0,1,0,0,1,0,0,1,0,6,B,8,6,B,8,-5.2,B,8,-5.5,B,8,96,B,8,992,B,8,270,B,8,2.3,B,8,12366,C,8,77777,B,8,0.8,E,8,0.000,?,0,0.00,?,0,0,1,D,9,00,C,8
11/14/1979,06:00,0,0,0,1,0,0,1,0,0,1,0,0,1,0,0,1,0,0,1,0,0,1,0,6,B,8,6,B,8,-4.2,B,8,-4.6,B,8,96,B,8,993,B,8,270,B,8,2.4,B,8,13433,C,8,77777,B,8,0.8,E,8,0.000,?,0,0.00,?,0,0,1,D,9,00,C,8
11/14/1979,07:00,0,0,0,1,0,0,1,0,0,1,0,0,1,0,0,1,0,0,1,0,0,1,0,7,A,7,7,A,7,-3.3,A,7,-3.9,A,7,96,A,7,993,A,7,270,A,7,2.6,A,7,14500,B,7,1220,A,7,0.9,E,8,0.000,?,0,0.00,?,0,0,1,D,9,00,C,8
11/14/1979,08:00,27,710,12,1,18,11,1,18,11,1,18,0,1,18,0,1,18,0,1,18,0,1,31,8,B,8,7,B,8,-2.0,B,8,-3.0,B,8,94,B,8,993,B,8,280,B,8,3.1,B,8,15033,C,8,1220,B,8,0.9,E,8,0.000,F,8,0.00,?,0,0,1,D,9,00,C,8
11/14/1979,09:00,219,1397,62,1,13,45,1,9,55,1,13,68,1,13,34,1,9,63,1,13,135,1,21,8,B,8,8,B,8,-0.7,B,8,-1.8,B,8,91,B,8,994,B,8,280,B,8,3.6,B,8,15566,C,8,1220,B,8,1.0,E,8,0.000,F,8,0.00,?,0,0,1,D,9,00,C,8
11/14/1979,10:00,414,1397,148,1,9,67,1,9,128,1,13,162,1,9,61,1,9,144,1,13,328,1,18,9,A,7,8,A,7,0.6,A,7,-1.1,A,7,89,A,7,994,A,7,290,A,7,4.1,A,7,16100,B,7,1220,A,7,1.0,E,8,0.000,F,8,0.00,?,0,0,1,D,9,00,C,8
11/14/1979,11:00,561,1397,202,1,9,134,1,9,148,1,13,222,1,9,132,1,9,168,1,13,347,1,18,9,B,8,8,B,8,1.9,B,8,-0.9,B,8,81,B,8,994,B,8,280,B,8,4.8,B,8,16100,C,8,1200,B,8,1.0,E,8,0.000,F,8,0.00,?,0,0,1,D,9,00,C,8
11/14/1979,12:00,650,1397,193,1,9,6,1,9,190,1,13,218,1,9,5,1,9,216,1,13,735,1,18,10,B,8,9,B,8,3.1,B,8,-1.2,B,8,73,B,8,993,B,8,280,B,8,5.5,B,8,16100,C,8,1180,B,8,1.0,E,8,0.000,F,8,0.00,?,0,0,1,D,9,00,C,8
11/14/1979,13:00,675,1397,237,1,9,47,1,9,214,1,13,260,1,9,47,1,9,237,1,13,627,1,18,10,A,7,9,A,7,4.4,A,7,-1.7,A,7,65,A,7,993,A,7,270,A,7,6.2,A,7,16100,B,7,1160,A,7,1.0,E,8,0.000,F,8,0.00,?,0,0,1,D,9,00,C,8
11/14/1979,14:00,634,1397,186,1,9,44,1,9,166,1,13,205,1,9,43,1,9,185,1,13,495,1,18,10,B,8,9,B,8,4.2,B,8,-1.5,B,8,66,B,8,993,B,8,270,B,8,5.5,B,8,15566,C,8,1160,B,8,1.0,E,8,0.000,F,8,0.00,?,0,0,1,D,9,00,C,8
11/14/1979,15:00,529,1397,184,1,9,106,1,9,143,1,13,201,1,9,103,1,9,161,1,13,332,1,18,10,B,8,8,B,8,4.1,B,8,-1.5,B,8,66,B,8,992,B,8,260,B,8,4.8,B,8,15033,C,8,1160,B,8,1.0,E,8,0.000,F,8,0.00,?,0,0,1,D,9,00,C,8
11/14/1979,16:00,369,1397,151,1,9,69,1,9,133,1,13,165,1,9,62,1,9,149,1,13,319,1,18,10,A,7,8,A,7,3.9,A,7,-1.7,A,7,67,A,7,992,A,7,260,A,7,4.1,A,7,14500,B,7,1160,A,7,1.0,E,8,0.000,F,8,0.00,?,0,0,1,D,9,00,C,8
11/14/1979,17:00,165,1397,57,1,13,55,1,9,50,1,13,61,1,13,33,1,9,57,1,13,105,1,21,10,B,8,9,B,8,3.3,B,8,-1.6,B,8,70,B,8,992,B,8,250,B,8,3.6,B,8,14500,C,8,1160,B,8,1.0,E,8,0.000,F,8,0.00,?,0,0,1,D,9,00,C,8
11/14/1979,18:00,7,361,3,1,13,1,1,9,3,1,13,0,1,13,0,1,9,0,1,13,0,1,21,10,B,8,9,B,8,2.8,B,8,-1.6,B,8,73,B,8,991,B,8,240,B,8,3.1,B,8,14500,C,8,1160,B,8,1.0,E,8,0.000,F,8,0.00,?,0,0,1,D,9,00,C,8
11/14/1979,19:00,0,0,0,1,0,0,1,0,0,1,0,0,1,0,0,1,0,0,1,0,0,1,0,10,A,7,10,A,7,2.2,A,7,-1.7,A,7,76,A,7,991,A,7,230,A,7,2.6,A,7,14500,B,7,1160,A,7,1.0,E,8,0.000,?,0,0.00,?,0,0,1,D,9,00,C,8
11/14/1979,20:00,0,0,0,1,0,0,1,0,0,1,0,0,1,0,0,1,0,0,1,0,0,1,0,10,B,8,10,B,8,1.7,B,8,-1.7,B,8,78,B,8,991,B,8,220,B,8,2.8,B,8,13433,C,8,1587,B,8,1.0,E,8,0.000,?,0,0.00,?,0,0,1,D,9,00,C,8
11/14/1979,21:00,0,0,0,1,0,0,1,0,0,1,0,0,1,0,0,1,0,0,1,0,0,1,0,9,B,8,9,B,8,1.1,B,8,-1.8,B,8,80,B,8,990,B,8,210,B,8,2.9,B,8,12366,C,8,2013,B,8,0.9,E,8,0.000,?,0,0.00,?,0,0,1,D,9,00,C,8
11/14/1979,22:00,0,0,0,1,0,0,1,0,0,1,0,0,1,0,0,1,0,0,1,0,0,1,0,9,A,7,9,A,7,0.6,A,7,-2.2,A,7,82,A,7,990,A,7,200,A,7,3.1,A,7,11300,B,7,2440,A,7,0.9,E,8,0.000,?,0,0.00,?,0,0,1,D,9,00,C,8
11/14/1979,23:00,0,0,0,1,0,0,1,0,0,1,0,0,1,0,0,1,0,0,1,0,0,1,0,9,B,8,9,B,8,0.8,B,8,-2.5,B,8,79,B,8,989,B,8,200,B,8,3.6,B,8,11300,C,8,2083,B,8,0.9,E,8,0.000,?,0,0.00,?,0,0,1,D,9,00,C,8
11/14/1979,24:00,0,0,0,1,0,0,1,0,0,1,0,0,1,0,0,1,0,0,1,0,0,1,0,8,B,8,8,B,8,0.9,B,8,-2.9,B,8,76,B,8,988,B,8,210,B,8,4.1,B,8,11300,C,8,1727,B,8,0.9,E,8,0.000,?,0,0.00,?,0,0,1,D,9,00,C,8
11/15/1979,01:00,0,0,0,1,0,0,1,0,0,1,0,0,1,0,0,1,0,0,1,0,0,1,0,8,A,7,8,A,7,1.1,A,7,-3.3,A,7,73,A,7,987,A,7,210,A,7,4.6,A,7,11300,B,7,1370,A,7,0.9,E,8,0.000,?,0,0.00,?,0,0,1,D,9,00,C,8
11/15/1979,02:00,0,0,0,1,0,0,1,0,0,1,0,0,1,0,0,1,0,0,1,0,0,1,0,9,B,8,9,B,8,1.1,B,8,-2.4,B,8,77,B,8,986,B,8,210,B,8,5.0,B,8,10200,C,8,1067,B,8,0.9,E,8,0.000,?,0,0.00,?,0,0,1,D,9,00,C,8
11/15/1979,03:00,0,0,0,1,0,0,1,0,0,1,0,0,1,0,0,1,0,0,1,0,0,1,0,9,B,8,9,B,8,1.1,B,8,-1.6,B,8,81,B,8,985,B,8,200,B,8,5.3,B,8,9100,C,8,763,B,8,1.0,E,8,0.000,?,0,0.00,?,0,0,1,D,9,71,C,8
11/15/1979,04:00,0,0,0,1,0,0,1,0,0,1,0,0,1,0,0,1,0,0,1,0,0,1,0,10,A,7,10,A,7,1.1,A,7,-1.1,A,7,85,A,7,984,A,7,200,A,7,5.7,A,7,8000,B,7,460,A,7,1.0,E,8,0.000,?,0,0.00,?,0,0,1,D,9,71,C,8
11/15/1979,05:00,0,0,0,1,0,0,1,0,0,1,0,0,1,0,0,1,0,0,1,0,0,1,0,10,B,8,10,B,8,1.1,B,8,-0.3,B,8,89,B,8,983,B,8,200,B,8,5.5,B,8,6400,C,8,420,B,8,1.0,E,8,0.000,?,0,0.00,?,0,0,1,D,9,45,C,8
11/15/1979,06:00,0,0,0,1,0,0,1,0,0,1,0,0,1,0,0,1,0,0,1,0,0,1,0,10,B,8,10,B,8,1.1,B,8,0.3,B,8,92,B,8,982,B,8,200,B,8,5.4,B,8,4800,C,8,380,B,8,1.1,E,8,0.000,?,0,0.00,?,0,5,1,D,9,45,C,8
11/15/1979,07:00,0,0,0,1,0,0,1,0,0,1,0,0,1,0,0,1,0,0,1,0,0,1,0,10,A,7,10,A,7,1.1,A,7,0.6,A,7,96,A,7,981,A,7,200,A,7,5.2,A,7,3200,B,7,340,A,7,1.1,E,8,0.000,?,0,0.00,?,0,8,1,D,9,45,C,8
11/15/1979,08:00,25,664,7,1,13,0,1,9,7,1,13,0,1,13,0,1,9,0,1,13,0,1,21,10,B,8,10,B,8,1.7,B,8,1.1,B,8,96,B,8,980,B,8,210,B,8,6.0,B,8,3200,C,8,430,B,8,1.1,E,8,0.000,F,8,0.00,?,0,0,1,D,9,45,C,8
11/15/1979,09:00,214,1398,55,1,13,2,1,9,54,1,13,60,1,13,0,1,9,60,1,13,180,1,21,10,B,8,10,B,8,2.2,B,8,1.9,B,8,96,B,8,980,B,8,220,B,8,6.9,B,8,3200,C,8,520,B,8,1.2,E,8,0.000,F,8,0.00,?,0,0,1,D,9,45,C,8
11/15/1979,10:00,408,1398,49,1,9,5,1,9,48,1,13,59,1,9,2,1,9,59,1,13,205,1,18,10,A,7,10,A,7,2.8,A,7,2.2,A,7,96,A,7,979,A,7,230,A,7,7.7,A,7,3200,B,7,610,A,7,1.2,E,8,0.000,F,8,0.00,?,0,0,1,D,9,45,C,8
11/15/1979,11:00,556,1398,165,1,9,3,1,9,163,1,13,184,1,9,2,1,9,184,1,13,604,1,18,10,B,8,10,B,8,3.5,B,8,3.3,B,8,96,B,8,979,B,8,260,B,8,6.5,B,8,3466,C,8,520,B,8,1.3,E,8,0.000,F,8,0.00,?,0,0,1,D,9,45,C,8
11/15/1979,12:00,645,1398,208,1,9,9,1,9,204,1,13,234,1,9,8,1,9,230,1,13,764,1,18,10,B,8,10,B,8,4.3,B,8,4.0,B,8,96,B,8,978,B,8,290,B,8,5.3,B,8,3733,C,8,430,B,8,1.3,E,8,0.000,F,8,0.00,?,0,0,1,D,9,45,C,8
11/15/1979,13:00,670,1398,109,1,9,8,1,9,105,1,13,130,1,9,5,1,9,127,1,13,475,1,18,10,A,7,10,A,7,5.0,A,7,4.4,A,7,96,A,7,978,A,7,320,A,7,4.1,A,7,4000,B,7,340,A,7,1.4,E,8,0.000,F,8,0.00,?,0,0,1,D,9,45,C,8
11/15/1979,14:00,629,1398,212,1,9,4,1,9,210,1,13,237,1,9,3,1,9,235,1,13,764,1,18,10,B,8,10,B,8,3.5,B,8,3.4,B,8,97,B,8,979,B,8,320,B,8,3.8,B,8,3200,C,8,287,B,8,1.3,E,8,0.000,F,8,0.00,?,0,5,1,D,9,45,C,8
11/15/1979,15:00,525,1398,147,1,9,3,1,9,146,1,13,166,1,9,2,1,9,165,1,13,544,1,18,10,B,8,10,B,8,2.1,B,8,2.1,B,8,99,B,8,979,B,8,330,B,8,3.4,B,8,2400,C,8,233,B,8,1.2,E,8,0.000,F,8,0.00,?,0,3,1,D,9,45,C,8
11/15/1979,16:00,365,1398,73,1,9,2,1,9,72,1,13,83,1,9,1,1,9,83,1,13,275,1,18,10,A,7,10,A,7,0.6,A,7,0.6,A,7,100,A,7,980,A,7,330,A,7,3.1,A,7,1600,B,7,180,A,7,1.1,E,8,0.000,F,8,0.00,?,0,3,1,D,9,45,C,8
11/15/1979,17:00,161,1398,40,1,13,1,1,9,40,1,13,45,1,13,0,1,9,45,1,13,131,1,21,10,B,8,10,B,8,1.0,B,8,1.0,B,8,100,B,8,981,B,8,330,B,8,3.4,B,8,3733,C,8,353,B,8,1.1,E,8,0.000,F,8,0.00,?,0,0,1,D,9,45,C,8
11/15/1979,18:00,6,338,3,1,13,0,1,9,3,1,13,0,1,13,0,1,9,0,1,13,0,1,21,10,B,8,10,B,8,1.3,B,8,1.3,B,8,100,B,8,982,B,8,330,B,8,3.8,B,8,5866,C,8,527,B,8,1.1,E,8,0.000,F,8,0.00,?,0,0,1,D,9,45,C,8
11/15/1979,19:00,0,0,0,1,0,0,1,0,0,1,0,0,1,0,0,1,0,0,1,0,0,1,0,10,A,7,10,A,7,1.7,A,7,1.7,A,7,100,A,7,983,A,7,330,A,7,4.1,A,7,8000,B,7,700,A,7,1.2,E,8,0.000,?,0,0.00,?,0,0,1,D,9,45,C,8
11/15/1979,20:00,0,0,0,1,0,0,1,0,0,1,0,0,1,0,0,1,0,0,1,0,0,1,0,10,B,8,10,B,8,1.7,B,8,1.5,B,8,97,B,8,984,B,8,330,B,8,3.9,B,8,9633,C,8,750,B,8,1.1,E,8,0.000,?,0,0.00,?,0,0,1,D,9,00,C,8
11/15/1979,21:00,0,0,0,1,0,0,1,0,0,1,0,0,1,0,0,1,0,0,1,0,0,1,0,10,B,8,10,B,8,1.7,B,8,1.2,B,8,95,B,8,985,B,8,340,B,8,3.8,B,8,11266,C,8,800,B,8,1.1,E,8,0.000,?,0,0.00,?,0,0,1,D,9,00,C,8
11/15/1979,22:00,0,0,0,1,0,0,1,0,0,1,0,0,1,0,0,1,0,0,1,0,0,1,0,10,A,7,10,A,7,1.7,A,7,0.6,A,7,92,A,7,986,A,7,340,A,7,3.6,A,7,12900,B,7,850,A,7,1.1,E,8,0.000,?,0,0.00,?,0,0,1,D,9,00,C,8
11/15/1979,23:00,0,0,0,1,0,0,1,0,0,1,0,0,1,0,0,1,0,0,1,0,0,1,0,9,B,8,9,B,8,0.9,B,8,-0.5,B,8,90,B,8,987,B,8,340,B,8,3.6,B,8,13966,C,8,893,B,8,1.0,E,8,0.000,?,0,0.00,?,0,0,1,D,9,00,C,8
11/15/1979,24:00,0,0,0,1,0,0,1,0,0,1,0,0,1,0,0,1,0,0,1,0,0,1,0,7,B,8,7,B,8,0.2,B,8,-1.7,B,8,87,B,8,988,B,8,350,B,8,3.6,B,8,15033,C,8,937,B,8,1.0,E,8,0.000,?,0,0.00,?,0,0,1,D,9,00,C,8
11/16/1979,01:00,0,0,0,1,0,0,1,0,0,1,0,0,1,0,0,1,0,0,1,0,0,1,0,6,A,7,6,A,7,-0.6,A,7,-2.8,A,7,85,A,7,989,A,7,350,A,7,3.6,A,7,16100,B,7,980,A,7,0.9,E,8,0.000,?,0,0.00,?,0,0,1,D,9,00,C,8
11/16/1979,02:00,0,0,0,1,0,0,1,0,0,1,0,0,1,0,0,1,0,0,1,0,0,1,0,4,B,8,4,B,8,-1.5,B,8,-3.6,B,8,85,B,8,989,B,8,350,B,8,3.3,B,8,17700,C,8,77777,B,8,0.9,E,8,0.000,?,0,0.00,?,0,0,1,D,9,00,C,8
11/16/1979,03:00,0,0,0,1,0,0,1,0,0,1,0,0,1,0,0,1,0,0,1,0,0,1,0,2,B,8,2,B,8,-2.4,B,8,-4.4,B,8,85,B,8,989,B,8,340,B,8,2.9,B,8,19300,C,8,77777,B,8,0.8,E,8,0.000,?,0,0.00,?,0,0,1,D,9,00,C,8
11/16/1979,04:00,0,0,0,1,0,0,1,0,0,1,0,0,1,0,0,1,0,0,1,0,0,1,0,0,A,7,0,A,7,-3.3,A,7,-5.6,A,7,85,A,7,990,A,7,340,A,7,2.6,A,7,20900,B,7,77777,A,7,0.8,E,8,0.000,?,0,0.00,?,0,0,1,D,9,00,C,8
11/16/1979,05:00,0,0,0,1,0,0,1,0,0,1,0,0,1,0,0,1,0,0,1,0,0,1,0,0,B,8,0,B,8,-4.6,B,8,-6.4,B,8,86,B,8,990,B,8,320,B,8,2.4,B,8,18233,C,8,77777,B,8,0.7,E,8,0.000,?,0,0.00,?,0,0,1,D,9,00,C,8
11/16/1979,06:00,0,0,0,1,0,0,1,0,0,1,0,0,1,0,0,1,0,0,1,0,0,1,0,0,B,8,0,B,8,-5.9,B,8,-7.6,B,8,87,B,8,991,B,8,300,B,8,2.3,B,8,15566,C,8,77777,B,8,0.7,E,8,0.000,?,0,0.00,?,0,0,1,D,9,00,C,8
11/16/1979,07:00,0,0,0,1,0,0,1,0,0,1,0,0,1,0,0,1,0,0,1,0,0,1,0,0,A,7,0,A,7,-7.2,A,7,-8.9,A,7,88,A,7,991,A,7,280,A,7,2.1,A,7,12900,B,7,77777,A,7,0.6,E,8,0.000,?,0,0.00,?,0,0,1,D,9,00,C,8
11/16/1979,08:00,22,641,15,1,13,53,1,9,10,1,13,0,1,13,0,1,9,0,1,13,0,1,21,1,B,8,0,B,8,-5.2,B,8,-7.7,B,8,84,B,8,992,B,8,260,B,8,2.1,B,8,13966,C,8,77777,B,8,0.7,E,8,0.000,F,8,0.00,?,0,0,1,D,9,00,C,8
11/16/1979,09:00,209,1399,94,1,13,371,1,9,38,1,13,96,1,13,251,1,9,58,1,13,68,1,21,3,B,8,1,B,8,-3.1,B,8,-6.1,B,8,79,B,8,993,B,8,240,B,8,2.1,B,8,15033,C,8,77777,B,8,0.7,E,8,0.000,F,8,0.00,?,0,0,1,D,9,00,C,8
11/16/1979,10:00,403,1399,228,1,9,572,1,9,62,1,13,237,1,9,502,1,9,92,1,13,118,1,18,4,A,7,1,A,7,-1.1,A,7,-5.0,A,7,75,A,7,993,A,7,220,A,7,2.1,A,7,16100,B,7,77777,A,7,0.8,E,8,0.000,F,8,0.00,?,0,0,1,D,9,00,C,8
11/16/1979,11:00,550,1399,343,1,9,661,1,9,81,1,13,360,1,9,629,1,9,111,1,13,163,1,18,3,B,8,1,B,8,0.4,B,8,-3.9,B,8,72,B,8,992,B,8,230,B,8,3.5,B,8,16100,C,8,77777,B,8,0.8,E,8,0.000,F,8,0.00,?,0,0,1,D,9,00,C,8
11/16/1979,12:00,640,1399,437,1,9,792,1,9,72,1,13,460,1,9,771,1,9,106,1,13,156,1,18,1,B,8,0,B,8,1.8,B,8,-3.2,B,8,68,B,8,991,B,8,240,B,8,4.8,B,8,16100,C,8,77777,B,8,0.9,E,8,0.000,F,8,0.00,?,0,0,1,D,9,00,C,8
11/16/1979,13:00,665,1399,476,1,9,842,1,9,72,1,13,503,1,9,825,1,9,109,1,13,160,1,18,0,A,7,0,A,7,3.3,A,7,-2.8,A,7,65,A,7,991,A,7,250,A,7,6.2,A,7,16100,B,7,77777,A,7,0.9,E,8,0.000,F,8,0.00,?,0,0,1,D,9,00,C,8
11/16/1979,14:00,624,1399,434,1,9,805,1,9,71,1,13,455,1,9,781,1,9,105,1,13,153,1,18,1,B,8,0,B,8,3.7,B,8,-2.2,B,8,65,B,8,990,B,8,250,B,8,6.2,B,8,16100,C,8,77777,B,8,0.9,E,8,0.000,F,8,0.00,?,0,0,1,D,9,00,C,8
11/16/1979,15:00,520,1399,336,1,9,716,1,9,66,1,13,346,1,9,671,1,9,96,1,13,133,1,18,3,B,8,1,B,8,4.0,B,8,-1.9,B,8,65,B,8,989,B,8,260,B,8,6.2,B,8,16100,C,8,77777,B,8,0.9,E,8,0.000,F,8,0.00,?,0,0,1,D,9,00,C,8
11/16/1979,16:00,361,1399,211,1,9,595,1,9,55,1,13,218,1,9,504,1,9,87,1,13,104,1,18,4,A,7,1,A,7,4.4,A,7,-1.7,A,7,65,A,7,989,A,7,260,A,7,6.2,A,7,16100,B,7,77777,A,7,1.0,E,8,0.000,F,8,0.00,?,0,0,1,D,9,00,C,8
11/16/1979,17:00,157,1399,69,1,13,310,1,9,33,1,13,69,1,13,183,1,9,48,1,13,58,1,21,3,B,8,1,B,8,3.9,B,8,-1.2,B,8,70,B,8,988,B,8,250,B,8,5.9,B,8,16100,C,8,77777,B,8,1.0,E,8,0.000,F,8,0.00,?,0,0,1,D,9,00,C,8
11/16/1979,18:00,5,315,6,1,13,15,1,13,4,1,13,0,1,13,0,1,13,0,1,13,0,1,23,3,B,8,0,B,8,3.3,B,8,-0.8,B,8,74,B,8,988,B,8,230,B,8,5.5,B,8,16100,C,8,77777,B,8,1.0,E,8,0.000,F,8,0.00,?,0,0,1,D,9,00,C,8
11/16/1979,19:00,0,0,0,1,0,0,1,0,0,1,0,0,1,0,0,1,0,0,1,0,0,1,0,2,A,7,0,A,7,2.8,A,7,-0.6,A,7,79,A,7,987,A,7,220,A,7,5.2,A,7,16100,B,7,77777,A,7,1.0,E,8,0.000,?,0,0.00,?,0,0,1,D,9,00,C,8
11/16/1979,20:00,0,0,0,1,0,0,1,0,0,1,0,0,1,0,0,1,0,0,1,0,0,1,0,2,B,8,0,B,8,3.0,B,8,0.0,B,8,80,B,8,986,B,8,220,B,8,6.0,B,8,16100,C,8,77777,B,8,1.1,E,8,0.000,?,0,0.00,?,0,0,1,D,9,00,C,8
11/16/1979,21:00,0,0,0,1,0,0,1,0,0,1,0,0,1,0,0,1,0,0,1,0,0,1,0,1,B,8,0,B,8,3.1,B,8,0.4,B,8,81,B,8,986,B,8,230,B,8,6.9,B,8,16100,C,8,77777,B,8,1.1,E,8,0.000,?,0,0.00,?,0,0,1,D,9,00,C,8
11/16/1979,22:00,0,0,0,1,0,0,1,0,0,1,0,0,1,0,0,1,0,0,1,0,0,1,0,1,A,7,0,A,7,3.3,A,7,0.6,A,7,82,A,7,985,A,7,230,A,7,7.7,A,7,16100,B,7,77777,A,7,1.1,E,8,0.000,?,0,0.00,?,0,0,1,D,9,00,C,8
11/16/1979,23:00,0,0,0,1,0,0,1,0,0,1,0,0,1,0,0,1,0,0,1,0,0,1,0,1,B,8,0,B,8,3.3,B,8,0.8,B,8,83,B,8,985,B,8,230,B,8,6.9,B,8,16100,C,8,77777,B,8,1.1,E,8,0.000,?,0,0.00,?,0,0,1,D,9,00,C,8
11/16/1979,24:00,0,0,0,1,0,0,1,0,0,1,0,0,1,0,0,1,0,0,1,0,0,1,0,1,B,8,0,B,8,3.3,B,8,0.9,B,8,85,B,8,984,B,8,240,B,8,6.0,B,8,16100,C,8,77777,B,8,1.1,E,8,0.000,?,0,0.00,?,0,0,1,D,9,00,C,8
11/17/1979,01:00,0,0,0,1,0,0,1,0,0,1,0,0,1,0,0,1,0,0,1,0,0,1,0,1,A,7,0,A,7,3.3,A,7,1.1,A,7,86,A,7,984,A,7,240,A,7,5.2,A,7,16100,B,7,77777,A,7,1.1,E,8,0.000,?,0,0.00,?,0,0,1,D,9,00,C,8
11/17/1979,02:00,0,0,0,1,0,0,1,0,0,1,0,0,1,0,0,1,0,0,1,0,0,1,0,1,B,8,0,B,8,3.7,B,8,1.5,B,8,85,B,8,984,B,8,240,B,8,6.2,B,8,16100,C,8,77777,B,8,1.1,E,8,0.000,?,0,0.00,?,0,0,1,D,9,00,C,8
11/17/1979,03:00,0,0,0,1,0,0,1,0,0,1,0,0,1,0,0,1,0,0,1,0,0,1,0,0,B,8,0,B,8,4.0,B,8,1.7,B,8,83,B,8,983,B,8,240,B,8,7.2,B,8,16100,C,8,77777,B,8,1.2,E,8,0.000,?,0,0.00,?,0,0,1,D,9,00,C,8
11/17/1979,04:00,0,0,0,1,0,0,1,0,0,1,0,0,1,0,0,1,0,0,1,0,0,1,0,0,A,7,0,A,7,4.4,A,7,1.7,A,7,82,A,7,983,A,7,240,A,7,8.2,A,7,16100,B,7,77777,A,7,1.2,E,8,0.000,?,0,0.00,?,0,0,1,D,9,00,C,8
11/17/1979,05:00,0,0,0,1,0,0,1,0,0,1,0,0,1,0,0,1,0,0,1,0,0,1,0,0,B,8,0,B,8,4.4,B,8,2.0,B,8,82,B,8,983,B,8,240,B,8,7.5,B,8,16100,C,8,77777,B,8,1.2,E,8,0.000,?,0,0.00,?,0,0,1,D,9,00,C,8
11/17/1979,06:00,0,0,0,1,0,0,1,0,0,1,0,0,1,0,0,1,0,0,1,0,0,1,0,0,B,8,0,B,8,4.4,B,8,1.9,B,8,82,B,8,983,B,8,250,B,8,6.9,B,8,16100,C,8,77777,B,8,1.2,E,8,0.000,?,0,0.00,?,0,0,1,D,9,00,C,8
11/17/1979,07:00,0,0,0,1,0,0,1,0,0,1,0,0,1,0,0,1,0,0,1,0,0,1,0,0,A,7,0,A,7,4.4,A,7,1.7,A,7,82,A,7,983,A,7,250,A,7,6.2,A,7,16100,B,7,77777,A,7,1.2,E,8,0.000,?,0,0.00,?,0,0,1,D,9,00,C,8
11/17/1979,08:00,20,618,13,1,13,54,1,9,8,1,13,0,1,13,0,1,9,0,1,13,0,1,21,0,B,8,0,B,8,5.2,B,8,2.2,B,8,81,B,8,983,B,8,250,B,8,6.7,B,8,12333,C,8,77777,B,8,1.2,E,8,0.000,F,8,0.00,?,0,0,1,D,9,05,C,8
11/17/1979,09:00,203,1399,99,1,13,451,1,9,33,1,13,102,1,13,304,1,9,58,1,13,60,1,21,0,B,8,0,B,8,5.9,B,8,3.0,B,8,81,B,8,983,B,8,250,B,8,7.2,B,8,8566,C,8,77777,B,8,1.3,E,8,0.000,F,8,0.00,?,0,0,1,D,9,05,C,8
11/17/1979,10:00,398,1399,243,1,9,678,1,9,48,1,13,251,1,9,600,1,9,80,1,13,98,1,18,0,A,7,0,A,7,6.7,A,7,3.3,A,7,80,A,7,983,A,7,250,A,7,7.7,A,7,4800,B,7,77777,A,7,1.3,E,8,0.000,F,8,0.00,?,0,0,1,D,9,05,C,8
11/17/1979,11:00,545,1399,364,1,9,776,1,9,60,1,13,384,1,9,737,1,9,95,1,13,129,1,18,0,B,8,0,B,8,8.9,B,8,4.0,B,8,72,B,8,982,B,8,260,B,8,7.4,B,8,6966,C,8,77777,B,8,1.3,E,8,0.000,F,8,0.00,?,0,0,1,D,9,00,C,8
11/17/1979,12:00,634,1399,443,1,9,822,1,9,67,1,13,469,1,9,801,1,9,104,1,13,149,1,18,0,B,8,0,B,8,11.1,B,8,4.4,B,8,63,B,8,982,B,8,270,B,8,7.0,B,8,9133,C,8,77777,B,8,1.4,E,8,0.000,F,8,0.00,?,0,0,1,D,9,05,C,8
11/17/1979,13:00,660,1399,466,1,9,835,1,9,69,1,13,486,1,9,808,1,9,103,1,13,147,1,18,0,A,7,0,A,7,13.3,A,7,4.4,A,7,55,A,7,981,A,7,280,A,7,6.7,A,7,11300,B,7,77777,A,7,1.4,E,8,0.000,F,8,0.00,?,0,0,1,D,9,00,C,8
11/17/1979,14:00,619,1399,432,1,9,818,1,9,66,1,13,456,1,9,794,1,9,103,1,13,145,1,18,0,B,8,0,B,8,13.9,B,8,4.5,B,8,53,B,8,981,B,8,270,B,8,7.2,B,8,11300,C,8,77777,B,8,1.4,E,8,0.000,F,8,0.00,?,0,0,1,D,9,00,C,8
11/17/1979,15:00,516,1399,343,1,9,764,1,9,58,1,13,359,1,9,718,1,9,93,1,13,123,1,18,0,B,8,0,B,8,14.4,B,8,4.3,B,8,50,B,8,981,B,8,270,B,8,7.7,B,8,11300,C,8,77777,B,8,1.4,E,8,0.000,F,8,0.00,?,0,0,1,D,9,00,C,8
11/17/1979,16:00,356,1399,214,1,9,650,1,9,45,1,13,219,1,9,558,1,9,76,1,13,90,1,18,0,A,7,0,A,7,15.0,A,7,3.9,A,7,48,A,7,980,A,7,260,A,7,8.2,A,7,11300,B,7,77777,A,7,1.3,E,8,0.000,F,8,0.00,?,0,0,1,D,9,00,C,8
11/17/1979,17:00,154,1399,70,1,13,372,1,9,28,1,13,71,1,13,219,1,9,46,1,13,50,1,21,0,B,8,0,B,8,11.5,B,8,3.3,B,8,59,B,8,981,B,8,260,B,8,6.2,B,8,11300,C,8,77777,B,8,1.3,E,8,0.000,F,8,0.00,?,0,0,1,D,9,00,C,8
11/17/1979,18:00,4,292,5,1,13,19,1,9,3,1,13,0,1,13,0,1,9,0,1,13,0,1,21,0,B,8,0,B,8,7.9,B,8,2.6,B,8,71,B,8,981,B,8,270,B,8,4.1,B,8,11300,C,8,77777,B,8,1.3,E,8,0.000,F,8,0.00,?,0,0,1,D,9,00,C,8
11/17/1979,19:00,0,0,0,1,0,0,1,0,0,1,0,0,1,0,0,1,0,0,1,0,0,1,0,0,A,7,0,A,7,4.4,A,7,1.7,A,7,82,A,7,981,A,7,270,A,7,2.1,A,7,11300,B,7,77777,A,7,1.2,E,8,0.000,?,0,0.00,?,0,0,1,D,9,00,C,8
11/17/1979,20:00,0,0,0,1,0,0,1,0,0,1,0,0,1,0,0,1,0,0,1,0,0,1,0,0,B,8,0,B,8,4.2,B,8,1.9,B,8,83,B,8,982,B,8,250,B,8,2.3,B,8,11300,C,8,77777,B,8,1.2,E,8,0.000,?,0,0.00,?,0,0,1,D,9,00,C,8
11/17/1979,21:00,0,0,0,1,0,0,1,0,0,1,0,0,1,0,0,1,0,0,1,0,0,1,0,0,B,8,0,B,8,4.1,B,8,1.9,B,8,85,B,8,982,B,8,230,B,8,2.4,B,8,11300,C,8,77777,B,8,1.2,E,8,0.000,?,0,0.00,?,0,0,1,D,9,00,C,8
11/17/1979,22:00,0,0,0,1,0,0,1,0,0,1,0,0,1,0,0,1,0,0,1,0,0,1,0,0,A,7,0,A,7,3.9,A,7,1.7,A,7,86,A,7,982,A,7,210,A,7,2.6,A,7,11300,B,7,77777,A,7,1.2,E,8,0.000,?,0,0.00,?,0,0,1,D,9,00,C,8
11/17/1979,23:00,0,0,0,1,0,0,1,0,0,1,0,0,1,0,0,1,0,0,1,0,0,1,0,0,B,8,0,B,8,4.6,B,8,2.3,B,8,85,B,8,982,B,8,220,B,8,2.9,B,8,11300,C,8,77777,B,8,1.2,E,8,0.000,?,0,0.00,?,0,0,1,D,9,00,C,8
11/17/1979,24:00,0,0,0,1,0,0,1,0,0,1,0,0,1,0,0,1,0,0,1,0,0,1,0,0,B,8,0,B,8,5.4,B,8,2.8,B,8,84,B,8,982,B,8,220,B,8,3.3,B,8,11300,C,8,77777,B,8,1.3,E,8,0.000,?,0,0.00,?,0,0,1,D,9,00,C,8
11/18/1979,01:00,0,0,0,1,0,0,1,0,0,1,0,0,1,0,0,1,0,0,1,0,0,1,0,0,A,7,0,A,7,6.1,A,7,3.3,A,7,83,A,7,982,A,7,230,A,7,3.6,A,7,11300,B,7,77777,A,7,1.3,E,8,0.000,?,0,0.00,?,0,0,1,D,9,00,C,8
11/18/1979,02:00,0,0,0,1,0,0,1,0,0,1,0,0,1,0,0,1,0,0,1,0,0,1,0,0,B,8,0,B,8,6.1,B,8,3.3,B,8,82,B,8,983,B,8,230,B,8,3.4,B,8,11300,C,8,77777,B,8,1.3,E,8,0.000,?,0,0.00,?,0,0,1,D,9,00,C,8
11/18/1979,03:00,0,0,0,1,0,0,1,0,0,1,0,0,1,0,0,1,0,0,1,0,0,1,0,0,B,8,0,B,8,6.1,B,8,3.2,B,8,80,B,8,983,B,8,240,B,8,3.3,B,8,11300,C,8,77777,B,8,1.3,E,8,0.000,?,0,0.00,?,0,0,1,D,9,00,C,8
11/18/1979,04:00,0,0,0,1,0,0,1,0,0,1,0,0,1,0,0,1,0,0,1,0,0,1,0,0,A,7,0,A,7,6.1,A,7,2.8,A,7,79,A,7,983,A,7,240,A,7,3.1,A,7,11300,B,7,77777,A,7,1.2,E,8,0.000,?,0,0.00,?,0,0,1,D,9,00,C,8
11/18/1979,05:00,0,0,0,1,0,0,1,0,0,1,0,0,1,0,0,1,0,0,1,0,0,1,0,0,B,8,0,B,8,5.9,B,8,2.9,B,8,79,B,8,983,B,8,240,B,8,3.4,B,8,11300,C,8,77777,B,8,1.2,E,8,0.000,?,0,0.00,?,0,0,1,D,9,00,C,8
11/18/1979,06:00,0,0,0,1,0,0,1,0,0,1,0,0,1,0,0,1,0,0,1,0,0,1,0,0,B,8,0,B,8,5.8,B,8,2.6,B,8,79,B,8,983,B,8,240,B,8,3.8,B,8,11300,C,8,77777,B,8,1.2,E,8,0.000,?,0,0.00,?,0,0,1,D,9,00,C,8
11/18/1979,07:00,0,0,0,1,0,0,1,0,0,1,0,0,1,0,0,1,0,0,1,0,0,1,0,0,A,7,0,A,7,5.6,A,7,2.2,A,7,79,A,7,983,A,7,240,A,7,4.1,A,7,11300,B,7,77777,A,7,1.2,E,8,0.000,?,0,0.00,?,0,0,1,D,9,00,C,8
11/18/1979,08:00,18,572,17,1,13,98,1,9,7,1,13,0,1,13,0,1,9,0,1,13,0,1,21,0,B,8,0,B,8,7.1,B,8,2.9,B,8,76,B,8,983,B,8,230,B,8,4.1,B,8,11300,C,8,77777,B,8,1.3,E,8,0.000,F,8,0.00,?,0,0,1,D,9,00,C,8
11/18/1979,09:00,198,1400,103,1,13,549,1,9,25,1,13,109,1,13,405,1,9,51,1,13,55,1,21,0,B,8,0,B,8,8.5,B,8,3.9,B,8,72,B,8,984,B,8,230,B,8,4.1,B,8,11300,C,8,77777,B,8,1.3,E,8,0.000,F,8,0.00,?,0,0,1,D,9,00,C,8
11/18/1979,10:00,392,1400,249,1,9,754,1,9,36,1,13,263,1,9,669,1,9,74,1,13,90,1,18,0,A,7,0,A,7,10.0,A,7,4.4,A,7,69,A,7,984,A,7,220,A,7,4.1,A,7,11300,B,7,77777,A,7,1.4,E,8,0.000,F,8,0.00,?,0,0,1,D,9,00,C,8
11/18/1979,11:00,540,1400,371,1,9,839,1,9,45,1,13,391,1,9,792,1,9,84,1,13,114,1,18,0,B,8,0,B,8,12.4,B,8,5.9,B,8,64,B,8,983,B,8,220,B,8,4.6,B,8,12900,C,8,77777,B,8,1.5,E,8,0.000,F,8,0.00,?,0,0,1,D,9,00,C,8
11/18/1979,12:00,629,1400,448,1,9,876,1,9,50,1,13,470,1,9,845,1,9,89,1,13,128,1,18,0,B,8,0,B,8,14.8,B,8,7.0,B,8,59,B,8,983,B,8,220,B,8,5.2,B,8,14500,C,8,77777,B,8,1.6,E,8,0.000,F,8,0.00,?,0,0,1,D,9,00,C,8
11/18/1979,13:00,655,1400,469,1,9,884,1,9,52,1,13,493,1,9,856,1,9,91,1,13,133,1,18,0,A,7,0,A,7,17.2,A,7,7.8,A,7,54,A,7,983,A,7,220,A,7,5.7,A,7,16100,B,7,77777,A,7,1.7,E,8,0.000,F,8,0.00,?,0,0,1,D,9,00,C,8
11/18/1979,14:00,615,1400,435,1,9,869,1,9,49,1,13,456,1,9,835,1,9,88,1,13,126,1,18,0,B,8,0,B,8,17.6,B,8,8.2,B,8,53,B,8,983,B,8,230,B,8,5.9,B,8,16100,C,8,77777,B,8,1.7,E,8,0.000,F,8,0.00,?,0,0,1,D,9,00,C,8
11/18/1979,15:00,512,1400,348,1,9,823,1,9,43,1,13,365,1,9,770,1,9,82,1,13,109,1,18,0,B,8,0,B,8,17.9,B,8,8.3,B,8,53,B,8,982,B,8,240,B,8,6.0,B,8,16100,C,8,77777,B,8,1.7,E,8,0.000,F,8,0.00,?,0,0,1,D,9,00,C,8
11/18/1979,16:00,353,1400,219,1,13,720,1,9,34,1,13,229,1,13,623,1,9,71,1,13,84,1,21,0,A,7,0,A,7,18.3,A,7,8.3,A,7,52,A,7,982,A,7,250,A,7,6.2,A,7,16100,B,7,77777,A,7,1.7,E,8,0.000,F,8,0.00,?,0,0,1,D,9,00,C,8
11/18/1979,17:00,150,1400,74,1,13,468,1,9,22,1,13,74,1,13,299,1,9,41,1,13,43,1,21,0,B,8,0,B,8,16.5,B,8,8.6,B,8,60,B,8,982,B,8,230,B,8,5.5,B,8,16100,C,8,77777,B,8,1.8,E,8,0.000,F,8,0.00,?,0,0,1,D,9,00,C,8
11/18/1979,18:00,4,268,9,1,13,39,1,9,3,1,13,0,1,13,0,1,9,0,1,13,0,1,21,0,B,8,0,B,8,14.6,B,8,8.8,B,8,69,B,8,983,B,8,210,B,8,4.8,B,8,16100,C,8,77777,B,8,1.8,E,8,0.000,F,8,0.00,?,0,0,1,D,9,00,C,8
11/18/1979,19:00,0,0,0,1,0,0,1,0,0,1,0,0,1,0,0,1,0,0,1,0,0,1,0,0,A,7,0,A,7,12.8,A,7,8.9,A,7,77,A,7,983,A,7,190,A,7,4.1,A,7,16100,B,7,77777,A,7,1.8,E,8,0.000,?,0,0.00,?,0,0,1,D,9,00,C,8
11/18/1979,20:00,0,0,0,1,0,0,1,0,0,1,0,0,1,0,0,1,0,0,1,0,0,1,0,0,B,8,0,B,8,12.1,B,8,8.7,B,8,79,B,8,983,B,8,190,B,8,4.1,B,8,16100,C,8,77777,B,8,1.8,E,8,0.000,?,0,0.00,?,0,0,1,D,9,00,C,8
11/18/1979,21:00,0,0,0,1,0,0,1,0,0,1,0,0,1,0,0,1,0,0,1,0,0,1,0,0,B,8,0,B,8,11.3,B,8,8.4,B,8,81,B,8,984,B,8,190,B,8,4.1,B,8,16100,C,8,77777,B,8,1.7,E,8,0.000,?,0,0.00,?,0,0,1,D,9,00,C,8
11/18/1979,22:00,0,0,0,1,0,0,1,0,0,1,0,0,1,0,0,1,0,0,1,0,0,1,0,0,A,7,0,A,7,10.6,A,7,7.8,A,7,83,A,7,984,A,7,190,A,7,4.1,A,7,16100,B,7,77777,A,7,1.7,E,8,0.000,?,0,0.00,?,0,0,1,D,9,00,C,8
11/18/1979,23:00,0,0,0,1,0,0,1,0,0,1,0,0,1,0,0,1,0,0,1,0,0,1,0,0,B,8,0,B,8,10.2,B,8,7.5,B,8,83,B,8,984,B,8,190,B,8,3.9,B,8,15033,C,8,77777,B,8,1.7,E,8,0.000,?,0,0.00,?,0,0,1,D,9,00,C,8
11/18/1979,24:00,0,0,0,1,0,0,1,0,0,1,0,0,1,0,0,1,0,0,1,0,0,1,0,0,B,8,0,B,8,9.8,B,8,7.1,B,8,83,B,8,985,B,8,200,B,8,3.8,B,8,13966,C,8,77777,B,8,1.6,E,8,0.000,?,0,0.00,?,0,0,1,D,9,00,C,8
11/19/1979,01:00,0,0,0,1,0,0,1,0,0,1,0,0,1,0,0,1,0,0,1,0,0,1,0,0,A,7,0,A,7,9.4,A,7,6.7,A,7,83,A,7,985,A,7,200,A,7,3.6,A,7,12900,B,7,77777,A,7,1.6,E,8,0.000,?,0,0.00,?,0,0,1,D,9,00,C,8
11/19/1979,02:00,0,0,0,1,0,0,1,0,0,1,0,0,1,0,0,1,0,0,1,0,0,1,0,0,B,8,0,B,8,9.0,B,8,6.5,B,8,83,B,8,985,B,8,200,B,8,3.8,B,8,12900,C,8,77777,B,8,1.5,E,8,0.000,?,0,0.00,?,0,0,1,D,9,00,C,8
11/19/1979,03:00,0,0,0,1,0,0,1,0,0,1,0,0,1,0,0,1,0,0,1,0,0,1,0,0,B,8,0,B,8,8.7,B,8,6.2,B,8,83,B,8,985,B,8,200,B,8,3.9,B,8,12900,C,8,77777,B,8,1.5,E,8,0.000,?,0,0.00,?,0,0,1,D,9,00,C,8
11/19/1979,04:00,0,0,0,1,0,0,1,0,0,1,0,0,1,0,0,1,0,0,1,0,0,1,0,0,A,7,0,A,7,8.3,A,7,5.6,A,7,83,A,7,985,A,7,200,A,7,4.1,A,7,12900,B,7,77777,A,7,1.5,E,8,0.000,?,0,0.00,?,0,0,1,D,9,00,C,8
11/19/1979,05:00,0,0,0,1,0,0,1,0,0,1,0,0,1,0,0,1,0,0,1,0,0,1,0,1,B,8,1,B,8,8.7,B,8,6.0,B,8,82,B,8,985,B,8,200,B,8,4.1,B,8,12900,C,8,77777,B,8,1.5,E,8,0.000,?,0,0.00,?,0,0,1,D,9,00,C,8
11/19/1979,06:00,0,0,0,1,0,0,1,0,0,1,0,0,1,0,0,1,0,0,1,0,0,1,0,3,B,8,3,B,8,9.0,B,8,6.2,B,8,81,B,8,985,B,8,190,B,8,4.1,B,8,12900,C,8,77777,B,8,1.5,E,8,0.000,?,0,0.00,?,0,0,1,D,9,00,C,8
11/19/1979,07:00,0,0,0,1,0,0,1,0,0,1,0,0,1,0,0,1,0,0,1,0,0,1,0,4,A,7,4,A,7,9.4,A,7,6.1,A,7,80,A,7,985,A,7,190,A,7,4.1,A,7,12900,B,7,77777,A,7,1.5,E,8,0.000,?,0,0.00,?,0,0,1,D,9,00,C,8
11/19/1979,08:00,17,549,6,1,18,5,1,18,6,1,18,0,1,18,0,1,18,0,1,18,0,1,31,6,B,8,6,B,8,10.3,B,8,6.2,B,8,76,B,8,985,B,8,190,B,8,4.8,B,8,12900,C,8,77777,B,8,1.5,E,8,0.000,F,8,0.00,?,0,0,1,D,9,00,C,8
11/19/1979,09:00,193,1400,45,1,13,26,1,9,42,1,13,50,1,13,19,1,9,47,1,13,105,1,21,8,B,8,8,B,8,11.3,B,8,6.7,B,8,73,B,8,985,B,8,190,B,8,5.5,B,8,12900,C,8,77777,B,8,1.6,E,8,0.000,F,8,0.00,?,0,0,1,D,9,00,C,8
11/19/1979,10:00,387,1400,71,1,9,7,1,9,69,1,13,82,1,9,3,1,9,81,1,13,272,1,18,10,A,7,10,A,7,12.2,A,7,6.7,A,7,69,A,7,985,A,7,190,A,7,6.2,A,7,12900,B,7,2130,A,7,1.6,E,8,0.000,F,8,0.00,?,0,0,1,D,9,00,C,8
11/19/1979,11:00,535,1400,226,1,9,226,1,9,139,1,13,241,1,9,221,1,9,157,1,13,285,1,18,9,B,8,9,B,8,13.5,B,8,7.8,B,8,67,B,8,985,B,8,190,B,8,5.9,B,8,13966,C,8,2233,B,8,1.7,E,8,0.000,F,8,0.00,?,0,0,1,D,9,00,C,8
11/19/1979,12:00,624,1400,260,1,9,114,1,9,209,1,13,285,1,9,112,1,9,235,1,13,587,1,18,8,B,8,8,B,8,14.8,B,8,8.5,B,8,65,B,8,985,B,8,180,B,8,5.5,B,8,15033,C,8,2337,B,8,1.7,E,8,0.000,F,8,0.00,?,0,0,1,D,9,00,C,8
11/19/1979,13:00,650,1400,307,1,13,317,1,13,158,1,13,331,1,13,325,1,13,180,1,13,336,1,23,7,A,7,7,A,7,16.1,A,7,8.9,A,7,63,A,7,984,A,7,180,A,7,5.2,A,7,16100,B,7,2440,A,7,1.8,E,8,0.000,F,8,0.00,?,0,0,1,D,9,00,C,8
11/19/1979,14:00,610,1400,274,1,9,261,1,9,158,1,13,293,1,9,264,1,9,177,1,13,334,1,18,8,B,8,8,B,8,14.6,B,8,9.7,B,8,73,B,8,984,B,8,170,B,8,4.8,B,8,12866,C,8,2033,B,8,1.9,E,8,0.000,F,8,0.00,?,0,0,1,D,9,00,C,8
11/19/1979,15:00,507,1400,117,1,9,45,1,9,101,1,13,129,1,9,42,1,9,114,1,13,296,1,18,9,B,8,9,B,8,13.2,B,8,10.2,B,8,83,B,8,983,B,8,150,B,8,4.5,B,8,9633,C,8,1627,B,8,2.0,E,8,0.000,F,8,0.00,?,0,0,1,D,9,00,C,8
11/19/1979,16:00,349,1400,40,1,13,11,1,9,37,1,13,44,1,13,9,1,9,42,1,13,108,1,21,10,A,7,10,A,7,11.7,A,7,10.6,A,7,93,A,7,983,A,7,140,A,7,4.1,A,7,6400,B,7,1220,A,7,2.0,E,8,0.000,F,8,0.00,?,0,0,1,D,9,45,C,8
11/19/1979,17:00,147,1400,40,1,13,9,1,9,39,1,13,44,1,13,0,1,9,44,1,13,124,1,21,9,B,8,9,B,8,11.5,B,8,10.9,B,8,95,B,8,983,B,8,160,B,8,4.6,B,8,6400,C,8,1140,B,8,2.0,E,8,0.000,F,8,0.00,?,0,0,1,D,9,45,C,8
11/19/1979,18:00,3,245,0,1,13,0,1,9,0,1,13,0,1,13,0,1,9,0,1,13,0,1,21,8,B,8,8,B,8,11.3,B,8,11.1,B,8,98,B,8,984,B,8,180,B,8,5.2,B,8,6400,C,8,1060,B,8,2.0,E,8,0.000,F,8,0.00,?,0,0,1,D,9,45,C,8
11/19/1979,19:00,0,0,0,1,0,0,1,0,0,1,0,0,1,0,0,1,0,0,1,0,0,1,0,7,A,7,7,A,7,11.1,A,7,11.1,A,7,100,A,7,985,A,7,200,A,7,5.7,A,7,6400,B,7,980,A,7,2.1,E,8,0.000,?,0,0.00,?,0,0,1,D,9,45,C,8
11/19/1979,20:00,0,0,0,1,0,0,1,0,0,1,0,0,1,0,0,1,0,0,1,0,0,1,0,6,B,8,6,B,8,11.1,B,8,11.1,B,8,100,B,8,985,B,8,200,B,8,5.7,B,8,6400,C,8,77777,B,8,2.1,E,8,0.000,?,0,0.00,?,0,0,1,D,9,45,C,8
11/19/1979,21:00,0,0,0,1,0,0,1,0,0,1,0,0,1,0,0,1,0,0,1,0,0,1,0,5,B,8,5,B,8,11.1,B,8,11.1,B,8,100,B,8,985,B,8,190,B,8,5.7,B,8,6400,C,8,77777,B,8,2.1,E,8,0.000,?,0,0.00,?,0,0,1,D,9,45,C,8
11/19/1979,22:00,0,0,0,1,0,0,1,0,0,1,0,0,1,0,0,1,0,0,1,0,0,1,0,4,A,7,4,A,7,11.1,A,7,11.1,A,7,100,A,7,985,A,7,190,A,7,5.7,A,7,6400,B,7,77777,A,7,2.1,E,8,0.000,?,0,0.00,?,0,0,1,D,9,45,C,8
11/19/1979,23:00,0,0,0,1,0,0,1,0,0,1,0,0,1,0,0,1,0,0,1,0,0,1,0,5,B,8,5,B,8,10.9,B,8,10.8,B,8,99,B,8,985,B,8,200,B,8,5.3,B,8,5866,C,8,77777,B,8,2.0,E,8,0.000,?,0,0.00,?,0,0,1,D,9,45,C,8
11/19/1979,24:00,0,0,0,1,0,0,1,0,0,1,0,0,1,0,0,1,0,0,1,0,0,1,0,5,B,8,5,B,8,10.8,B,8,10.4,B,8,97,B,8,986,B,8,220,B,8,5.0,B,8,5333,C,8,77777,B,8,2.0,E,8,0.000,?,0,0.00,?,0,0,1,D,9,45,C,8
11/20/1979,01:00,0,0,0,1,0,0,1,0,0,1,0,0,1,0,0,1,0,0,1,0,0,1,0,6,A,7,6,A,7,10.6,A,7,10.0,A,7,96,A,7,986,A,7,230,A,7,4.6,A,7,4800,B,7,3050,A,7,1.9,E,8,0.000,?,0,0.00,?,0,0,1,D,9,45,C,8
11/20/1979,02:00,0,0,0,1,0,0,1,0,0,1,0,0,1,0,0,1,0,0,1,0,0,1,0,4,B,8,4,B,8,9.7,B,8,9.2,B,8,96,B,8,987,B,8,240,B,8,5.3,B,8,5866,C,8,77777,B,8,1.8,E,8,0.000,?,0,0.00,?,0,0,1,D,9,45,C,8
11/20/1979,03:00,0,0,0,1,0,0,1,0,0,1,0,0,1,0,0,1,0,0,1,0,0,1,0,2,B,8,2,B,8,8.7,B,8,8.4,B,8,96,B,8,987,B,8,240,B,8,6.0,B,8,6933,C,8,77777,B,8,1.7,E,8,0.000,?,0,0.00,?,0,0,1,D,9,45,C,8
11/20/1979,04:00,0,0,0,1,0,0,1,0,0,1,0,0,1,0,0,1,0,0,1,0,0,1,0,0,A,7,0,A,7,7.8,A,7,7.2,A,7,96,A,7,988,A,7,250,A,7,6.7,A,7,8000,B,7,77777,A,7,1.6,E,8,0.000,?,0,0.00,?,0,0,1,D,9,45,C,8
11/20/1979,05:00,0,0,0,1,0,0,1,0,0,1,0,0,1,0,0,1,0,0,1,0,0,1,0,0,B,8,0,B,8,6.5,B,8,6.2,B,8,96,B,8,989,B,8,250,B,8,5.7,B,8,9100,C,8,77777,B,8,1.5,E,8,0.000,?,0,0.00,?,0,0,1,D,9,45,C,8
11/20/1979,06:00,0,0,0,1,0,0,1,0,0,1,0,0,1,0,0,1,0,0,1,0,0,1,0,0,B,8,0,B,8,5.2,B,8,4.8,B,8,96,B,8,990,B,8,240,B,8,4.6,B,8,10200,C,8,77777,B,8,1.4,E,8,0.000,?,0,0.00,?,0,0,1,D,9,00,C,8
11/20/1979,07:00,0,0,0,1,0,0,1,0,0,1,0,0,1,0,0,1,0,0,1,0,0,1,0,0,A,7,0,A,7,3.9,A,7,3.3,A,7,96,A,7,991,A,7,240,A,7,3.6,A,7,11300,B,7,77777,A,7,1.3,E,8,0.000,?,0,0.00,?,0,0,1,D,9,00,C,8
11/20/1979,08:00,15,525,9,1,13,23,1,9,6,1,13,0,1,13,0,1,9,0,1,13,0,1,21,0,B,8,0,B,8,5.4,B,8,4.4,B,8,94,B,8,991,B,8,240,B,8,3.9,B,8,10200,C,8,77777,B,8,1.4,E,8,0.000,F,8,0.00,?,0,0,1,D,9,45,C,8
11/20/1979,09:00,188,1401,84,1,13,351,1,9,36,1,13,85,1,13,226,1,9,55,1,13,64,1,21,0,B,8,0,B,8,6.8,B,8,5.8,B,8,91,B,8,992,B,8,240,B,8,4.3,B,8,9100,C,8,77777,B,8,1.5,E,8,0.000,F,8,0.00,?,0,0,1,D,9,45,C,8
11/20/1979,10:00,382,1401,219,1,9,596,1,9,56,1,13,229,1,9,516,1,9,88,1,13,107,1,18,0,A,7,0,A,7,8.3,A,7,6.7,A,7,89,A,7,993,A,7,240,A,7,4.6,A,7,8000,B,7,77777,A,7,1.6,E,8,0.000,F,8,0.00,?,0,0,1,D,9,45,C,8
11/20/1979,11:00,530,1401,341,1,9,712,1,9,70,1,13,352,1,9,668,1,9,98,1,13,139,1,18,0,B,8,0,B,8,9.6,B,8,7.1,B,8,82,B,8,993,B,8,250,B,8,4.6,B,8,10700,C,8,77777,B,8,1.6,E,8,0.000,F,8,0.00,?,0,0,1,D,9,00,C,8
11/20/1979,12:00,619,1401,421,1,9,767,1,9,78,1,13,436,1,9,740,1,9,108,1,13,161,1,18,0,B,8,0,B,8,10.9,B,8,7.0,B,8,76,B,8,993,B,8,260,B,8,4.6,B,8,13400,C,8,77777,B,8,1.6,E,8,0.000,F,8,0.00,?,0,0,1,D,9,00,C,8
11/20/1979,13:00,646,1401,443,1,9,780,1,9,81,1,13,461,1,9,757,1,9,111,1,13,169,1,18,0,A,7,0,A,7,12.2,A,7,6.7,A,7,69,A,7,993,A,7,270,A,7,4.6,A,7,16100,B,7,77777,A,7,1.6,E,8,0.000,F,8,0.00,?,0,0,1,D,9,00,C,8
11/20/1979,14:00,606,1401,382,1,9,685,1,9,83,1,13,403,1,9,666,1,9,114,1,13,172,1,18,2,B,8,1,B,8,12.2,B,8,6.7,B,8,68,B,8,994,B,8,290,B,8,4.4,B,8,16100,C,8,77777,B,8,1.6,E,8,0.000,F,8,0.00,?,0,0,1,D,9,00,C,8
11/20/1979,15:00,503,1401,284,1,9,498,1,9,103,1,13,301,1,9,466,1,9,133,1,13,194,1,18,5,B,8,2,B,8,12.2,B,8,6.5,B,8,68,B,8,994,B,8,300,B,8,4.3,B,8,16100,C,8,77777,B,8,1.6,E,8,0.000,F,8,0.00,?,0,0,1,D,9,00,C,8
11/20/1979,16:00,345,1401,159,1,13,266,1,13,92,1,13,167,1,13,221,1,13,112,1,13,179,1,23,7,A,7,3,A,7,12.2,A,7,6.1,A,7,67,A,7,995,A,7,320,A,7,4.1,A,7,16100,B,7,77777,A,7,1.6,E,8,0.000,F,8,0.00,?,0,0,1,D,9,00,C,8
11/20/1979,17:00,143,1401,42,1,18,83,1,18,33,1,18,44,1,18,41,1,18,40,1,18,59,1,31,7,B,8,3,B,8,10.0,B,8,5.7,B,8,76,B,8,995,B,8,340,B,8,4.3,B,8,14500,C,8,77777,B,8,1.5,E,8,0.000,F,8,0.00,?,0,0,1,D,9,00,C,8
11/20/1979,18:00,3,222,2,1,18,3,1,18,1,1,18,0,1,18,0,1,18,0,1,18,0,1,31,6,B,8,3,B,8,7.8,B,8,5.1,B,8,84,B,8,995,B,8,360,B,8,4.4,B,8,12900,C,8,77777,B,8,1.5,E,8,0.000,F,8,0.00,?,0,0,1,D,9,00,C,8
11/20/1979,19:00,0,0,0,1,0,0,1,0,0,1,0,0,1,0,0,1,0,0,1,0,0,1,0,6,A,7,3,A,7,5.6,A,7,4.4,A,7,93,A,7,995,A,7,20,A,7,4.6,A,7,11300,B,7,77777,A,7,1.4,E,8,0.000,?,0,0.00,?,0,0,1,D,9,00,C,8
11/20/1979,20:00,0,0,0,1,0,0,1,0,0,1,0,0,1,0,0,1,0,0,1,0,0,1,0,7,B,8,4,B,8,5.4,B,8,4.4,B,8,93,B,8,996,B,8,40,B,8,4.6,B,8,13433,C,8,77777,B,8,1.4,E,8,0.000,?,0,0.00,?,0,0,1,D,9,00,C,8
11/20/1979,21:00,0,0,0,1,0,0,1,0,0,1,0,0,1,0,0,1,0,0,1,0,0,1,0,9,B,8,5,B,8,5.2,B,8,4.3,B,8,93,B,8,996,B,8,60,B,8,4.6,B,8,15566,C,8,77777,B,8,1.4,E,8,0.000,?,0,0.00,?,0,0,1,D,9,00,C,8
11/20/1979,22:00,0,0,0,1,0,0,1,0,0,1,0,0,1,0,0,1,0,0,1,0,0,1,0,10,A,7,6,A,7,5.0,A,7,3.9,A,7,93,A,7,996,A,7,80,A,7,4.6,A,7,17700,B,7,7620,A,7,1.4,E,8,0.000,?,0,0.00,?,0,0,1,D,9,00,C,8
11/20/1979,23:00,0,0,0,1,0,0,1,0,0,1,0,0,1,0,0,1,0,0,1,0,0,1,0,10,B,8,7,B,8,4.4,B,8,3.6,B,8,94,B,8,996,B,8,80,B,8,4.6,B,8,17166,C,8,7620,B,8,1.3,E,8,0.000,?,0,0.00,?,0,0,1,D,9,00,C,8
11/20/1979,24:00,0,0,0,1,0,0,1,0,0,1,0,0,1,0,0,1,0,0,1,0,0,1,0,10,B,8,9,B,8,3.9,B,8,3.2,B,8,95,B,8,996,B,8,80,B,8,4.6,B,8,16633,C,8,7620,B,8,1.3,E,8,0.000,?,0,0.00,?,0,0,1,D,9,00,C,8
11/21/1979,01:00,0,0,0,1,0,0,1,0,0,1,0,0,1,0,0,1,0,0,1,0,0,1,0,10,A,7,10,A,7,3.3,A,7,2.8,A,7,96,A,7,996,A,7,80,A,7,4.6,A,7,16100,B,7,7620,A,7,1.3,E,8,0.000,?,0,0.00,?,0,0,1,D,9,00,C,8
11/21/1979,02:00,0,0,0,1,0,0,1,0,0,1,0,0,1,0,0,1,0,0,1,0,0,1,0,10,B,8,10,B,8,4.2,B,8,3.9,B,8,96,B,8,996,B,8,80,B,8,4.8,B,8,12333,C,8,5160,B,8,1.3,E,8,0.000,?,0,0.00,?,0,0,1,D,9,00,C,8
11/21/1979,03:00,0,0,0,1,0,0,1,0,0,1,0,0,1,0,0,1,0,0,1,0,0,1,0,10,B,8,10,B,8,5.2,B,8,4.9,B,8,96,B,8,995,B,8,80,B,8,5.0,B,8,8566,C,8,2700,B,8,1.4,E,8,0.000,?,0,0.00,?,0,0,1,D,9,45,C,8
11/21/1979,04:00,0,0,0,1,0,0,1,0,0,1,0,0,1,0,0,1,0,0,1,0,0,1,0,10,A,7,10,A,7,6.1,A,7,5.6,A,7,96,A,7,995,A,7,80,A,7,5.2,A,7,4800,B,7,240,A,7,1.5,E,8,0.000,?,0,0.00,?,0,0,1,D,9,45,C,8
11/21/1979,05:00,0,0,0,1,0,0,1,0,0,1,0,0,1,0,0,1,0,0,1,0,0,1,0,10,B,8,10,B,8,5.7,B,8,5.5,B,8,96,B,8,995,B,8,80,B,8,5.5,B,8,4533,C,8,443,B,8,1.4,E,8,0.000,?,0,0.00,?,0,18,1,D,9,00,C,8
11/21/1979,06:00,0,0,0,1,0,0,1,0,0,1,0,0,1,0,0,1,0,0,1,0,0,1,0,10,B,8,10,B,8,5.4,B,8,5.0,B,8,96,B,8,994,B,8,90,B,8,5.9,B,8,4266,C,8,647,B,8,1.4,E,8,0.000,?,0,0.00,?,0,30,1,D,9,45,C,8
11/21/1979,07:00,0,0,0,1,0,0,1,0,0,1,0,0,1,0,0,1,0,0,1,0,0,1,0,10,A,7,10,A,7,5.0,A,7,4.4,A,7,96,A,7,994,A,7,90,A,7,6.2,A,7,4000,B,7,850,A,7,1.4,E,8,0.000,?,0,0.00,?,0,25,1,D,9,45,C,8
11/21/1979,08:00,13,502,0,1,13,0,1,9,0,1,13,0,1,13,0,1,9,0,1,13,0,1,21,10,B,8,10,B,8,4.8,B,8,4.3,B,8,97,B,8,993,B,8,100,B,8,5.5,B,8,3733,C,8,627,B,8,1.4,E,8,0.000,F,8,0.00,?,0,28,1,D,9,45,C,8
11/21/1979,09:00,183,1402,35,1,13,1,1,9,35,1,13,40,1,13,0,1,9,40,1,13,124,1,21,10,B,8,10,B,8,4.6,B,8,4.6,B,8,99,B,8,992,B,8,100,B,8,4.8,B,8,3466,C,8,403,B,8,1.4,E,8,0.000,F,8,0.00,?,0,38,1,D,9,45,C,8
11/21/1979,10:00,377,1402,52,1,9,1,1,9,51,1,13,60,1,9,0,1,9,60,1,13,211,1,18,10,A,7,10,A,7,4.4,A,7,4.4,A,7,100,A,7,992,A,7,110,A,7,4.1,A,7,3200,B,7,180,A,7,1.4,E,8,0.000,F,8,0.00,?,0,5,1,D,9,45,C,8
11/21/1979,11:00,525,1402,144,1,9,3,1,9,142,1,13,161,1,9,2,1,9,161,1,13,533,1,18,10,B,8,10,B,8,5.5,B,8,5.5,B,8,100,B,8,990,B,8,120,B,8,4.3,B,8,2800,C,8,180,B,8,1.5,E,8,0.000,F,8,0.00,?,0,0,1,D,9,45,C,8
11/21/1979,12:00,615,1402,183,1,9,5,1,9,181,1,13,207,1,9,4,1,9,205,1,13,686,1,18,10,B,8,10,B,8,6.7,B,8,6.7,B,8,100,B,8,989,B,8,130,B,8,4.4,B,8,2400,C,8,180,B,8,1.6,E,8,0.000,F,8,0.00,?,0,0,1,D,9,45,C,8
11/21/1979,13:00,641,1402,113,1,9,8,1,9,109,1,13,133,1,9,5,1,9,130,1,13,481,1,18,10,A,7,10,A,7,7.8,A,7,7.8,A,7,100,A,7,988,A,7,140,A,7,4.6,A,7,2000,B,7,180,A,7,1.7,E,8,0.000,F,8,0.00,?,0,0,1,D,9,45,C,8
11/21/1979,14:00,602,1402,181,1,9,4,1,9,179,1,13,203,1,9,3,1,9,202,1,13,672,1,18,10,B,8,10,B,8,8.2,B,8,8.2,B,8,100,B,8,987,B,8,140,B,8,5.0,B,8,1766,C,8,160,B,8,1.7,E,8,0.000,F,8,0.00,?,0,0,1,D,9,45,C,8
11/21/1979,15:00,499,1402,151,1,9,2,1,9,150,1,13,168,1,9,1,1,9,168,1,13,536,1,18,10,B,8,10,B,8,8.5,B,8,8.5,B,8,100,B,8,987,B,8,140,B,8,5.3,B,8,1533,C,8,140,B,8,1.8,E,8,0.000,F,8,0.00,?,0,10,1,D,9,45,C,8
11/21/1979,16:00,342,1402,63,1,13,1,1,9,62,1,13,72,1,13,0,1,9,72,1,13,239,1,21,10,A,7,10,A,7,8.9,A,7,8.9,A,7,100,A,7,986,A,7,140,A,7,5.7,A,7,1300,B,7,120,A,7,1.8,E,8,0.000,F,8,0.00,?,0,13,1,D,9,45,C,8
11/21/1979,17:00,140,1402,41,1,13,1,1,9,41,1,13,45,1,13,0,1,9,45,1,13,126,1,21,10,B,8,10,B,8,9.5,B,8,9.5,B,8,100,B,8,986,B,8,140,B,8,5.3,B,8,1400,C,8,233,B,8,1.9,E,8,0.000,F,8,0.00,?,0,23,1,D,9,45,C,8
11/21/1979,18:00,2,222,3,1,13,0,1,9,3,1,13,0,1,13,0,1,9,0,1,13,0,1,21,10,B,8,10,B,8,10.0,B,8,10.0,B,8,100,B,8,986,B,8,150,B,8,5.0,B,8,1500,C,8,347,B,8,1.9,E,8,0.000,F,8,0.00,?,0,3,1,D,9,45,C,8
11/21/1979,19:00,0,0,0,1,0,0,1,0,0,1,0,0,1,0,0,1,0,0,1,0,0,1,0,10,A,7,10,A,7,10.6,A,7,10.6,A,7,100,A,7,985,A,7,150,A,7,4.6,A,7,1600,B,7,460,A,7,2.0,E,8,0.000,?,0,0.00,?,0,0,1,D,9,45,C,8
11/21/1979,20:00,0,0,0,1,0,0,1,0,0,1,0,0,1,0,0,1,0,0,1,0,0,1,0,10,B,8,10,B,8,11.0,B,8,11.0,B,8,100,B,8,985,B,8,160,B,8,4.8,B,8,1600,C,8,377,B,8,2.0,E,8,0.000,?,0,0.00,?,0,0,1,D,9,45,C,8
11/21/1979,21:00,0,0,0,1,0,0,1,0,0,1,0,0,1,0,0,1,0,0,1,0,0,1,0,10,B,8,10,B,8,11.3,B,8,11.3,B,8,100,B,8,985,B,8,170,B,8,5.0,B,8,1600,C,8,293,B,8,2.1,E,8,0.000,?,0,0.00,?,0,0,1,D,9,45,C,8
11/21/1979,22:00,0,0,0,1,0,0,1,0,0,1,0,0,1,0,0,1,0,0,1,0,0,1,0,10,A,7,10,A,7,11.7,A,7,11.7,A,7,100,A,7,984,A,7,180,A,7,5.2,A,7,1600,B,7,210,A,7,2.1,E,8,0.000,?,0,0.00,?,0,0,1,D,9,45,C,8
11/21/1979,23:00,0,0,0,1,0,0,1,0,0,1,0,0,1,0,0,1,0,0,1,0,0,1,0,10,B,8,10,B,8,11.9,B,8,11.8,B,8,99,B,8,984,B,8,190,B,8,5.0,B,8,2133,C,8,230,B,8,2.1,E,8,0.000,?,0,0.00,?,0,0,1,D,9,45,C,8
11/21/1979,24:00,0,0,0,1,0,0,1,0,0,1,0,0,1,0,0,1,0,0,1,0,0,1,0,10,B,8,10,B,8,12.0,B,8,11.7,B,8,97,B,8,984,B,8,190,B,8,4.8,B,8,2666,C,8,250,B,8,2.1,E,8,0.000,?,0,0.00,?,0,0,1,D,9,45,C,8
11/22/1979,01:00,0,0,0,1,0,0,1,0,0,1,0,0,1,0,0,1,0,0,1,0,0,1,0,10,A,7,10,A,7,12.2,A,7,11.7,A,7,96,A,7,984,A,7,200,A,7,4.6,A,7,3200,B,7,270,A,7,2.1,E,8,0.000,?,0,0.00,?,0,0,1,D,9,45,C,8
11/22/1979,02:00,0,0,0,1,0,0,1,0,0,1,0,0,1,0,0,1,0,0,1,0,0,1,0,10,B,8,10,B,8,12.0,B,8,11.9,B,8,97,B,8,984,B,8,200,B,8,5.5,B,8,2666,C,8,230,B,8,2.1,E,8,0.000,?,0,0.00,?,0,0,1,D,9,45,C,8
11/22/1979,03:00,0,0,0,1,0,0,1,0,0,1,0,0,1,0,0,1,0,0,1,0,0,1,0,10,B,8,10,B,8,11.9,B,8,11.9,B,8,99,B,8,984,B,8,200,B,8,6.3,B,8,2133,C,8,190,B,8,2.1,E,8,0.000,?,0,0.00,?,0,0,1,D,9,45,C,8
11/22/1979,04:00,0,0,0,1,0,0,1,0,0,1,0,0,1,0,0,1,0,0,1,0,0,1,0,10,A,7,10,A,7,11.7,A,7,11.7,A,7,100,A,7,983,A,7,200,A,7,7.2,A,7,1600,B,7,150,A,7,2.1,E,8,0.000,?,0,0.00,?,0,0,1,D,9,45,C,8
11/22/1979,05:00,0,0,0,1,0,0,1,0,0,1,0,0,1,0,0,1,0,0,1,0,0,1,0,10,B,8,10,B,8,11.7,B,8,11.7,B,8,100,B,8,983,B,8,200,B,8,6.2,B,8,1600,C,8,160,B,8,2.1,E,8,0.000,?,0,0.00,?,0,0,1,D,9,45,C,8
11/22/1979,06:00,0,0,0,1,0,0,1,0,0,1,0,0,1,0,0,1,0,0,1,0,0,1,0,10,B,8,10,B,8,11.7,B,8,11.7,B,8,100,B,8,983,B,8,190,B,8,5.1,B,8,1600,C,8,170,B,8,2.1,E,8,0.000,?,0,0.00,?,0,0,1,D,9,45,C,8
11/22/1979,07:00,0,0,0,1,0,0,1,0,0,1,0,0,1,0,0,1,0,0,1,0,0,1,0,10,A,7,10,A,7,11.7,A,7,11.7,A,7,100,A,7,983,A,7,190,A,7,4.1,A,7,1600,B,7,180,A,7,2.1,E,8,0.000,?,0,0.00,?,0,8,1,D,9,45,C,8
11/22/1979,08:00,12,479,6,1,13,0,1,9,6,1,13,0,1,13,0,1,9,0,1,13,0,1,21,10,B,8,10,B,8,12.1,B,8,12.0,B,8,100,B,8,983,B,8,190,B,8,4.3,B,8,1866,C,8,190,B,8,2.2,E,8,0.000,F,8,0.00,?,0,5,1,D,9,45,C,8
11/22/1979,09:00,178,1402,46,1,13,0,1,9,46,1,13,51,1,13,0,1,9,51,1,13,150,1,21,10,B,8,10,B,8,12.4,B,8,12.4,B,8,100,B,8,983,B,8,180,B,8,4.4,B,8,2133,C,8,200,B,8,2.2,E,8,0.000,F,8,0.00,?,0,13,1,D,9,45,C,8
11/22/1979,10:00,372,1402,58,1,9,1,1,9,58,1,13,68,1,9,0,1,9,68,1,13,233,1,18,10,A,7,10,A,7,12.8,A,7,12.8,A,7,100,A,7,983,A,7,180,A,7,4.6,A,7,2400,B,7,210,A,7,2.3,E,8,0.000,F,8,0.00,?,0,0,1,D,9,45,C,8
11/22/1979,11:00,520,1402,150,1,9,0,1,9,150,1,13,168,1,9,0,1,9,168,1,13,549,1,18,10,B,8,10,B,8,13.0,B,8,13.0,B,8,100,B,8,982,B,8,180,B,8,5.3,B,8,2666,C,8,210,B,8,2.3,E,8,0.000,F,8,0.00,?,0,0,1,D,9,45,C,8
11/22/1979,12:00,610,1402,196,1,9,0,1,9,196,1,13,219,1,9,0,1,9,219,1,13,717,1,18,10,B,8,10,B,8,13.1,B,8,13.1,B,8,100,B,8,982,B,8,190,B,8,6.0,B,8,2933,C,8,210,B,8,2.3,E,8,0.000,F,8,0.00,?,0,0,1,D,9,45,C,8
11/22/1979,13:00,636,1402,118,1,9,0,1,9,118,1,13,138,1,9,0,1,9,138,1,13,511,1,18,10,A,7,10,A,7,13.3,A,7,13.3,A,7,100,A,7,981,A,7,190,A,7,6.7,A,7,3200,B,7,210,A,7,2.3,E,8,0.000,F,8,0.00,?,0,0,1,D,9,45,C,8
11/22/1979,14:00,597,1402,181,1,9,1,1,9,181,1,13,204,1,9,1,1,9,203,1,13,674,1,18,10,B,8,10,B,8,13.7,B,8,13.7,B,8,100,B,8,981,B,8,190,B,8,6.4,B,8,3200,C,8,210,B,8,2.4,E,8,0.000,F,8,0.00,?,0,0,1,D,9,45,C,8
11/22/1979,15:00,496,1402,147,1,9,1,1,9,146,1,13,164,1,9,1,1,9,163,1,13,525,1,18,10,B,8,10,B,8,14.0,B,8,14.0,B,8,100,B,8,981,B,8,180,B,8,6.0,B,8,3200,C,8,210,B,8,2.4,E,8,0.000,F,8,0.00,?,0,0,1,D,9,45,C,8
11/22/1979,16:00,338,1402,55,1,13,1,1,9,55,1,13,64,1,13,0,1,9,64,1,13,216,1,21,10,A,7,10,A,7,14.4,A,7,14.4,A,7,100,A,7,981,A,7,180,A,7,5.7,A,7,3200,B,7,210,A,7,2.5,E,8,0.000,F,8,0.00,?,0,0,1,D,9,45,C,8
11/22/1979,17:00,137,1402,34,1,13,0,1,9,34,1,13,38,1,13,0,1,9,38,1,13,111,1,21,10,B,8,10,B,8,14.2,B,8,14.2,B,8,100,B,8,981,B,8,180,B,8,5.7,B,8,4800,C,8,210,B,8,2.5,E,8,0.000,F,8,0.00,?,0,0,1,D,9,45,C,8
11/22/1979,18:00,2,199,2,1,13,0,1,9,2,1,13,0,1,13,0,1,9,0,1,13,0,1,21,10,B,8,10,B,8,14.1,B,8,14.1,B,8,100,B,8,981,B,8,170,B,8,5.7,B,8,6400,C,8,210,B,8,2.5,E,8,0.000,F,8,0.00,?,0,0,1,D,9,45,C,8
11/22/1979,19:00,0,0,0,1,0,0,1,0,0,1,0,0,1,0,0,1,0,0,1,0,0,1,0,10,A,7,10,A,7,13.9,A,7,13.9,A,7,100,A,7,981,A,7,170,A,7,5.7,A,7,8000,B,7,210,A,7,2.4,E,8,0.000,?,0,0.00,?,0,0,1,D,9,45,C,8
11/22/1979,20:00,0,0,0,1,0,0,1,0,0,1,0,0,1,0,0,1,0,0,1,0,0,1,0,10,B,8,10,B,8,12.6,B,8,12.6,B,8,100,B,8,981,B,8,200,B,8,4.8,B,8,6133,C,8,230,B,8,2.2,E,8,0.000,?,0,0.00,?,0,0,1,D,9,45,C,8
11/22/1979,21:00,0,0,0,1,0,0,1,0,0,1,0,0,1,0,0,1,0,0,1,0,0,1,0,10,B,8,10,B,8,11.3,B,8,11.3,B,8,100,B,8,981,B,8,230,B,8,4.0,B,8,4266,C,8,250,B,8,2.1,E,8,0.000,?,0,0.00,?,0,0,1,D,9,45,C,8
11/22/1979,22:00,0,0,0,1,0,0,1,0,0,1,0,0,1,0,0,1,0,0,1,0,0,1,0,10,A,7,10,A,7,10.0,A,7,10.0,A,7,100,A,7,981,A,7,260,A,7,3.1,A,7,2400,B,7,270,A,7,1.9,E,8,0.000,?,0,0.00,?,0,0,1,D,9,45,C,8
11/22/1979,23:00,0,0,0,1,0,0,1,0,0,1,0,0,1,0,0,1,0,0,1,0,0,1,0,10,B,8,10,B,8,9.8,B,8,9.8,B,8,100,B,8,981,B,8,240,B,8,2.9,B,8,5366,C,8,637,B,8,1.9,E,8,0.000,?,0,0.00,?,0,0,1,D,9,45,C,8
11/22/1979,24:00,0,0,0,1,0,0,1,0,0,1,0,0,1,0,0,1,0,0,1,0,0,1,0,10,B,8,10,B,8,9.6,B,8,9.6,B,8,100,B,8,981,B,8,230,B,8,2.8,B,8,8333,C,8,1003,B,8,1.9,E,8,0.000,?,0,0.00,?,0,0,1,D,9,45,C,8
11/23/1979,01:00,0,0,0,1,0,0,1,0,0,1,0,0,1,0,0,1,0,0,1,0,0,1,0,10,A,7,10,A,7,9.4,A,7,9.4,A,7,100,A,7,981,A,7,210,A,7,2.6,A,7,11300,B,7,1370,A,7,1.9,E,8,0.000,?,0,0.00,?,0,8,1,D,9,00,C,8
11/23/1979,02:00,0,0,0,1,0,0,1,0,0,1,0,0,1,0,0,1,0,0,1,0,0,1,0,10,B,8,10,B,8,9.2,B,8,9.2,B,8,100,B,8,980,B,8,200,B,8,2.8,B,8,9666,C,8,1107,B,8,1.8,E,8,0.000,?,0,0.00,?,0,5,1,D,9,61,C,8
11/23/1979,03:00,0,0,0,1,0,0,1,0,0,1,0,0,1,0,0,1,0,0,1,0,0,1,0,10,B,8,10,B,8,9.1,B,8,9.1,B,8,100,B,8,979,B,8,200,B,8,2.9,B,8,8033,C,8,843,B,8,1.8,E,8,0.000,?,0,0.00,?,0,5,1,D,9,61,C,8
11/23/1979,04:00,0,0,0,1,0,0,1,0,0,1,0,0,1,0,0,1,0,0,1,0,0,1,0,10,A,7,10,A,7,8.9,A,7,8.9,A,7,100,A,7,979,A,7,190,A,7,3.1,A,7,6400,B,7,580,A,7,1.8,E,8,0.000,?,0,0.00,?,0,5,1,D,9,61,C,8
11/23/1979,05:00,0,0,0,1,0,0,1,0,0,1,0,0,1,0,0,1,0,0,1,0,0,1,0,10,B,8,10,B,8,7.8,B,8,7.8,B,8,100,B,8,979,B,8,200,B,8,3.3,B,8,6933,C,8,500,B,8,1.7,E,8,0.000,?,0,0.00,?,0,0,1,D,9,61,C,8
11/23/1979,06:00,0,0,0,1,0,0,1,0,0,1,0,0,1,0,0,1,0,0,1,0,0,1,0,10,B,8,10,B,8,6.7,B,8,6.7,B,8,100,B,8,979,B,8,200,B,8,3.4,B,8,7466,C,8,420,B,8,1.6,E,8,0.000,?,0,0.00,?,0,8,1,D,9,61,C,8
11/23/1979,07:00,0,0,0,1,0,0,1,0,0,1,0,0,1,0,0,1,0,0,1,0,0,1,0,10,A,7,10,A,7,5.6,A,7,5.6,A,7,100,A,7,979,A,7,210,A,7,3.6,A,7,8000,B,7,340,A,7,1.5,E,8,0.000,?,0,0.00,?,0,0,1,D,9,61,C,8
11/23/1979,08:00,10,433,4,1,13,0,1,9,4,1,13,0,1,13,0,1,9,0,1,13,0,1,21,10,B,8,10,B,8,5.2,B,8,5.1,B,8,100,B,8,980,B,8,230,B,8,3.8,B,8,6400,C,8,277,B,8,1.4,E,8,0.000,F,8,0.00,?,0,0,1,D,9,45,C,8
11/23/1979,09:00,174,1403,49,1,13,1,1,9,49,1,13,54,1,13,0,1,9,54,1,13,154,1,21,10,B,8,10,B,8,4.8,B,8,4.8,B,8,100,B,8,980,B,8,240,B,8,3.9,B,8,4800,C,8,213,B,8,1.4,E,8,0.000,F,8,0.00,?,0,0,1,D,9,45,C,8
11/23/1979,10:00,367,1403,72,1,9,1,1,9,72,1,13,83,1,9,0,1,9,83,1,13,276,1,18,10,A,7,10,A,7,4.4,A,7,4.4,A,7,100,A,7,980,A,7,260,A,7,4.1,A,7,3200,B,7,150,A,7,1.4,E,8,0.000,F,8,0.00,?,0,0,1,D,9,45,C,8
11/23/1979,11:00,515,1403,171,1,9,1,1,9,171,1,13,190,1,9,1,1,9,190,1,13,590,1,18,10,B,8,10,B,8,4.4,B,8,4.4,B,8,100,B,8,980,B,8,240,B,8,4.6,B,8,3466,C,8,150,B,8,1.4,E,8,0.000,F,8,0.00,?,0,0,1,D,9,45,C,8
11/23/1979,12:00,605,1403,220,1,9,1,1,9,219,1,13,243,1,9,1,1,9,243,1,13,758,1,18,10,B,8,10,B,8,4.4,B,8,4.4,B,8,100,B,8,980,B,8,220,B,8,5.2,B,8,3733,C,8,150,B,8,1.4,E,8,0.000,F,8,0.00,?,0,3,1,D,9,45,C,8
11/23/1979,13:00,632,1403,128,1,9,1,1,9,128,1,13,149,1,9,1,1,9,149,1,13,544,1,18,10,A,7,10,A,7,4.4,A,7,4.4,A,7,100,A,7,980,A,7,200,A,7,5.7,A,7,4000,B,7,150,A,7,1.4,E,8,0.000,F,8,0.00,?,0,0,1,D,9,45,C,8
11/23/1979,14:00,593,1403,195,1,9,1,1,9,195,1,13,218,1,9,1,1,9,218,1,13,701,1,18,10,B,8,10,B,8,4.0,B,8,3.9,B,8,98,B,8,980,B,8,210,B,8,5.3,B,8,7500,C,8,710,B,8,1.3,E,8,0.000,F,8,0.00,?,0,0,1,D,9,45,C,8
11/23/1979,15:00,492,1403,153,1,9,1,1,9,153,1,13,171,1,9,1,1,9,170,1,13,537,1,18,10,B,8,10,B,8,3.7,B,8,3.1,B,8,95,B,8,981,B,8,210,B,8,5.0,B,8,11000,C,8,1270,B,8,1.3,E,8,0.000,F,8,0.00,?,0,0,1,D,9,45,C,8
11/23/1979,16:00,335,1403,101,1,13,1,1,9,101,1,13,112,1,13,1,1,9,112,1,13,332,1,21,10,A,7,10,A,7,3.3,A,7,2.2,A,7,93,A,7,981,A,7,220,A,7,4.6,A,7,14500,B,7,1830,A,7,1.2,E,8,0.000,F,8,0.00,?,0,0,1,D,9,00,C,8
11/23/1979,17:00,135,1403,34,1,13,0,1,9,34,1,13,38,1,13,0,1,9,38,1,13,110,1,21,10,B,8,10,B,8,3.3,B,8,2.3,B,8,93,B,8,981,B,8,210,B,8,4.6,B,8,14500,C,8,1880,B,8,1.2,E,8,0.000,F,8,0.00,?,0,0,1,D,9,00,C,8
11/23/1979,18:00,2,175,1,1,13,0,1,9,1,1,13,0,1,13,0,1,9,0,1,13,0,1,21,10,B,8,10,B,8,3.3,B,8,2.3,B,8,93,B,8,981,B,8,210,B,8,4.6,B,8,14500,C,8,1930,B,8,1.2,E,8,0.000,F,8,0.00,?,0,0,1,D,9,00,C,8
11/23/1979,19:00,0,0,0,1,0,0,1,0,0,1,0,0,1,0,0,1,0,0,1,0,0,1,0,10,A,7,10,A,7,3.3,A,7,2.2,A,7,93,A,7,982,A,7,200,A,7,4.6,A,7,14500,B,7,1980,A,7,1.2,E,8,0.000,?,0,0.00,?,0,0,1,D,9,00,C,8
11/23/1979,20:00,0,0,0,1,0,0,1,0,0,1,0,0,1,0,0,1,0,0,1,0,0,1,0,10,B,8,10,B,8,3.3,B,8,2.4,B,8,93,B,8,982,B,8,210,B,8,4.4,B,8,14500,C,8,1727,B,8,1.2,E,8,0.000,?,0,0.00,?,0,0,1,D,9,00,C,8
11/23/1979,21:00,0,0,0,1,0,0,1,0,0,1,0,0,1,0,0,1,0,0,1,0,0,1,0,10,B,8,10,B,8,3.3,B,8,2.4,B,8,93,B,8,982,B,8,220,B,8,4.3,B,8,14500,C,8,1473,B,8,1.2,E,8,0.000,?,0,0.00,?,0,0,1,D,9,00,C,8
11/23/1979,22:00,0,0,0,1,0,0,1,0,0,1,0,0,1,0,0,1,0,0,1,0,0,1,0,10,A,7,10,A,7,3.3,A,7,2.2,A,7,93,A,7,982,A,7,230,A,7,4.1,A,7,14500,B,7,1220,A,7,1.2,E,8,0.000,?,0,0.00,?,0,0,1,D,9,00,C,8
11/23/1979,23:00,0,0,0,1,0,0,1,0,0,1,0,0,1,0,0,1,0,0,1,0,0,1,0,10,B,8,10,B,8,3.1,B,8,1.7,B,8,90,B,8,982,B,8,230,B,8,4.1,B,8,14500,C,8,1727,B,8,1.2,E,8,0.000,?,0,0.00,?,0,0,1,D,9,00,C,8
11/23/1979,24:00,0,0,0,1,0,0,1,0,0,1,0,0,1,0,0,1,0,0,1,0,0,1,0,10,B,8,10,B,8,3.0,B,8,1.1,B,8,88,B,8,982,B,8,230,B,8,4.1,B,8,14500,C,8,2233,B,8,1.1,E,8,0.000,?,0,0.00,?,0,0,1,D,9,00,C,8
11/24/1979,01:00,0,0,0,1,0,0,1,0,0,1,0,0,1,0,0,1,0,0,1,0,0,1,0,10,A,7,10,A,7,2.8,A,7,0.6,A,7,85,A,7,983,A,7,230,A,7,4.1,A,7,14500,B,7,2740,A,7,1.1,E,8,0.000,?,0,0.00,?,0,0,1,D,9,00,C,8
11/24/1979,02:00,0,0,0,1,0,0,1,0,0,1,0,0,1,0,0,1,0,0,1,0,0,1,0,10,B,8,10,B,8,2.6,B,8,0.6,B,8,85,B,8,984,B,8,230,B,8,4.5,B,8,15033,C,8,2130,B,8,1.1,E,8,0.000,?,0,0.00,?,0,0,1,D,9,00,C,8
11/24/1979,03:00,0,0,0,1,0,0,1,0,0,1,0,0,1,0,0,1,0,0,1,0,0,1,0,10,B,8,10,B,8,2.4,B,8,0.4,B,8,85,B,8,984,B,8,240,B,8,4.8,B,8,15566,C,8,1520,B,8,1.1,E,8,0.000,?,0,0.00,?,0,0,1,D,9,00,C,8
11/24/1979,04:00,0,0,0,1,0,0,1,0,0,1,0,0,1,0,0,1,0,0,1,0,0,1,0,10,A,7,10,A,7,2.2,A,7,0.0,A,7,85,A,7,985,A,7,240,A,7,5.2,A,7,16100,B,7,910,A,7,1.1,E,8,0.000,?,0,0.00,?,0,0,1,D,9,00,C,8
11/24/1979,05:00,0,0,0,1,0,0,1,0,0,1,0,0,1,0,0,1,0,0,1,0,0,1,0,7,B,8,7,B,8,1.5,B,8,-0.3,B,8,86,B,8,986,B,8,230,B,8,5.0,B,8,14500,C,8,77777,B,8,1.0,E,8,0.000,?,0,0.00,?,0,0,1,D,9,00,C,8
11/24/1979,06:00,0,0,0,1,0,0,1,0,0,1,0,0,1,0,0,1,0,0,1,0,0,1,0,3,B,8,3,B,8,0.7,B,8,-0.9,B,8,88,B,8,987,B,8,220,B,8,4.8,B,8,12900,C,8,77777,B,8,1.0,E,8,0.000,?,0,0.00,?,0,0,1,D,9,00,C,8
11/24/1979,07:00,0,0,0,1,0,0,1,0,0,1,0,0,1,0,0,1,0,0,1,0,0,1,0,0,A,7,0,A,7,0.0,A,7,-1.7,A,7,89,A,7,988,A,7,210,A,7,4.6,A,7,11300,B,7,77777,A,7,1.0,E,8,0.000,?,0,0.00,?,0,0,1,D,9,00,C,8
11/24/1979,08:00,9,409,8,1,13,41,1,9,4,1,13,0,1,13,0,1,9,0,1,13,0,1,21,2,B,8,1,B,8,0.4,B,8,-1.6,B,8,88,B,8,988,B,8,200,B,8,4.6,B,8,12900,C,8,77777,B,8,1.0,E,8,0.000,F,8,0.00,?,0,0,1,D,9,00,C,8
11/24/1979,09:00,169,1403,78,1,13,402,1,9,29,1,13,80,1,13,248,1,9,50,1,13,53,1,21,3,B,8,1,B,8,0.7,B,8,-1.1,B,8,86,B,8,989,B,8,200,B,8,4.6,B,8,14500,C,8,77777,B,8,1.0,E,8,0.000,F,8,0.00,?,0,0,1,D,9,00,C,8
11/24/1979,10:00,363,1403,165,1,9,382,1,9,65,1,13,176,1,9,321,1,9,93,1,13,117,1,18,5,A,7,2,A,7,1.1,A,7,-1.1,A,7,85,A,7,990,A,7,190,A,7,4.6,A,7,16100,B,7,77777,A,7,1.0,E,8,0.000,F,8,0.00,?,0,0,1,D,9,00,C,8
11/24/1979,11:00,510,1403,307,1,9,678,1,9,59,1,13,321,1,9,635,1,9,89,1,13,123,1,18,3,B,8,1,B,8,2.6,B,8,-0.9,B,8,77,B,8,990,B,8,190,B,8,5.1,B,8,15033,C,8,77777,B,8,1.0,E,8,0.000,F,8,0.00,?,0,0,1,D,9,00,C,8
11/24/1979,12:00,601,1403,389,1,9,796,1,9,45,1,13,410,1,9,763,1,9,82,1,13,119,1,18,2,B,8,1,B,8,4.1,B,8,-1.2,B,8,68,B,8,990,B,8,180,B,8,5.7,B,8,13966,C,8,77777,B,8,1.0,E,8,0.000,F,8,0.00,?,0,0,1,D,9,00,C,8
11/24/1979,13:00,628,1403,448,1,9,869,1,9,55,1,13,469,1,9,837,1,9,93,1,13,133,1,18,0,A,7,0,A,7,5.6,A,7,-1.7,A,7,60,A,7,990,A,7,180,A,7,6.2,A,7,12900,B,7,77777,A,7,1.0,E,8,0.000,F,8,0.00,?,0,0,1,D,9,00,C,8
11/24/1979,14:00,590,1403,414,1,9,850,1,9,53,1,13,434,1,9,812,1,9,91,1,13,127,1,18,0,B,8,0,B,8,5.8,B,8,-1.5,B,8,59,B,8,990,B,8,180,B,8,6.5,B,8,13966,C,8,77777,B,8,1.0,E,8,0.000,F,8,0.00,?,0,0,1,D,9,00,C,8
11/24/1979,15:00,489,1403,329,1,9,802,1,9,46,1,13,344,1,9,743,1,9,84,1,13,110,1,18,0,B,8,0,B,8,5.9,B,8,-1.5,B,8,59,B,8,990,B,8,170,B,8,6.9,B,8,15033,C,8,77777,B,8,1.0,E,8,0.000,F,8,0.00,?,0,0,1,D,9,00,C,8
11/24/1979,16:00,332,1403,202,1,13,689,1,9,36,1,13,211,1,13,587,1,9,71,1,13,82,1,21,0,A,7,0,A,7,6.1,A,7,-1.7,A,7,58,A,7,990,A,7,170,A,7,7.2,A,7,16100,B,7,77777,A,7,1.0,E,8,0.000,F,8,0.00,?,0,0,1,D,9,00,C,8
11/24/1979,17:00,132,1403,60,1,13,387,1,9,22,1,13,59,1,13,234,1,9,37,1,13,41,1,21,1,B,8,0,B,8,5.4,B,8,-1.2,B,8,63,B,8,990,B,8,170,B,8,6.9,B,8,16100,C,8,77777,B,8,1.0,E,8,0.000,F,8,0.00,?,0,0,1,D,9,00,C,8
11/24/1979,18:00,1,175,4,1,13,12,1,9,2,1,13,0,1,13,0,1,9,0,1,13,0,1,21,2,B,8,1,B,8,4.6,B,8,-0.8,B,8,68,B,8,990,B,8,160,B,8,6.5,B,8,16100,C,8,77777,B,8,1.0,E,8,0.000,F,8,0.00,?,0,0,1,D,9,00,C,8
11/24/1979,19:00,0,0,0,1,0,0,1,0,0,1,0,0,1,0,0,1,0,0,1,0,0,1,0,3,A,7,1,A,7,3.9,A,7,-0.6,A,7,73,A,7,990,A,7,160,A,7,6.2,A,7,16100,B,7,77777,A,7,1.0,E,8,0.000,?,0,0.00,?,0,0,1,D,9,00,C,8
11/24/1979,20:00,0,0,0,1,0,0,1,0,0,1,0,0,1,0,0,1,0,0,1,0,0,1,0,2,B,8,1,B,8,3.5,B,8,0.0,B,8,77,B,8,990,B,8,160,B,8,6.0,B,8,16100,C,8,77777,B,8,1.1,E,8,0.000,?,0,0.00,?,0,0,1,D,9,00,C,8
11/24/1979,21:00,0,0,0,1,0,0,1,0,0,1,0,0,1,0,0,1,0,0,1,0,0,1,0,1,B,8,0,B,8,3.2,B,8,0.4,B,8,81,B,8,990,B,8,160,B,8,5.9,B,8,16100,C,8,77777,B,8,1.1,E,8,0.000,?,0,0.00,?,0,0,1,D,9,00,C,8
11/24/1979,22:00,0,0,0,1,0,0,1,0,0,1,0,0,1,0,0,1,0,0,1,0,0,1,0,0,A,7,0,A,7,2.8,A,7,0.6,A,7,85,A,7,990,A,7,160,A,7,5.7,A,7,16100,B,7,77777,A,7,1.1,E,8,0.000,?,0,0.00,?,0,0,1,D,9,00,C,8
11/24/1979,23:00,0,0,0,1,0,0,1,0,0,1,0,0,1,0,0,1,0,0,1,0,0,1,0,0,B,8,0,B,8,2.8,B,8,0.5,B,8,84,B,8,990,B,8,170,B,8,5.3,B,8,16100,C,8,77777,B,8,1.1,E,8,0.000,?,0,0.00,?,0,0,1,D,9,00,C,8
11/24/1979,24:00,0,0,0,1,0,0,1,0,0,1,0,0,1,0,0,1,0,0,1,0,0,1,0,0,B,8,0,B,8,2.8,B,8,0.2,B,8,83,B,8,990,B,8,180,B,8,5.0,B,8,16100,C,8,77777,B,8,1.1,E,8,0.000,?,0,0.00,?,0,0,1,D,9,00,C,8
11/25/1979,01:00,0,0,0,1,0,0,1,0,0,1,0,0,1,0,0,1,0,0,1,0,0,1,0,0,A,7,0,A,7,2.8,A,7,0.0,A,7,82,A,7,990,A,7,190,A,7,4.6,A,7,16100,B,7,77777,A,7,1.1,E,8,0.000,?,0,0.00,?,0,0,1,D,9,00,C,8
11/25/1979,02:00,0,0,0,1,0,0,1,0,0,1,0,0,1,0,0,1,0,0,1,0,0,1,0,0,B,8,0,B,8,2.6,B,8,0.2,B,8,83,B,8,990,B,8,190,B,8,3.9,B,8,16100,C,8,77777,B,8,1.1,E,8,0.000,?,0,0.00,?,0,0,1,D,9,00,C,8
11/25/1979,03:00,0,0,0,1,0,0,1,0,0,1,0,0,1,0,0,1,0,0,1,0,0,1,0,0,B,8,0,B,8,2.4,B,8,0.2,B,8,84,B,8,990,B,8,180,B,8,3.3,B,8,16100,C,8,77777,B,8,1.1,E,8,0.000,?,0,0.00,?,0,0,1,D,9,00,C,8
11/25/1979,04:00,0,0,0,1,0,0,1,0,0,1,0,0,1,0,0,1,0,0,1,0,0,1,0,0,A,7,0,A,7,2.2,A,7,0.0,A,7,85,A,7,990,A,7,180,A,7,2.6,A,7,16100,B,7,77777,A,7,1.1,E,8,0.000,?,0,0.00,?,0,0,1,D,9,00,C,8
11/25/1979,05:00,0,0,0,1,0,0,1,0,0,1,0,0,1,0,0,1,0,0,1,0,0,1,0,3,B,8,3,B,8,2.0,B,8,0.3,B,8,86,B,8,990,B,8,170,B,8,2.6,B,8,14500,C,8,77777,B,8,1.1,E,8,0.000,?,0,0.00,?,0,0,1,D,9,00,C,8
11/25/1979,06:00,0,0,0,1,0,0,1,0,0,1,0,0,1,0,0,1,0,0,1,0,0,1,0,7,B,8,7,B,8,1.9,B,8,0.2,B,8,88,B,8,990,B,8,160,B,8,2.6,B,8,12900,C,8,77777,B,8,1.1,E,8,0.000,?,0,0.00,?,0,0,1,D,9,00,C,8
11/25/1979,07:00,0,0,0,1,0,0,1,0,0,1,0,0,1,0,0,1,0,0,1,0,0,1,0,10,A,7,10,A,7,1.7,A,7,0.0,A,7,89,A,7,990,A,7,150,A,7,2.6,A,7,11300,B,7,3050,A,7,1.1,E,8,0.000,?,0,0.00,?,0,0,1,D,9,00,C,8
11/25/1979,08:00,8,386,1,1,13,0,1,9,1,1,13,0,1,13,0,1,9,0,1,13,0,1,21,10,B,8,10,B,8,2.1,B,8,0.3,B,8,89,B,8,989,B,8,150,B,8,2.6,B,8,11300,C,8,3050,B,8,1.1,E,8,0.000,F,8,0.00,?,0,0,1,D,9,00,C,8
11/25/1979,09:00,164,1404,26,1,13,0,1,9,26,1,13,30,1,13,0,1,9,30,1,13,95,1,21,10,B,8,10,B,8,2.4,B,8,0.9,B,8,89,B,8,989,B,8,140,B,8,2.6,B,8,11300,C,8,3050,B,8,1.1,E,8,0.000,F,8,0.00,?,0,0,1,D,9,00,C,8
11/25/1979,10:00,358,1404,79,1,13,9,1,9,77,1,13,90,1,13,4,1,9,89,1,13,287,1,21,10,A,7,10,A,7,2.8,A,7,1.1,A,7,89,A,7,989,A,7,140,A,7,2.6,A,7,11300,B,7,3050,A,7,1.1,E,8,0.000,F,8,0.00,?,0,0,1,D,9,00,C,8
11/25/1979,11:00,506,1404,127,1,9,6,1,9,124,1,13,143,1,9,4,1,9,142,1,13,476,1,18,10,B,8,10,B,8,3.3,B,8,2.0,B,8,89,B,8,988,B,8,140,B,8,2.9,B,8,10200,C,8,2643,B,8,1.2,E,8,0.000,F,8,0.00,?,0,0,1,D,9,00,C,8
11/25/1979,12:00,596,1404,173,1,9,9,1,9,169,1,13,195,1,9,7,1,9,192,1,13,644,1,18,10,B,8,10,B,8,3.9,B,8,2.6,B,8,89,B,8,987,B,8,130,B,8,3.3,B,8,9100,C,8,2237,B,8,1.2,E,8,0.000,F,8,0.00,?,0,0,1,D,9,05,C,8
11/25/1979,13:00,624,1404,183,1,9,3,1,9,182,1,13,207,1,9,2,1,9,206,1,13,695,1,18,10,A,7,10,A,7,4.4,A,7,2.8,A,7,89,A,7,985,A,7,130,A,7,3.6,A,7,8000,B,7,1830,A,7,1.2,E,8,0.000,F,8,0.00,?,0,0,1,D,9,05,C,8
11/25/1979,14:00,586,1404,162,1,9,3,1,9,161,1,13,184,1,9,2,1,9,183,1,13,617,1,18,10,B,8,10,B,8,4.4,B,8,3.4,B,8,91,B,8,985,B,8,130,B,8,3.6,B,8,6666,C,8,1473,B,8,1.3,E,8,0.000,F,8,0.00,?,0,3,1,D,9,05,C,8
11/25/1979,15:00,485,1404,148,1,9,4,1,9,146,1,13,164,1,9,3,1,9,163,1,13,517,1,18,10,B,8,10,B,8,4.4,B,8,3.7,B,8,94,B,8,984,B,8,120,B,8,3.6,B,8,5333,C,8,1117,B,8,1.3,E,8,0.000,F,8,0.00,?,0,10,1,D,9,61,C,8
11/25/1979,16:00,329,1404,56,1,13,1,1,9,56,1,13,65,1,13,0,1,9,65,1,13,217,1,21,10,A,7,10,A,7,4.4,A,7,3.9,A,7,96,A,7,983,A,7,120,A,7,3.6,A,7,4000,B,7,760,A,7,1.3,E,8,0.000,F,8,0.00,?,0,0,1,D,9,45,C,8
11/25/1979,17:00,130,1404,35,1,13,0,1,9,35,1,13,39,1,13,0,1,9,39,1,13,110,1,21,10,B,8,10,B,8,4.4,B,8,4.2,B,8,97,B,8,982,B,8,100,B,8,3.9,B,8,4266,C,8,610,B,8,1.3,E,8,0.000,F,8,0.00,?,0,3,1,D,9,45,C,8
11/25/1979,18:00,1,152,2,1,13,0,1,9,2,1,13,0,1,13,0,1,9,0,1,13,0,1,21,10,B,8,10,B,8,4.4,B,8,4.4,B,8,99,B,8,981,B,8,80,B,8,4.3,B,8,4533,C,8,460,B,8,1.4,E,8,0.000,F,8,0.00,?,0,5,1,D,9,45,C,8
11/25/1979,19:00,0,0,0,1,0,0,1,0,0,1,0,0,1,0,0,1,0,0,1,0,0,1,0,10,A,7,10,A,7,4.4,A,7,4.4,A,7,100,A,7,979,A,7,60,A,7,4.6,A,7,4800,B,7,310,A,7,1.4,E,8,0.000,?,0,0.00,?,0,0,1,D,9,45,C,8
11/25/1979,20:00,0,0,0,1,0,0,1,0,0,1,0,0,1,0,0,1,0,0,1,0,0,1,0,10,B,8,10,B,8,5.0,B,8,5.0,B,8,100,B,8,977,B,8,80,B,8,5.1,B,8,3633,C,8,227,B,8,1.4,E,8,0.000,?,0,0.00,?,0,0,1,D,9,45,C,8
11/25/1979,21:00,0,0,0,1,0,0,1,0,0,1,0,0,1,0,0,1,0,0,1,0,0,1,0,10,B,8,10,B,8,5.5,B,8,5.5,B,8,100,B,8,975,B,8,90,B,8,5.7,B,8,2466,C,8,143,B,8,1.5,E,8,0.000,?,0,0.00,?,0,0,1,D,9,45,C,8
11/25/1979,22:00,0,0,0,1,0,0,1,0,0,1,0,0,1,0,0,1,0,0,1,0,0,1,0,10,A,7,10,A,7,6.1,A,7,6.1,A,7,100,A,7,973,A,7,110,A,7,6.2,A,7,1300,B,7,60,A,7,1.5,E,8,0.000,?,0,0.00,?,0,0,1,D,9,45,C,8
11/25/1979,23:00,0,0,0,1,0,0,1,0,0,1,0,0,1,0,0,1,0,0,1,0,0,1,0,10,B,8,10,B,8,7.6,B,8,7.6,B,8,100,B,8,970,B,8,120,B,8,6.4,B,8,3000,C,8,100,B,8,1.6,E,8,0.000,?,0,0.00,?,0,0,1,D,9,45,C,8
11/25/1979,24:00,0,0,0,1,0,0,1,0,0,1,0,0,1,0,0,1,0,0,1,0,0,1,0,10,B,8,10,B,8,9.1,B,8,9.1,B,8,100,B,8,967,B,8,120,B,8,6.5,B,8,4700,C,8,140,B,8,1.8,E,8,0.000,?,0,0.00,?,0,38,1,D,9,45,C,8
11/26/1979,01:00,0,0,0,1,0,0,1,0,0,1,0,0,1,0,0,1,0,0,1,0,0,1,0,10,A,7,10,A,7,10.6,A,7,10.6,A,7,100,A,7,965,A,7,130,A,7,6.7,A,7,6400,B,7,180,A,7,2.0,E,8,0.000,?,0,0.00,?,0,18,1,D,9,45,C,8
11/26/1979,02:00,0,0,0,1,0,0,1,0,0,1,0,0,1,0,0,1,0,0,1,0,0,1,0,10,B,8,10,B,8,11.3,B,8,11.3,B,8,100,B,8,964,B,8,140,B,8,7.0,B,8,8033,C,8,223,B,8,2.0,E,8,0.000,?,0,0.00,?,0,5,1,D,9,45,C,8
11/26/1979,03:00,0,0,0,1,0,0,1,0,0,1,0,0,1,0,0,1,0,0,1,0,0,1,0,10,B,8,10,B,8,12.1,B,8,12.1,B,8,100,B,8,962,B,8,140,B,8,7.4,B,8,9666,C,8,267,B,8,2.1,E,8,0.000,?,0,0.00,?,0,0,1,D,9,45,C,8
11/26/1979,04:00,0,0,0,1,0,0,1,0,0,1,0,0,1,0,0,1,0,0,1,0,0,1,0,10,A,7,10,A,7,12.8,A,7,12.8,A,7,100,A,7,961,A,7,150,A,7,7.7,A,7,11300,B,7,310,A,7,2.2,E,8,0.000,?,0,0.00,?,0,0,1,D,9,00,C,8
11/26/1979,05:00,0,0,0,1,0,0,1,0,0,1,0,0,1,0,0,1,0,0,1,0,0,1,0,9,B,8,9,B,8,11.9,B,8,10.8,B,8,92,B,8,961,B,8,160,B,8,8.6,B,8,12900,C,8,533,B,8,2.0,E,8,0.000,?,0,0.00,?,0,0,1,D,9,00,C,8
11/26/1979,06:00,0,0,0,1,0,0,1,0,0,1,0,0,1,0,0,1,0,0,1,0,0,1,0,8,B,8,8,B,8,10.9,B,8,8.6,B,8,85,B,8,960,B,8,170,B,8,9.4,B,8,14500,C,8,757,B,8,1.7,E,8,0.000,?,0,0.00,?,0,0,1,D,9,00,C,8
11/26/1979,07:00,0,0,0,1,0,0,1,0,0,1,0,0,1,0,0,1,0,0,1,0,0,1,0,7,A,7,7,A,7,10.0,A,7,6.1,A,7,77,A,7,960,A,7,180,A,7,10.3,A,7,16100,B,7,980,A,7,1.5,E,8,0.000,?,0,0.00,?,0,0,1,D,9,00,C,8
11/26/1979,08:00,7,363,0,1,13,2,1,9,0,1,13,0,1,13,0,1,9,0,1,13,0,1,21,8,B,8,8,B,8,8.3,B,8,4.9,B,8,80,B,8,960,B,8,190,B,8,11.2,B,8,13966,C,8,817,B,8,1.4,E,8,0.000,F,8,0.00,?,0,0,1,D,9,00,C,8
11/26/1979,09:00,160,1404,35,1,13,9,1,9,34,1,13,39,1,13,0,1,9,39,1,13,116,1,21,9,B,8,9,B,8,6.7,B,8,4.1,B,8,83,B,8,961,B,8,210,B,8,12.0,B,8,11833,C,8,653,B,8,1.3,E,8,0.000,F,8,0.00,?,0,0,1,D,9,61,C,8
11/26/1979,10:00,353,1404,39,1,13,7,1,9,37,1,13,47,1,13,2,1,9,46,1,13,156,1,21,10,A,7,10,A,7,5.0,A,7,2.8,A,7,86,A,7,961,A,7,220,A,7,12.9,A,7,9700,B,7,490,A,7,1.2,E,8,0.000,F,8,0.00,?,0,3,1,D,9,61,C,8
11/26/1979,11:00,501,1404,139,1,9,5,1,9,137,1,13,156,1,9,3,1,9,155,1,13,507,1,18,10,B,8,10,B,8,4.6,B,8,3.2,B,8,88,B,8,962,B,8,230,B,8,11.3,B,8,10233,C,8,470,B,8,1.2,E,8,0.000,F,8,0.00,?,0,0,1,D,9,45,C,8
11/26/1979,12:00,592,1404,164,1,9,4,1,9,162,1,13,185,1,9,3,1,9,184,1,13,623,1,18,10,B,8,10,B,8,4.3,B,8,3.1,B,8,91,B,8,963,B,8,230,B,8,9.8,B,8,10766,C,8,450,B,8,1.2,E,8,0.000,F,8,0.00,?,0,0,1,D,9,45,C,8
11/26/1979,13:00,620,1404,95,1,9,3,1,9,94,1,13,113,1,9,2,1,9,112,1,13,419,1,18,10,A,7,10,A,7,3.9,A,7,2.8,A,7,93,A,7,963,A,7,240,A,7,8.2,A,7,11300,B,7,430,A,7,1.2,E,8,0.000,F,8,0.00,?,0,0,1,D,9,61,C,8
11/26/1979,14:00,582,1404,176,1,9,6,1,9,173,1,13,197,1,9,5,1,9,195,1,13,644,1,18,10,B,8,10,B,8,4.3,B,8,2.8,B,8,89,B,8,965,B,8,240,B,8,9.4,B,8,11833,C,8,520,B,8,1.2,E,8,0.000,F,8,0.00,?,0,0,1,D,9,00,C,8
11/26/1979,15:00,482,1404,167,1,9,5,1,9,165,1,13,184,1,9,4,1,9,183,1,13,552,1,18,10,B,8,10,B,8,4.6,B,8,2.6,B,8,86,B,8,967,B,8,240,B,8,10.6,B,8,12366,C,8,610,B,8,1.2,E,8,0.000,F,8,0.00,?,0,0,1,D,9,00,C,8
11/26/1979,16:00,326,1404,84,1,13,3,1,9,83,1,13,94,1,13,1,1,9,93,1,13,290,1,21,10,A,7,10,A,7,5.0,A,7,2.2,A,7,82,A,7,968,A,7,240,A,7,11.8,A,7,12900,B,7,700,A,7,1.2,E,8,0.000,F,8,0.00,?,0,0,1,D,9,00,C,8
11/26/1979,17:00,127,1404,29,1,13,2,1,9,28,1,13,32,1,13,0,1,9,32,1,13,94,1,21,10,B,8,10,B,8,5.2,B,8,2.7,B,8,83,B,8,970,B,8,240,B,8,11.1,B,8,13433,C,8,700,B,8,1.2,E,8,0.000,F,8,0.00,?,0,0,1,D,9,00,C,8
11/26/1979,18:00,1,152,2,1,13,0,1,9,2,1,13,0,1,13,0,1,9,0,1,13,0,1,21,10,B,8,10,B,8,5.4,B,8,3.1,B,8,85,B,8,971,B,8,240,B,8,10.5,B,8,13966,C,8,700,B,8,1.3,E,8,0.000,F,8,0.00,?,0,0,1,D,9,00,C,8
11/26/1979,19:00,0,0,0,1,0,0,1,0,0,1,0,0,1,0,0,1,0,0,1,0,0,1,0,10,A,7,10,A,7,5.6,A,7,3.3,A,7,86,A,7,973,A,7,240,A,7,9.8,A,7,14500,B,7,700,A,7,1.3,E,8,0.000,?,0,0.00,?,0,0,1,D,9,00,C,8
11/26/1979,20:00,0,0,0,1,0,0,1,0,0,1,0,0,1,0,0,1,0,0,1,0,0,1,0,10,B,8,10,B,8,5.2,B,8,2.7,B,8,84,B,8,974,B,8,240,B,8,10.0,B,8,14500,C,8,700,B,8,1.2,E,8,0.000,?,0,0.00,?,0,0,1,D,9,00,C,8
11/26/1979,21:00,0,0,0,1,0,0,1,0,0,1,0,0,1,0,0,1,0,0,1,0,0,1,0,10,B,8,10,B,8,4.8,B,8,2.0,B,8,81,B,8,975,B,8,240,B,8,10.1,B,8,14500,C,8,700,B,8,1.2,E,8,0.000,?,0,0.00,?,0,0,1,D,9,00,C,8
11/26/1979,22:00,0,0,0,1,0,0,1,0,0,1,0,0,1,0,0,1,0,0,1,0,0,1,0,10,A,7,10,A,7,4.4,A,7,1.1,A,7,79,A,7,977,A,7,240,A,7,10.3,A,7,14500,B,7,700,A,7,1.1,E,8,0.000,?,0,0.00,?,0,0,1,D,9,00,C,8
11/26/1979,23:00,0,0,0,1,0,0,1,0,0,1,0,0,1,0,0,1,0,0,1,0,0,1,0,10,B,8,10,B,8,4.6,B,8,1.7,B,8,81,B,8,977,B,8,240,B,8,10.0,B,8,14500,C,8,650,B,8,1.2,E,8,0.000,?,0,0.00,?,0,0,1,D,9,00,C,8
11/26/1979,24:00,0,0,0,1,0,0,1,0,0,1,0,0,1,0,0,1,0,0,1,0,0,1,0,10,B,8,10,B,8,4.8,B,8,2.2,B,8,84,B,8,978,B,8,240,B,8,9.6,B,8,14500,C,8,600,B,8,1.2,E,8,0.000,?,0,0.00,?,0,0,1,D,9,00,C,8
11/27/1979,01:00,0,0,0,1,0,0,1,0,0,1,0,0,1,0,0,1,0,0,1,0,0,1,0,10,A,7,10,A,7,5.0,A,7,2.8,A,7,86,A,7,979,A,7,240,A,7,9.3,A,7,14500,B,7,550,A,7,1.2,E,8,0.000,?,0,0.00,?,0,0,1,D,9,00,C,8
11/27/1979,02:00,0,0,0,1,0,0,1,0,0,1,0,0,1,0,0,1,0,0,1,0,0,1,0,10,B,8,10,B,8,4.8,B,8,2.2,B,8,83,B,8,980,B,8,240,B,8,8.8,B,8,14500,C,8,600,B,8,1.2,E,8,0.000,?,0,0.00,?,0,0,1,D,9,00,C,8
11/27/1979,03:00,0,0,0,1,0,0,1,0,0,1,0,0,1,0,0,1,0,0,1,0,0,1,0,10,B,8,10,B,8,4.6,B,8,1.6,B,8,79,B,8,981,B,8,240,B,8,8.2,B,8,14500,C,8,650,B,8,1.1,E,8,0.000,?,0,0.00,?,0,0,1,D,9,00,C,8
11/27/1979,04:00,0,0,0,1,0,0,1,0,0,1,0,0,1,0,0,1,0,0,1,0,0,1,0,10,A,7,10,A,7,4.4,A,7,0.6,A,7,76,A,7,982,A,7,240,A,7,7.7,A,7,14500,B,7,700,A,7,1.1,E,8,0.000,?,0,0.00,?,0,0,1,D,9,00,C,8
11/27/1979,05:00,0,0,0,1,0,0,1,0,0,1,0,0,1,0,0,1,0,0,1,0,0,1,0,7,B,8,7,B,8,3.7,B,8,0.5,B,8,78,B,8,983,B,8,240,B,8,7.2,B,8,15033,C,8,77777,B,8,1.1,E,8,0.000,?,0,0.00,?,0,0,1,D,9,00,C,8
11/27/1979,06:00,0,0,0,1,0,0,1,0,0,1,0,0,1,0,0,1,0,0,1,0,0,1,0,3,B,8,3,B,8,2.9,B,8,0.0,B,8,80,B,8,984,B,8,230,B,8,6.7,B,8,15566,C,8,77777,B,8,1.0,E,8,0.000,?,0,0.00,?,0,0,1,D,9,00,C,8
11/27/1979,07:00,0,0,0,1,0,0,1,0,0,1,0,0,1,0,0,1,0,0,1,0,0,1,0,0,A,7,0,A,7,2.2,A,7,-0.6,A,7,82,A,7,984,A,7,230,A,7,6.2,A,7,16100,B,7,77777,A,7,1.0,E,8,0.000,?,0,0.00,?,0,0,1,D,9,00,C,8
11/27/1979,08:00,6,340,2,1,18,8,1,18,1,1,18,0,1,18,0,1,18,0,1,18,0,1,31,3,B,8,3,B,8,2.6,B,8,0.1,B,8,84,B,8,985,B,8,220,B,8,6.0,B,8,13400,C,8,77777,B,8,1.1,E,8,0.000,F,8,0.00,?,0,0,1,D,9,00,C,8
11/27/1979,09:00,155,1405,38,1,18,52,1,18,32,1,18,42,1,18,31,1,18,38,1,18,67,1,31,7,B,8,7,B,8,2.9,B,8,1.1,B,8,87,B,8,985,B,8,220,B,8,5.9,B,8,10700,C,8,77777,B,8,1.1,E,8,0.000,F,8,0.00,?,0,0,1,D,9,05,C,8
11/27/1979,10:00,349,1405,118,1,13,93,1,9,95,1,13,129,1,13,79,1,9,109,1,13,208,1,21,10,A,7,10,A,7,3.3,A,7,1.7,A,7,89,A,7,985,A,7,210,A,7,5.7,A,7,8000,B,7,3660,A,7,1.2,E,8,0.000,F,8,0.00,?,0,0,1,D,9,05,C,8
11/27/1979,11:00,497,1405,147,1,9,9,1,9,143,1,13,164,1,9,6,1,9,161,1,13,518,1,18,10,B,8,10,B,8,3.9,B,8,1.5,B,8,83,B,8,985,B,8,210,B,8,4.8,B,8,9100,C,8,2693,B,8,1.1,E,8,0.000,F,8,0.00,?,0,0,1,D,9,00,C,8
11/27/1979,12:00,588,1405,133,1,9,1,1,9,133,1,13,153,1,9,1,1,9,153,1,13,540,1,18,10,B,8,10,B,8,4.4,B,8,0.9,B,8,76,B,8,984,B,8,210,B,8,4.0,B,8,10200,C,8,1727,B,8,1.1,E,8,0.000,F,8,0.00,?,0,0,1,D,9,00,C,8
11/27/1979,13:00,616,1405,130,1,9,2,1,9,129,1,13,150,1,9,1,1,9,150,1,13,540,1,18,10,A,7,10,A,7,5.0,A,7,0.0,A,7,70,A,7,984,A,7,210,A,7,3.1,A,7,11300,B,7,760,A,7,1.1,E,8,0.000,F,8,0.00,?,0,3,1,D,9,61,C,8
11/27/1979,14:00,579,1405,155,1,9,8,1,9,152,1,13,176,1,9,6,1,9,174,1,13,589,1,18,10,B,8,10,B,8,3.9,B,8,0.6,B,8,79,B,8,984,B,8,260,B,8,2.1,B,8,8333,C,8,557,B,8,1.1,E,8,0.000,F,8,0.00,?,0,10,1,D,9,45,C,8
11/27/1979,15:00,479,1405,146,1,9,0,1,9,146,1,13,163,1,9,0,1,9,163,1,13,513,1,18,10,B,8,10,B,8,2.8,B,8,0.9,B,8,87,B,8,983,B,8,310,B,8,1.0,B,8,5366,C,8,353,B,8,1.1,E,8,0.000,F,8,0.00,?,0,18,1,D,9,45,C,8
11/27/1979,16:00,324,1405,50,1,13,4,1,9,49,1,13,58,1,13,1,1,9,58,1,13,194,1,21,10,A,7,10,A,7,1.7,A,7,1.1,A,7,96,A,7,983,A,7,0,A,7,0.0,A,7,2400,B,7,150,A,7,1.1,E,8,0.000,F,8,0.00,?,0,25,1,D,9,45,C,8
11/27/1979,17:00,125,1405,27,1,13,0,1,9,27,1,13,30,1,13,0,1,9,30,1,13,91,1,21,10,B,8,10,B,8,1.1,B,8,0.9,B,8,97,B,8,982,B,8,10,B,8,1.0,B,8,2033,C,8,130,B,8,1.1,E,8,0.000,F,8,0.00,?,0,10,1,D,9,45,C,8
11/27/1979,18:00,1,129,2,1,13,0,1,9,2,1,13,0,1,13,0,1,9,0,1,13,0,1,21,10,B,8,10,B,8,0.6,B,8,0.5,B,8,99,B,8,981,B,8,10,B,8,2.1,B,8,1666,C,8,110,B,8,1.1,E,8,0.000,F,8,0.00,?,0,10,1,D,9,45,C,8
11/27/1979,19:00,0,0,0,1,0,0,1,0,0,1,0,0,1,0,0,1,0,0,1,0,0,1,0,10,A,7,10,A,7,0.0,A,7,0.0,A,7,100,A,7,980,A,7,20,A,7,3.1,A,7,1300,B,7,90,A,7,1.1,E,8,0.000,?,0,0.00,?,0,3,1,D,9,45,C,8
11/27/1979,20:00,0,0,0,1,0,0,1,0,0,1,0,0,1,0,0,1,0,0,1,0,0,1,0,10,B,8,10,B,8,-0.2,B,8,-0.2,B,8,100,B,8,980,B,8,10,B,8,2.9,B,8,1133,C,8,80,B,8,1.0,E,8,0.000,?,0,0.00,?,0,0,1,D,9,45,C,8
11/27/1979,21:00,0,0,0,1,0,0,1,0,0,1,0,0,1,0,0,1,0,0,1,0,0,1,0,10,B,8,10,B,8,-0.4,B,8,-0.4,B,8,100,B,8,980,B,8,360,B,8,2.8,B,8,966,C,8,70,B,8,1.0,E,8,0.000,?,0,0.00,?,0,0,1,D,9,45,C,8
11/27/1979,22:00,0,0,0,1,0,0,1,0,0,1,0,0,1,0,0,1,0,0,1,0,0,1,0,10,A,7,10,A,7,-0.6,A,7,-0.6,A,7,100,A,7,979,A,7,350,A,7,2.6,A,7,800,B,7,60,A,7,1.0,E,8,0.000,?,0,0.00,?,0,0,1,D,9,45,C,8
11/27/1979,23:00,0,0,0,1,0,0,1,0,0,1,0,0,1,0,0,1,0,0,1,0,0,1,0,10,B,8,10,B,8,-0.4,B,8,-0.5,B,8,99,B,8,979,B,8,340,B,8,2.6,B,8,1066,C,8,50,B,8,1.0,E,8,0.000,?,0,0.00,?,0,0,1,D,9,45,C,8
11/27/1979,24:00,0,0,0,1,0,0,1,0,0,1,0,0,1,0,0,1,0,0,1,0,0,1,0,10,B,8,10,B,8,-0.2,B,8,-0.6,B,8,97,B,8,978,B,8,320,B,8,2.6,B,8,1333,C,8,40,B,8,1.0,E,8,0.000,?,0,0.00,?,0,0,1,D,9,45,C,8
11/28/1979,01:00,0,0,0,1,0,0,1,0,0,1,0,0,1,0,0,1,0,0,1,0,0,1,0,10,A,7,10,A,7,0.0,A,7,-0.6,A,7,96,A,7,978,A,7,310,A,7,2.6,A,7,1600,B,7,30,A,7,1.0,E,8,0.000,?,0,0.00,?,0,0,1,D,9,45,C,8
11/28/1979,02:00,0,0,0,1,0,0,1,0,0,1,0,0,1,0,0,1,0,0,1,0,0,1,0,10,B,8,10,B,8,0.0,B,8,-0.4,B,8,96,B,8,978,B,8,300,B,8,2.9,B,8,2666,C,8,60,B,8,1.0,E,8,0.000,?,0,0.00,?,0,0,1,D,9,45,C,8
11/28/1979,03:00,0,0,0,1,0,0,1,0,0,1,0,0,1,0,0,1,0,0,1,0,0,1,0,10,B,8,10,B,8,0.0,B,8,-0.4,B,8,96,B,8,978,B,8,280,B,8,3.3,B,8,3733,C,8,90,B,8,1.0,E,8,0.000,?,0,0.00,?,0,0,1,D,9,45,C,8
11/28/1979,04:00,0,0,0,1,0,0,1,0,0,1,0,0,1,0,0,1,0,0,1,0,0,1,0,10,A,7,10,A,7,0.0,A,7,-0.6,A,7,96,A,7,978,A,7,270,A,7,3.6,A,7,4800,B,7,120,A,7,1.0,E,8,0.000,?,0,0.00,?,0,0,1,D,9,45,C,8
11/28/1979,05:00,0,0,0,1,0,0,1,0,0,1,0,0,1,0,0,1,0,0,1,0,0,1,0,10,B,8,10,B,8,-0.2,B,8,-0.7,B,8,95,B,8,978,B,8,270,B,8,4.1,B,8,6966,C,8,467,B,8,1.0,E,8,0.000,?,0,0.00,?,0,0,1,D,9,45,C,8
11/28/1979,06:00,0,0,0,1,0,0,1,0,0,1,0,0,1,0,0,1,0,0,1,0,0,1,0,10,B,8,10,B,8,-0.4,B,8,-1.1,B,8,93,B,8,979,B,8,270,B,8,4.7,B,8,9133,C,8,813,B,8,1.0,E,8,0.000,?,0,0.00,?,0,0,1,D,9,45,C,8
11/28/1979,07:00,0,0,0,1,0,0,1,0,0,1,0,0,1,0,0,1,0,0,1,0,0,1,0,10,A,7,10,A,7,-0.6,A,7,-1.7,A,7,92,A,7,979,A,7,270,A,7,5.2,A,7,11300,B,7,1160,A,7,1.0,E,8,0.000,?,0,0.00,?,0,0,1,D,9,00,C,8
11/28/1979,08:00,5,293,4,1,13,0,1,9,4,1,13,0,1,13,0,1,9,0,1,13,0,1,21,10,B,8,10,B,8,-1.0,B,8,-2.1,B,8,92,B,8,980,B,8,270,B,8,4.7,B,8,8333,C,8,927,B,8,0.9,E,8,0.000,F,8,0.00,?,0,0,1,D,9,45,C,8
11/28/1979,09:00,151,1405,44,1,13,0,1,9,44,1,13,48,1,13,0,1,9,48,1,13,135,1,21,10,B,8,10,B,8,-1.3,B,8,-2.2,B,8,92,B,8,980,B,8,270,B,8,4.1,B,8,5366,C,8,693,B,8,0.9,E,8,0.000,F,8,0.00,?,0,0,1,D,9,45,C,8
11/28/1979,10:00,344,1405,135,1,13,1,1,9,135,1,13,146,1,13,1,1,9,146,1,13,389,1,21,10,A,7,10,A,7,-1.7,A,7,-2.8,A,7,92,A,7,981,A,7,270,A,7,3.6,A,7,2400,B,7,460,A,7,0.9,E,8,0.000,F,8,0.00,?,0,0,1,D,9,45,C,8
11/28/1979,11:00,492,1405,182,1,9,1,1,9,182,1,13,200,1,9,1,1,9,200,1,13,589,1,18,10,B,8,10,B,8,-1.5,B,8,-2.2,B,8,92,B,8,980,B,8,260,B,8,4.8,B,8,4266,C,8,470,B,8,0.9,E,8,0.000,F,8,0.00,?,0,0,1,D,9,45,C,8
11/28/1979,12:00,584,1405,221,1,9,0,1,9,221,1,13,243,1,9,0,1,9,243,1,13,739,1,18,10,B,8,10,B,8,-1.3,B,8,-2.1,B,8,92,B,8,980,B,8,250,B,8,6.0,B,8,6133,C,8,480,B,8,0.9,E,8,0.000,F,8,0.00,?,0,0,1,D,9,45,C,8
11/28/1979,13:00,612,1405,253,1,9,1,1,9,253,1,13,278,1,9,1,1,9,277,1,13,817,1,18,10,A,7,10,A,7,-1.1,A,7,-2.2,A,7,92,A,7,980,A,7,240,A,7,7.2,A,7,8000,B,7,490,A,7,0.9,E,8,0.000,F,8,0.00,?,0,0,1,D,9,45,C,8
11/28/1979,14:00,576,1405,225,1,9,2,1,9,224,1,13,247,1,9,2,1,9,246,1,13,735,1,18,10,B,8,10,B,8,-1.5,B,8,-2.5,B,8,91,B,8,980,B,8,240,B,8,6.9,B,8,6666,C,8,430,B,8,0.9,E,8,0.000,F,8,0.00,?,0,0,1,D,9,85,C,8
11/28/1979,15:00,476,1405,194,1,9,1,1,9,194,1,13,211,1,9,1,1,9,211,1,13,588,1,18,10,B,8,10,B,8,-1.8,B,8,-3.1,B,8,90,B,8,980,B,8,250,B,8,6.5,B,8,5333,C,8,370,B,8,0.9,E,8,0.000,F,8,0.00,?,0,0,1,D,9,00,C,8
11/28/1979,16:00,321,1405,125,1,13,1,1,9,125,1,13,135,1,13,1,1,9,135,1,13,358,1,21,10,A,7,10,A,7,-2.2,A,7,-3.9,A,7,89,A,7,980,A,7,250,A,7,6.2,A,7,4000,B,7,310,A,7,0.8,E,8,0.000,F,8,0.00,?,0,0,1,D,9,45,C,8
11/28/1979,17:00,123,1405,39,1,13,1,1,9,39,1,13,43,1,13,0,1,9,43,1,13,115,1,21,10,B,8,10,B,8,-2.4,B,8,-4.3,B,8,86,B,8,980,B,8,250,B,8,5.5,B,8,5333,C,8,663,B,8,0.8,E,8,0.000,F,8,0.00,?,0,0,1,D,9,45,C,8
11/28/1979,18:00,1,129,2,1,13,0,1,9,2,1,13,0,1,13,0,1,9,0,1,13,0,1,21,10,B,8,10,B,8,-2.6,B,8,-4.9,B,8,84,B,8,981,B,8,240,B,8,4.8,B,8,6666,C,8,1017,B,8,0.8,E,8,0.000,F,8,0.00,?,0,0,1,D,9,45,C,8
11/28/1979,19:00,0,0,0,1,0,0,1,0,0,1,0,0,1,0,0,1,0,0,1,0,0,1,0,10,A,7,10,A,7,-2.8,A,7,-5.6,A,7,81,A,7,981,A,7,240,A,7,4.1,A,7,8000,B,7,1370,A,7,0.8,E,8,0.000,?,0,0.00,?,0,0,1,D,9,45,C,8
11/28/1979,20:00,0,0,0,1,0,0,1,0,0,1,0,0,1,0,0,1,0,0,1,0,0,1,0,10,B,8,10,B,8,-3.3,B,8,-5.4,B,8,85,B,8,981,B,8,240,B,8,4.8,B,8,5866,C,8,1067,B,8,0.8,E,8,0.000,?,0,0.00,?,0,0,1,D,9,45,C,8
11/28/1979,21:00,0,0,0,1,0,0,1,0,0,1,0,0,1,0,0,1,0,0,1,0,0,1,0,10,B,8,10,B,8,-3.9,B,8,-5.4,B,8,88,B,8,981,B,8,240,B,8,5.5,B,8,3733,C,8,763,B,8,0.8,E,8,0.000,?,0,0.00,?,0,0,1,D,9,45,C,8
11/28/1979,22:00,0,0,0,1,0,0,1,0,0,1,0,0,1,0,0,1,0,0,1,0,0,1,0,10,A,7,10,A,7,-4.4,A,7,-5.6,A,7,92,A,7,981,A,7,240,A,7,6.2,A,7,1600,B,7,460,A,7,0.8,E,8,0.000,?,0,0.00,?,0,0,1,D,9,45,C,8
11/28/1979,23:00,0,0,0,1,0,0,1,0,0,1,0,0,1,0,0,1,0,0,1,0,0,1,0,10,B,8,10,B,8,-4.6,B,8,-5.7,B,8,92,B,8,981,B,8,230,B,8,6.0,B,8,4833,C,8,1017,B,8,0.8,E,8,0.000,?,0,0.00,?,0,0,1,D,9,45,C,8
11/28/1979,24:00,0,0,0,1,0,0,1,0,0,1,0,0,1,0,0,1,0,0,1,0,0,1,0,9,B,8,9,B,8,-4.8,B,8,-5.9,B,8,92,B,8,981,B,8,230,B,8,5.9,B,8,8066,C,8,1573,B,8,0.8,E,8,0.000,?,0,0.00,?,0,0,1,D,9,45,C,8
11/29/1979,01:00,0,0,0,1,0,0,1,0,0,1,0,0,1,0,0,1,0,0,1,0,0,1,0,9,A,7,9,A,7,-5.0,A,7,-6.1,A,7,92,A,7,981,A,7,220,A,7,5.7,A,7,11300,B,7,2130,A,7,0.7,E,8,0.000,?,0,0.00,?,0,0,1,D,9,00,C,8
11/29/1979,02:00,0,0,0,1,0,0,1,0,0,1,0,0,1,0,0,1,0,0,1,0,0,1,0,9,B,8,9,B,8,-5.2,B,8,-6.1,B,8,92,B,8,981,B,8,230,B,8,5.9,B,8,10200,C,8,1533,B,8,0.7,E,8,0.000,?,0,0.00,?,0,0,1,D,9,00,C,8
11/29/1979,03:00,0,0,0,1,0,0,1,0,0,1,0,0,1,0,0,1,0,0,1,0,0,1,0,10,B,8,10,B,8,-5.4,B,8,-6.3,B,8,92,B,8,981,B,8,230,B,8,6.0,B,8,9100,C,8,937,B,8,0.7,E,8,0.000,?,0,0.00,?,0,0,1,D,9,71,C,8
11/29/1979,04:00,0,0,0,1,0,0,1,0,0,1,0,0,1,0,0,1,0,0,1,0,0,1,0,10,A,7,10,A,7,-5.6,A,7,-6.7,A,7,92,A,7,981,A,7,240,A,7,6.2,A,7,8000,B,7,340,A,7,0.7,E,8,0.000,?,0,0.00,?,0,0,1,D,9,71,C,8
11/29/1979,05:00,0,0,0,1,0,0,1,0,0,1,0,0,1,0,0,1,0,0,1,0,0,1,0,10,B,8,10,B,8,-5.6,B,8,-6.4,B,8,92,B,8,981,B,8,230,B,8,6.0,B,8,9100,C,8,733,B,8,0.7,E,8,0.000,?,0,0.00,?,0,0,1,D,9,45,C,8
11/29/1979,06:00,0,0,0,1,0,0,1,0,0,1,0,0,1,0,0,1,0,0,1,0,0,1,0,10,B,8,10,B,8,-5.6,B,8,-6.5,B,8,92,B,8,981,B,8,230,B,8,5.9,B,8,10200,C,8,1127,B,8,0.7,E,8,0.000,?,0,0.00,?,0,0,1,D,9,45,C,8
11/29/1979,07:00,0,0,0,1,0,0,1,0,0,1,0,0,1,0,0,1,0,0,1,0,0,1,0,10,A,7,10,A,7,-5.6,A,7,-6.7,A,7,92,A,7,981,A,7,220,A,7,5.7,A,7,11300,B,7,1520,A,7,0.7,E,8,0.000,?,0,0.00,?,0,0,1,D,9,00,C,8
11/29/1979,08:00,4,269,3,1,13,2,1,9,2,1,13,0,1,13,0,1,9,0,1,13,0,1,21,9,B,8,8,B,8,-5.4,B,8,-6.8,B,8,91,B,8,981,B,8,220,B,8,5.5,B,8,11833,C,8,77777,B,8,0.7,E,8,0.000,F,8,0.00,?,0,0,1,D,9,05,C,8
11/29/1979,09:00,146,1406,60,1,18,112,1,18,48,1,18,62,1,18,55,1,18,56,1,18,94,1,31,8,B,8,5,B,8,-5.2,B,8,-6.5,B,8,89,B,8,981,B,8,220,B,8,5.4,B,8,12366,C,8,77777,B,8,0.7,E,8,0.000,F,8,0.00,?,0,0,1,D,9,00,C,8
11/29/1979,10:00,340,1406,173,1,13,355,1,13,86,1,13,178,1,13,289,1,13,108,1,13,160,1,23,7,A,7,3,A,7,-5.0,A,7,-6.7,A,7,88,A,7,981,A,7,220,A,7,5.2,A,7,12900,B,7,77777,A,7,0.7,E,8,0.000,F,8,0.00,?,0,0,1,D,9,00,C,8
11/29/1979,11:00,488,1406,300,1,18,371,1,18,170,1,18,312,1,18,351,1,18,190,1,18,366,1,31,8,B,8,5,B,8,-4.3,B,8,-5.8,B,8,87,B,8,981,B,8,220,B,8,5.4,B,8,12900,C,8,77777,B,8,0.7,E,8,0.000,F,8,0.00,?,0,0,1,D,9,00,C,8
11/29/1979,12:00,580,1406,318,1,18,140,1,18,260,1,18,347,1,18,139,1,18,290,1,18,647,1,31,8,B,8,7,B,8,-3.5,B,8,-5.2,B,8,86,B,8,981,B,8,230,B,8,5.5,B,8,12900,C,8,77777,B,8,0.8,E,8,0.000,F,8,0.00,?,0,0,1,D,9,85,C,8
11/29/1979,13:00,609,1406,309,1,9,209,1,9,218,1,13,333,1,9,208,1,9,242,1,13,521,1,18,9,A,7,9,A,7,-2.8,A,7,-5.0,A,7,85,A,7,980,A,7,230,A,7,5.7,A,7,12900,B,7,340,A,7,0.8,E,8,0.000,F,8,0.00,?,0,0,1,D,9,00,C,8
11/29/1979,14:00,572,1406,251,1,9,79,1,9,219,1,13,275,1,9,77,1,9,243,1,13,573,1,18,9,B,8,9,B,8,-2.2,B,8,-4.2,B,8,85,B,8,980,B,8,240,B,8,5.3,B,8,12900,C,8,380,B,8,0.8,E,8,0.000,F,8,0.00,?,0,0,1,D,9,00,C,8
11/29/1979,15:00,473,1406,138,1,9,11,1,9,134,1,13,154,1,9,8,1,9,152,1,13,483,1,18,10,B,8,10,B,8,-1.7,B,8,-3.7,B,8,85,B,8,980,B,8,240,B,8,5.0,B,8,12900,C,8,420,B,8,0.8,E,8,0.000,F,8,0.00,?,0,0,1,D,9,00,C,8
11/29/1979,16:00,319,1406,125,1,13,4,1,9,125,1,13,136,1,13,2,1,9,135,1,13,355,1,21,10,A,7,10,A,7,-1.1,A,7,-3.3,A,7,85,A,7,980,A,7,250,A,7,4.6,A,7,12900,B,7,460,A,7,0.9,E,8,0.000,F,8,0.00,?,0,0,1,D,9,00,C,8
11/29/1979,17:00,121,1406,40,1,13,1,1,9,40,1,13,44,1,13,0,1,9,44,1,13,116,1,21,10,B,8,10,B,8,-1.1,B,8,-3.0,B,8,86,B,8,981,B,8,250,B,8,4.8,B,8,12366,C,8,1017,B,8,0.9,E,8,0.000,F,8,0.00,?,0,0,1,D,9,85,C,8
11/29/1979,18:00,1,105,0,1,13,0,1,9,0,1,13,0,1,13,0,1,9,0,1,13,0,1,21,10,B,8,10,B,8,-1.1,B,8,-2.8,B,8,88,B,8,981,B,8,260,B,8,5.0,B,8,11833,C,8,1573,B,8,0.9,E,8,0.000,F,8,0.00,?,0,0,1,D,9,00,C,8
11/29/1979,19:00,0,0,0,1,0,0,1,0,0,1,0,0,1,0,0,1,0,0,1,0,0,1,0,10,A,7,10,A,7,-1.1,A,7,-2.8,A,7,89,A,7,981,A,7,260,A,7,5.2,A,7,11300,B,7,2130,A,7,0.9,E,8,0.000,?,0,0.00,?,0,0,1,D,9,00,C,8
11/29/1979,20:00,0,0,0,1,0,0,1,0,0,1,0,0,1,0,0,1,0,0,1,0,0,1,0,10,B,8,10,B,8,-1.3,B,8,-2.8,B,8,89,B,8,981,B,8,260,B,8,6.2,B,8,9133,C,8,1747,B,8,0.9,E,8,0.000,?,0,0.00,?,0,0,1,D,9,00,C,8
11/29/1979,21:00,0,0,0,1,0,0,1,0,0,1,0,0,1,0,0,1,0,0,1,0,0,1,0,10,B,8,10,B,8,-1.5,B,8,-2.9,B,8,89,B,8,981,B,8,270,B,8,7.2,B,8,6966,C,8,1363,B,8,0.9,E,8,0.000,?,0,0.00,?,0,0,1,D,9,85,C,8
11/29/1979,22:00,0,0,0,1,0,0,1,0,0,1,0,0,1,0,0,1,0,0,1,0,0,1,0,10,A,7,10,A,7,-1.7,A,7,-3.3,A,7,89,A,7,981,A,7,270,A,7,8.2,A,7,4800,B,7,980,A,7,0.9,E,8,0.000,?,0,0.00,?,0,0,1,D,9,85,C,8
11/29/1979,23:00,0,0,0,1,0,0,1,0,0,1,0,0,1,0,0,1,0,0,1,0,0,1,0,10,B,8,10,B,8,-1.9,B,8,-3.4,B,8,89,B,8,981,B,8,260,B,8,8.0,B,8,3733,C,8,807,B,8,0.9,E,8,0.000,?,0,0.00,?,0,0,1,D,9,86,C,8
11/29/1979,24:00,0,0,0,1,0,0,1,0,0,1,0,0,1,0,0,1,0,0,1,0,0,1,0,10,B,8,10,B,8,-2.0,B,8,-3.7,B,8,89,B,8,981,B,8,260,B,8,7.9,B,8,2666,C,8,633,B,8,0.9,E,8,0.000,?,0,0.00,?,0,0,1,D,9,00,C,8
11/30/1979,01:00,0,0,0,1,0,0,1,0,0,1,0,0,1,0,0,1,0,0,1,0,0,1,0,10,A,7,10,A,7,-2.2,A,7,-3.9,A,7,89,A,7,980,A,7,250,A,7,7.7,A,7,1600,B,7,460,A,7,0.8,E,8,0.000,?,0,0.00,?,0,0,1,D,9,85,C,8
11/30/1979,02:00,0,0,0,1,0,0,1,0,0,1,0,0,1,0,0,1,0,0,1,0,0,1,0,10,B,8,10,B,8,-2.6,B,8,-4.1,B,8,89,B,8,980,B,8,250,B,8,7.7,B,8,2133,C,8,430,B,8,0.8,E,8,0.000,?,0,0.00,?,0,0,1,D,9,85,C,8
11/30/1979,03:00,0,0,0,1,0,0,1,0,0,1,0,0,1,0,0,1,0,0,1,0,0,1,0,10,B,8,10,B,8,-2.9,B,8,-4.4,B,8,88,B,8,980,B,8,240,B,8,7.7,B,8,2666,C,8,400,B,8,0.8,E,8,0.000,?,0,0.00,?,0,0,1,D,9,85,C,8
11/30/1979,04:00,0,0,0,1,0,0,1,0,0,1,0,0,1,0,0,1,0,0,1,0,0,1,0,10,A,7,10,A,7,-3.3,A,7,-5.0,A,7,88,A,7,980,A,7,240,A,7,7.7,A,7,3200,B,7,370,A,7,0.8,E,8,0.000,?,0,0.00,?,0,0,1,D,9,85,C,8
11/30/1979,05:00,0,0,0,1,0,0,1,0,0,1,0,0,1,0,0,1,0,0,1,0,0,1,0,10,B,8,10,B,8,-3.7,B,8,-5.1,B,8,88,B,8,981,B,8,240,B,8,7.0,B,8,3200,C,8,350,B,8,0.8,E,8,0.000,?,0,0.00,?,0,0,1,D,9,85,C,8
11/30/1979,06:00,0,0,0,1,0,0,1,0,0,1,0,0,1,0,0,1,0,0,1,0,0,1,0,10,B,8,10,B,8,-4.0,B,8,-5.5,B,8,88,B,8,981,B,8,230,B,8,6.4,B,8,3200,C,8,330,B,8,0.8,E,8,0.000,?,0,0.00,?,0,0,1,D,9,85,C,8
11/30/1979,07:00,0,0,0,1,0,0,1,0,0,1,0,0,1,0,0,1,0,0,1,0,0,1,0,10,A,7,10,A,7,-4.4,A,7,-6.1,A,7,88,A,7,981,A,7,230,A,7,5.7,A,7,3200,B,7,310,A,7,0.7,E,8,0.000,?,0,0.00,?,0,0,1,D,9,85,C,8
11/30/1979,08:00,3,246,1,1,13,0,1,9,1,1,13,0,1,13,0,1,9,0,1,13,0,1,21,10,B,8,10,B,8,-4.4,B,8,-6.0,B,8,89,B,8,982,B,8,240,B,8,6.0,B,8,3200,C,8,330,B,8,0.8,E,8,0.000,F,8,0.00,?,0,0,1,D,9,85,C,8
11/30/1979,09:00,142,1406,29,1,13,2,1,9,29,1,13,33,1,13,0,1,9,33,1,13,100,1,21,10,B,8,10,B,8,-4.4,B,8,-5.6,B,8,91,B,8,982,B,8,240,B,8,6.4,B,8,3200,C,8,350,B,8,0.8,E,8,0.000,F,8,0.00,?,0,0,1,D,9,85,C,8
11/30/1979,10:00,336,1406,119,1,13,3,1,9,118,1,13,129,1,13,2,1,9,129,1,13,361,1,21,10,A,7,10,A,7,-4.4,A,7,-5.6,A,7,92,A,7,982,A,7,250,A,7,6.7,A,7,3200,B,7,370,A,7,0.8,E,8,0.000,F,8,0.00,?,0,0,1,D,9,85,C,8
11/30/1979,11:00,484,1406,156,1,9,2,1,9,156,1,13,174,1,9,1,1,9,173,1,13,536,1,18,10,B,8,10,B,8,-4.0,B,8,-5.4,B,8,88,B,8,982,B,8,250,B,8,6.7,B,8,3200,C,8,400,B,8,0.8,E,8,0.000,F,8,0.00,?,0,0,1,D,9,00,C,8
11/30/1979,12:00,576,1406,190,1,9,1,1,9,189,1,13,211,1,9,1,1,9,211,1,13,674,1,18,10,B,8,10,B,8,-3.7,B,8,-5.6,B,8,85,B,8,982,B,8,260,B,8,6.7,B,8,3200,C,8,430,B,8,0.8,E,8,0.000,F,8,0.00,?,0,0,1,D,9,00,C,8
11/30/1979,13:00,605,1406,230,1,9,1,1,9,230,1,13,254,1,9,1,1,9,254,1,13,775,1,18,10,A,7,10,A,7,-3.3,A,7,-6.1,A,7,81,A,7,982,A,7,260,A,7,6.7,A,7,3200,B,7,460,A,7,0.7,E,8,0.000,F,8,0.00,?,0,0,1,D,9,85,C,8
11/30/1979,14:00,569,1406,193,1,9,98,1,9,153,1,13,211,1,9,97,1,9,172,1,13,360,1,18,9,B,8,9,B,8,-3.7,B,8,-6.2,B,8,81,B,8,982,B,8,250,B,8,6.5,B,8,3733,C,8,713,B,8,0.7,E,8,0.000,F,8,0.00,?,0,0,1,D,9,85,C,8
11/30/1979,15:00,471,1406,198,1,9,108,1,9,161,1,13,216,1,9,102,1,9,182,1,13,413,1,18,9,B,8,8,B,8,-4.0,B,8,-6.6,B,8,81,B,8,982,B,8,250,B,8,6.4,B,8,4266,C,8,967,B,8,0.7,E,8,0.000,F,8,0.00,?,0,0,1,D,9,85,C,8
11/30/1979,16:00,317,1406,138,1,13,148,1,13,104,1,13,148,1,13,121,1,13,120,1,13,226,1,23,8,A,7,7,A,7,-4.4,A,7,-7.2,A,7,81,A,7,982,A,7,240,A,7,6.2,A,7,4800,B,7,1220,A,7,0.7,E,8,0.000,F,8,0.00,?,0,0,1,D,9,85,C,8
11/30/1979,17:00,120,1406,31,1,13,13,1,9,30,1,13,34,1,13,8,1,9,33,1,13,71,1,21,9,B,8,8,B,8,-4.6,B,8,-6.7,B,8,85,B,8,983,B,8,240,B,8,6.0,B,8,4533,C,8,1017,B,8,0.7,E,8,0.000,F,8,0.00,?,0,0,1,D,9,00,C,8
11/30/1979,18:00,1,105,0,1,13,0,1,9,0,1,13,0,1,13,0,1,9,0,1,13,0,1,21,9,B,8,9,B,8,-4.8,B,8,-6.3,B,8,88,B,8,983,B,8,240,B,8,5.9,B,8,4266,C,8,813,B,8,0.7,E,8,0.000,F,8,0.00,?,0,0,1,D,9,00,C,8
11/30/1979,19:00,0,0,0,1,0,0,1,0,0,1,0,0,1,0,0,1,0,0,1,0,0,1,0,10,A,7,10,A,7,-5.0,A,7,-6.1,A,7,92,A,7,984,A,7,240,A,7,5.7,A,7,4000,B,7,610,A,7,0.7,E,8,0.000,?,0,0.00,?,0,0,1,D,9,85,C,8
11/30/1979,20:00,0,0,0,1,0,0,1,0,0,1,0,0,1,0,0,1,0,0,1,0,0,1,0,10,B,8,10,B,8,-5.2,B,8,-6.1,B,8,92,B,8,984,B,8,230,B,8,5.5,B,8,4266,C,8,863,B,8,0.7,E,8,0.000,?,0,0.00,?,0,0,1,D,9,85,C,8
11/30/1979,21:00,0,0,0,1,0,0,1,0,0,1,0,0,1,0,0,1,0,0,1,0,0,1,0,10,B,8,10,B,8,-5.4,B,8,-6.3,B,8,92,B,8,984,B,8,220,B,8,5.4,B,8,4533,C,8,1117,B,8,0.7,E,8,0.000,?,0,0.00,?,0,0,1,D,9,85,C,8
11/30/1979,22:00,0,0,0,1,0,0,1,0,0,1,0,0,1,0,0,1,0,0,1,0,0,1,0,10,A,7,10,A,7,-4.9,A,7,-6.3,A,7,92,A,7,984,A,7,210,A,7,5.3,A,7,4800,B,7,1370,A,7,0.7,E,8,0.000,?,0,0.00,?,0,0,1,D,9,85,C,8
11/30/1979,23:00,0,0,0,1,0,0,1,0,0,1,0,0,1,0,0,1,0,0,1,0,0,1,0,10,B,8,10,B,8,-4.6,B,8,-6.3,B,8,91,B,8,984,B,8,200,B,8,5.2,B,8,8033,C,8,1473,B,8,0.7,E,8,0.000,?,0,0.00,?,0,0,1,D,9,85,C,8
11/30/1979,24:00,0,0,0,1,0,0,1,0,0,1,0,0,1,0,0,1,0,0,1,0,0,1,0,10,B,8,10,B,8,-4.2,B,8,-6.4,B,8,89,B,8,984,B,8,200,B,8,5.1,B,8,11266,C,8,1577,B,8,0.7,E,8,0.000,?,0,0.00,?,0,0,1,D,9,00,C,8
12/01/1978,01:00,0,0,0,1,0,0,1,0,0,1,0,0,1,0,0,1,0,0,1,0,0,1,0,10,A,7,10,A,7,-3.8,A,7,-6.4,A,7,75,A,7,984,A,7,230,A,7,4.9,A,7,14500,B,7,640,A,7,0.7,E,8,0.000,?,0,0.00,?,0,0,1,D,9,71,C,8
12/01/1978,02:00,0,0,0,1,0,0,1,0,0,1,0,0,1,0,0,1,0,0,1,0,0,1,0,10,B,8,10,B,8,-3.4,B,8,-6.5,B,8,75,B,8,984,B,8,220,B,8,4.8,B,8,14500,C,8,590,B,8,0.7,E,8,0.000,?,0,0.00,?,0,0,1,D,9,00,C,8
12/01/1978,03:00,0,0,0,1,0,0,1,0,0,1,0,0,1,0,0,1,0,0,1,0,0,1,0,10,B,8,10,B,8,-3.1,B,8,-6.5,B,8,75,B,8,984,B,8,220,B,8,4.7,B,8,14500,C,8,540,B,8,0.7,E,8,0.000,?,0,0.00,?,0,0,1,D,9,00,C,8
12/01/1978,04:00,0,0,0,1,0,0,1,0,0,1,0,0,1,0,0,1,0,0,1,0,0,1,0,10,A,7,10,A,7,-2.8,A,7,-6.7,A,7,75,A,7,983,A,7,210,A,7,4.6,A,7,14500,B,7,490,A,7,0.7,E,8,0.000,?,0,0.00,?,0,0,1,D,9,00,C,8
12/01/1978,05:00,0,0,0,1,0,0,1,0,0,1,0,0,1,0,0,1,0,0,1,0,0,1,0,10,B,8,10,B,8,-2.4,B,8,-6.5,B,8,76,B,8,983,B,8,210,B,8,4.4,B,8,14500,C,8,540,B,8,0.7,E,8,0.000,?,0,0.00,?,0,0,1,D,9,00,C,8
12/01/1978,06:00,0,0,0,1,0,0,1,0,0,1,0,0,1,0,0,1,0,0,1,0,0,1,0,10,B,8,10,B,8,-2.1,B,8,-5.9,B,8,77,B,8,983,B,8,200,B,8,4.3,B,8,14500,C,8,590,B,8,0.8,E,8,0.000,?,0,0.00,?,0,0,1,D,9,00,C,8
12/01/1978,07:00,0,0,0,1,0,0,1,0,0,1,0,0,1,0,0,1,0,0,1,0,0,1,0,10,A,7,10,A,7,-1.7,A,7,-5.0,A,7,78,A,7,982,A,7,200,A,7,4.1,A,7,14500,B,7,640,A,7,0.8,E,8,0.000,?,0,0.00,?,0,0,1,D,9,00,C,8
12/01/1978,08:00,2,223,0,1,13,0,1,9,0,1,13,0,1,13,0,1,9,0,1,13,0,1,21,10,B,8,10,B,8,-1.3,B,8,-4.6,B,8,82,B,8,982,B,8,190,B,8,4.1,B,8,10200,C,8,507,B,8,0.8,E,8,0.000,F,8,0.00,?,0,0,1,D,9,71,C,8
12/01/1978,09:00,137,1407,28,1,13,2,1,9,28,1,13,32,1,13,0,1,9,32,1,13,96,1,21,10,B,8,10,B,8,-1.0,B,8,-3.7,B,8,85,B,8,981,B,8,190,B,8,4.1,B,8,5900,C,8,373,B,8,0.9,E,8,0.000,F,8,0.00,?,0,0,1,D,9,71,C,8
12/01/1978,10:00,330,1407,76,1,13,4,1,9,75,1,13,86,1,13,2,1,9,85,1,13,271,1,21,10,A,7,10,A,7,-0.6,A,7,-2.2,A,7,89,A,7,981,A,7,180,A,7,4.1,A,7,1600,B,7,240,A,7,0.9,E,8,0.000,F,8,0.00,?,0,0,1,D,9,71,C,8
12/01/1978,11:00,479,1407,113,1,9,8,1,9,110,1,13,128,1,9,5,1,9,127,1,13,425,1,18,10,B,8,10,B,8,0.0,B,8,-1.6,B,8,90,B,8,980,B,8,190,B,8,3.9,B,8,1333,C,8,200,B,8,1.0,E,8,0.000,F,8,0.00,?,0,0,1,D,9,71,C,8
12/01/1978,12:00,572,1407,158,1,9,8,1,9,155,1,13,179,1,9,6,1,9,177,1,13,592,1,18,10,B,8,10,B,8,0.5,B,8,-1.0,B,8,91,B,8,979,B,8,200,B,8,3.8,B,8,1066,C,8,160,B,8,1.0,E,8,0.000,F,8,0.00,?,0,0,1,D,9,71,C,8
12/01/1978,13:00,601,1407,154,1,9,3,1,9,153,1,13,176,1,9,2,1,9,175,1,13,604,1,18,10,A,7,10,A,7,1.1,A,7,0.0,A,7,92,A,7,978,A,7,210,A,7,3.6,A,7,800,B,7,120,A,7,1.1,E,8,0.000,F,8,0.00,?,0,15,1,D,9,73,C,8
12/01/1978,14:00,566,1407,175,1,9,1,1,9,175,1,13,196,1,9,1,1,9,196,1,13,636,1,18,10,B,8,10,B,8,0.7,B,8,-0.9,B,8,91,B,8,978,B,8,250,B,8,3.8,B,8,800,C,8,120,B,8,1.0,E,8,0.000,F,8,0.00,?,0,10,1,D,9,73,C,8
12/01/1978,15:00,468,1407,122,1,9,2,1,9,122,1,13,138,1,9,1,1,9,138,1,13,451,1,18,10,B,8,10,B,8,0.4,B,8,-1.5,B,8,90,B,8,979,B,8,300,B,8,3.9,B,8,800,C,8,120,B,8,1.0,E,8,0.000,F,8,0.00,?,0,10,1,D,9,71,C,8
12/01/1978,16:00,314,1407,89,1,13,2,1,9,89,1,13,99,1,13,1,1,9,99,1,13,297,1,21,10,A,7,10,A,7,0.0,A,7,-1.7,A,7,89,A,7,979,A,7,340,A,7,4.1,A,7,800,B,7,120,A,7,1.0,E,8,0.000,F,8,0.00,?,0,0,1,D,9,73,C,8
12/01/1978,17:00,118,1407,27,1,13,0,1,9,27,1,13,30,1,13,0,1,9,30,1,13,90,1,21,10,B,8,10,B,8,-0.6,B,8,-2.4,B,8,90,B,8,980,B,8,320,B,8,3.6,B,8,1066,C,8,140,B,8,0.9,E,8,0.000,F,8,0.00,?,0,0,1,D,9,45,C,8
12/01/1978,18:00,0,82,1,1,13,0,1,9,1,1,13,0,1,13,0,1,9,0,1,13,0,1,21,10,B,8,10,B,8,-1.1,B,8,-2.8,B,8,91,B,8,980,B,8,290,B,8,3.1,B,8,1333,C,8,160,B,8,0.9,E,8,0.000,F,8,0.00,?,0,0,1,D,9,45,C,8
12/01/1978,19:00,0,0,0,1,0,0,1,0,0,1,0,0,1,0,0,1,0,0,1,0,0,1,0,10,A,7,10,A,7,-1.7,A,7,-2.8,A,7,92,A,7,981,A,7,270,A,7,2.6,A,7,1600,B,7,180,A,7,0.9,E,8,0.000,?,0,0.00,?,0,0,1,D,9,45,C,8
12/01/1978,20:00,0,0,0,1,0,0,1,0,0,1,0,0,1,0,0,1,0,0,1,0,0,1,0,10,B,8,9,B,8,-2.2,B,8,-4.3,B,8,88,B,8,982,B,8,280,B,8,3.1,B,8,4833,C,8,830,B,8,0.8,E,8,0.000,?,0,0.00,?,0,0,1,D,9,45,C,8
12/01/1978,21:00,0,0,0,1,0,0,1,0,0,1,0,0,1,0,0,1,0,0,1,0,0,1,0,10,B,8,9,B,8,-2.8,B,8,-5.3,B,8,85,B,8,983,B,8,300,B,8,3.6,B,8,8066,C,8,1480,B,8,0.8,E,8,0.000,?,0,0.00,?,0,0,1,D,9,45,C,8
12/01/1978,22:00,0,0,0,1,0,0,1,0,0,1,0,0,1,0,0,1,0,0,1,0,0,1,0,10,A,7,8,A,7,-3.3,A,7,-6.1,A,7,81,A,7,983,A,7,310,A,7,4.1,A,7,11300,B,7,2130,A,7,0.7,E,8,0.000,?,0,0.00,?,0,0,1,D,9,00,C,8
12/01/1978,23:00,0,0,0,1,0,0,1,0,0,1,0,0,1,0,0,1,0,0,1,0,0,1,0,8,B,8,7,B,8,-4.6,B,8,-7.4,B,8,83,B,8,984,B,8,310,B,8,3.2,B,8,12900,C,8,77777,B,8,0.7,E,8,0.000,?,0,0.00,?,0,0,1,D,9,00,C,8
12/01/1978,24:00,0,0,0,1,0,0,1,0,0,1,0,0,1,0,0,1,0,0,1,0,0,1,0,6,B,8,5,B,8,-5.9,B,8,-8.3,B,8,86,B,8,985,B,8,310,B,8,2.4,B,8,14500,C,8,77777,B,8,0.7,E,8,0.000,?,0,0.00,?,0,0,1,D,9,00,C,8
12/02/1978,01:00,0,0,0,1,0,0,1,0,0,1,0,0,1,0,0,1,0,0,1,0,0,1,0,4,A,7,4,A,7,-7.2,A,7,-8.9,A,7,88,A,7,985,A,7,310,A,7,1.5,A,7,16100,B,7,77777,A,7,0.6,E,8,0.000,?,0,0.00,?,0,0,1,D,9,00,C,8
12/02/1978,02:00,0,0,0,1,0,0,1,0,0,1,0,0,1,0,0,1,0,0,1,0,0,1,0,5,B,8,5,B,8,-9.2,B,8,-11.3,B,8,88,B,8,986,B,8,330,B,8,1.0,B,8,16633,C,8,77777,B,8,0.6,E,8,0.000,?,0,0.00,?,0,0,1,D,9,00,C,8
12/02/1978,03:00,0,0,0,1,0,0,1,0,0,1,0,0,1,0,0,1,0,0,1,0,0,1,0,5,B,8,5,B,8,-11.3,B,8,-13.4,B,8,87,B,8,987,B,8,340,B,8,0.5,B,8,17166,C,8,77777,B,8,0.5,E,8,0.000,?,0,0.00,?,0,0,1,D,9,00,C,8
12/02/1978,04:00,0,0,0,1,0,0,1,0,0,1,0,0,1,0,0,1,0,0,1,0,0,1,0,6,A,7,6,A,7,-13.3,A,7,-15.0,A,7,87,A,7,987,A,7,0,A,7,0.0,A,7,17700,B,7,3050,A,7,0.5,E,8,0.000,?,0,0.00,?,0,0,1,D,9,00,C,8
12/02/1978,05:00,0,0,0,1,0,0,1,0,0,1,0,0,1,0,0,1,0,0,1,0,0,1,0,6,B,8,6,B,8,-12.4,B,8,-14.3,B,8,89,B,8,988,B,8,330,B,8,0.5,B,8,17700,C,8,2947,B,8,0.5,E,8,0.000,?,0,0.00,?,0,0,1,D,9,00,C,8
12/02/1978,06:00,0,0,0,1,0,0,1,0,0,1,0,0,1,0,0,1,0,0,1,0,0,1,0,6,B,8,6,B,8,-11.5,B,8,-13.1,B,8,90,B,8,989,B,8,310,B,8,1.0,B,8,17700,C,8,2843,B,8,0.5,E,8,0.000,?,0,0.00,?,0,0,1,D,9,00,C,8
12/02/1978,07:00,0,0,0,1,0,0,1,0,0,1,0,0,1,0,0,1,0,0,1,0,0,1,0,6,A,7,6,A,7,-10.6,A,7,-11.7,A,7,92,A,7,990,A,7,280,A,7,1.5,A,7,17700,B,7,2740,A,7,0.6,E,8,0.000,?,0,0.00,?,0,0,1,D,9,00,C,8
12/02/1978,08:00,2,199,1,1,18,1,1,18,1,1,18,0,1,18,0,1,18,0,1,18,0,1,31,7,B,8,5,B,8,-9.8,B,8,-12.0,B,8,88,B,8,990,B,8,310,B,8,1.5,B,8,18766,C,8,77777,B,8,0.6,E,8,0.000,F,8,0.00,?,0,0,1,D,9,00,C,8
12/02/1978,09:00,133,1407,57,1,18,153,1,18,42,1,18,59,1,18,70,1,18,52,1,18,81,1,31,7,B,8,4,B,8,-9.1,B,8,-11.9,B,8,85,B,8,990,B,8,350,B,8,1.5,B,8,19833,C,8,77777,B,8,0.6,E,8,0.000,F,8,0.00,?,0,0,1,D,9,00,C,8
12/02/1978,10:00,326,1407,175,1,13,361,1,13,91,1,13,179,1,13,289,1,13,112,1,13,171,1,23,8,A,7,3,A,7,-8.3,A,7,-11.1,A,7,81,A,7,991,A,7,20,A,7,1.5,A,7,20900,B,7,77777,A,7,0.6,E,8,0.000,F,8,0.00,?,0,0,1,D,9,00,C,8
12/02/1978,11:00,475,1407,253,1,18,310,1,18,148,1,18,266,1,18,291,1,18,167,1,18,309,1,31,9,B,8,4,B,8,-7.0,B,8,-10.3,B,8,79,B,8,991,B,8,20,B,8,1.9,B,8,20900,C,8,77777,B,8,0.6,E,8,0.000,F,8,0.00,?,0,0,1,D,9,00,C,8
12/02/1978,12:00,568,1407,315,1,18,370,1,18,164,1,18,334,1,18,367,1,18,185,1,18,348,1,31,9,B,8,4,B,8,-5.7,B,8,-9.5,B,8,77,B,8,991,B,8,30,B,8,2.2,B,8,20900,C,8,77777,B,8,0.6,E,8,0.000,F,8,0.00,?,0,0,1,D,9,00,C,8
12/02/1978,13:00,598,1407,380,1,13,452,1,13,186,1,13,388,1,13,438,1,13,201,1,13,383,1,23,10,A,7,5,A,7,-4.4,A,7,-8.3,A,7,75,A,7,991,A,7,30,A,7,2.6,A,7,20900,B,7,77777,A,7,0.7,E,8,0.000,F,8,0.00,?,0,0,1,D,9,00,C,8
12/02/1978,14:00,563,1407,317,1,18,348,1,18,176,1,18,334,1,18,344,1,18,195,1,18,379,1,31,10,B,8,5,B,8,-4.4,B,8,-8.7,B,8,75,B,8,991,B,8,50,B,8,2.8,B,8,20900,C,8,77777,B,8,0.7,E,8,0.000,F,8,0.00,?,0,0,1,D,9,00,C,8
12/02/1978,15:00,466,1407,277,1,18,356,1,18,158,1,18,288,1,18,332,1,18,178,1,18,336,1,31,10,B,8,5,B,8,-4.4,B,8,-8.7,B,8,75,B,8,991,B,8,60,B,8,2.9,B,8,20900,C,8,77777,B,8,0.7,E,8,0.000,F,8,0.00,?,0,0,1,D,9,00,C,8
12/02/1978,16:00,312,1407,153,1,13,255,1,13,96,1,13,160,1,13,202,1,13,115,1,13,192,1,23,10,A,7,5,A,7,-4.4,A,7,-8.3,A,7,75,A,7,991,A,7,80,A,7,3.1,A,7,20900,B,7,77777,A,7,0.7,E,8,0.000,F,8,0.00,?,0,0,1,D,9,00,C,8
12/02/1978,17:00,116,1407,34,1,18,38,1,18,30,1,18,36,1,18,19,1,18,35,1,18,62,1,31,10,B,8,7,B,8,-4.8,B,8,-8.7,B,8,77,B,8,992,B,8,90,B,8,3.3,B,8,18233,C,8,77777,B,8,0.7,E,8,0.000,F,8,0.00,?,0,0,1,D,9,00,C,8
12/02/1978,18:00,0,82,1,1,13,0,1,9,1,1,13,0,1,13,0,1,9,0,1,13,0,1,21,10,B,8,8,B,8,-5.2,B,8,-8.7,B,8,79,B,8,992,B,8,100,B,8,3.4,B,8,15566,C,8,77777,B,8,0.7,E,8,0.000,F,8,0.00,?,0,0,1,D,9,00,C,8
12/02/1978,19:00,0,0,0,1,0,0,1,0,0,1,0,0,1,0,0,1,0,0,1,0,0,1,0,10,A,7,10,A,7,-5.6,A,7,-8.3,A,7,81,A,7,993,A,7,110,A,7,3.6,A,7,12900,B,7,1830,A,7,0.7,E,8,0.000,?,0,0.00,?,0,0,1,D,9,00,C,8
12/02/1978,20:00,0,0,0,1,0,0,1,0,0,1,0,0,1,0,0,1,0,0,1,0,0,1,0,10,B,8,10,B,8,-5.6,B,8,-8.5,B,8,82,B,8,992,B,8,100,B,8,4.1,B,8,12366,C,8,1627,B,8,0.7,E,8,0.000,?,0,0.00,?,0,0,1,D,9,00,C,8
12/02/1978,21:00,0,0,0,1,0,0,1,0,0,1,0,0,1,0,0,1,0,0,1,0,0,1,0,10,B,8,10,B,8,-5.6,B,8,-8.3,B,8,84,B,8,991,B,8,90,B,8,4.7,B,8,11833,C,8,1423,B,8,0.7,E,8,0.000,?,0,0.00,?,0,0,1,D,9,00,C,8
12/02/1978,22:00,0,0,0,1,0,0,1,0,0,1,0,0,1,0,0,1,0,0,1,0,0,1,0,10,A,7,10,A,7,-5.6,A,7,-7.8,A,7,85,A,7,991,A,7,80,A,7,5.2,A,7,11300,B,7,1220,A,7,0.7,E,8,0.000,?,0,0.00,?,0,0,1,D,9,71,C,8
12/02/1978,23:00,0,0,0,1,0,0,1,0,0,1,0,0,1,0,0,1,0,0,1,0,0,1,0,10,B,8,10,B,8,-5.6,B,8,-7.8,B,8,87,B,8,990,B,8,80,B,8,5.9,B,8,9133,C,8,937,B,8,0.7,E,8,0.000,?,0,0.00,?,0,0,1,D,9,71,C,8
12/02/1978,24:00,0,0,0,1,0,0,1,0,0,1,0,0,1,0,0,1,0,0,1,0,0,1,0,10,B,8,10,B,8,-5.6,B,8,-7.4,B,8,90,B,8,989,B,8,80,B,8,6.5,B,8,6966,C,8,653,B,8,0.7,E,8,0.000,?,0,0.00,?,0,0,1,D,9,71,C,8
12/03/1978,01:00,0,0,0,1,0,0,1,0,0,1,0,0,1,0,0,1,0,0,1,0,0,1,0,10,A,7,10,A,7,-5.6,A,7,-6.7,A,7,92,A,7,988,A,7,80,A,7,7.2,A,7,4800,B,7,370,A,7,0.7,E,8,0.000,?,0,0.00,?,0,0,1,D,9,71,C,8
12/03/1978,02:00,0,0,0,1,0,0,1,0,0,1,0,0,1,0,0,1,0,0,1,0,0,1,0,10,B,8,10,B,8,-4.5,B,8,-5.9,B,8,92,B,8,987,B,8,90,B,8,7.4,B,8,4800,C,8,297,B,8,0.8,E,8,0.000,?,0,0.00,?,0,0,1,D,9,45,C,8
12/03/1978,03:00,0,0,0,1,0,0,1,0,0,1,0,0,1,0,0,1,0,0,1,0,0,1,0,10,B,8,10,B,8,-3.3,B,8,-4.8,B,8,92,B,8,985,B,8,100,B,8,7.5,B,8,4800,C,8,223,B,8,0.8,E,8,0.000,?,0,0.00,?,0,0,1,D,9,45,C,8
12/03/1978,04:00,0,0,0,1,0,0,1,0,0,1,0,0,1,0,0,1,0,0,1,0,0,1,0,10,A,7,10,A,7,-2.2,A,7,-3.3,A,7,92,A,7,983,A,7,110,A,7,7.7,A,7,4800,B,7,150,A,7,0.9,E,8,0.000,?,0,0.00,?,0,0,1,D,9,45,C,8
12/03/1978,05:00,0,0,0,1,0,0,1,0,0,1,0,0,1,0,0,1,0,0,1,0,0,1,0,10,B,8,10,B,8,-1.3,B,8,-3.0,B,8,91,B,8,982,B,8,110,B,8,7.0,B,8,4800,C,8,180,B,8,0.9,E,8,0.000,?,0,0.00,?,0,0,1,D,9,66,C,8
12/03/1978,06:00,0,0,0,1,0,0,1,0,0,1,0,0,1,0,0,1,0,0,1,0,0,1,0,10,B,8,10,B,8,-0.3,B,8,-2.2,B,8,90,B,8,981,B,8,110,B,8,6.4,B,8,4800,C,8,210,B,8,1.0,E,8,0.000,?,0,0.00,?,0,0,1,D,9,66,C,8
12/03/1978,07:00,0,0,0,1,0,0,1,0,0,1,0,0,1,0,0,1,0,0,1,0,0,1,0,10,A,7,10,A,7,0.6,A,7,-1.1,A,7,89,A,7,980,A,7,110,A,7,5.7,A,7,4800,B,7,240,A,7,1.0,E,8,0.000,?,0,0.00,?,0,0,1,D,9,66,C,8
12/03/1978,08:00,1,176,1,1,13,0,1,9,1,1,13,0,1,13,0,1,9,0,1,13,0,1,21,10,B,8,10,B,8,0.8,B,8,-1.3,B,8,90,B,8,979,B,8,120,B,8,4.8,B,8,3733,C,8,190,B,8,1.0,E,8,0.000,F,8,0.00,?,0,0,1,D,9,45,C,8
12/03/1978,09:00,129,1408,30,1,13,3,1,9,30,1,13,34,1,13,0,1,9,34,1,13,99,1,21,10,B,8,10,B,8,0.9,B,8,-1.0,B,8,91,B,8,978,B,8,120,B,8,4.0,B,8,2666,C,8,140,B,8,1.0,E,8,0.000,F,8,0.00,?,0,0,1,D,9,45,C,8
12/03/1978,10:00,322,1408,108,1,13,6,1,9,106,1,13,117,1,13,3,1,9,117,1,13,333,1,21,10,A,7,10,A,7,1.1,A,7,0.0,A,7,92,A,7,977,A,7,130,A,7,3.1,A,7,1600,B,7,90,A,7,1.0,E,8,0.000,F,8,0.00,?,0,0,1,D,9,45,C,8
12/03/1978,11:00,472,1408,137,1,9,6,1,9,135,1,13,153,1,9,4,1,9,152,1,13,484,1,18,10,B,8,10,B,8,1.5,B,8,0.4,B,8,93,B,8,975,B,8,130,B,8,3.1,B,8,1266,C,8,70,B,8,1.1,E,8,0.000,F,8,0.00,?,0,0,1,D,9,45,C,8
12/03/1978,12:00,565,1408,185,1,9,4,1,9,183,1,13,206,1,9,3,1,9,204,1,13,652,1,18,10,B,8,10,B,8,1.8,B,8,0.9,B,8,95,B,8,974,B,8,130,B,8,3.1,B,8,933,C,8,50,B,8,1.1,E,8,0.000,F,8,0.00,?,0,0,1,D,9,45,C,8
12/03/1978,13:00,595,1408,194,1,9,0,1,9,193,1,13,215,1,9,0,1,9,215,1,13,697,1,18,10,A,7,10,A,7,2.2,A,7,1.7,A,7,96,A,7,973,A,7,130,A,7,3.1,A,7,600,B,7,30,A,7,1.2,E,8,0.000,F,8,0.00,?,0,0,1,D,9,45,C,8
12/03/1978,14:00,561,1408,206,1,9,6,1,9,204,1,13,228,1,9,5,1,9,226,1,13,687,1,18,10,B,8,10,B,8,2.9,B,8,2.1,B,8,96,B,8,972,B,8,140,B,8,3.1,B,8,600,C,8,30,B,8,1.2,E,8,0.000,F,8,0.00,?,0,0,1,D,9,45,C,8
12/03/1978,15:00,463,1408,189,1,9,2,1,9,189,1,13,206,1,9,2,1,9,205,1,13,568,1,18,10,B,8,10,B,8,3.7,B,8,2.8,B,8,96,B,8,971,B,8,150,B,8,3.1,B,8,600,C,8,30,B,8,1.3,E,8,0.000,F,8,0.00,?,0,0,1,D,9,45,C,8
12/03/1978,16:00,311,1408,100,1,13,0,1,9,100,1,13,110,1,13,0,1,9,110,1,13,315,1,21,10,A,7,10,A,7,4.4,A,7,3.9,A,7,96,A,7,970,A,7,160,A,7,3.1,A,7,600,B,7,30,A,7,1.3,E,8,0.000,F,8,0.00,?,0,0,1,D,9,45,C,8
12/03/1978,17:00,115,1408,35,1,13,0,1,9,35,1,13,38,1,13,0,1,9,38,1,13,105,1,21,10,B,8,10,B,8,4.8,B,8,4.1,B,8,97,B,8,969,B,8,170,B,8,3.8,B,8,600,C,8,30,B,8,1.4,E,8,0.000,F,8,0.00,?,0,0,1,D,9,45,C,8
12/03/1978,18:00,0,82,2,1,13,0,1,9,2,1,13,0,1,13,0,1,9,0,1,13,0,1,21,10,B,8,10,B,8,5.2,B,8,4.6,B,8,99,B,8,968,B,8,190,B,8,4.5,B,8,600,C,8,30,B,8,1.4,E,8,0.000,F,8,0.00,?,0,0,1,D,9,45,C,8
12/03/1978,19:00,0,0,0,1,0,0,1,0,0,1,0,0,1,0,0,1,0,0,1,0,0,1,0,10,A,7,10,A,7,5.6,A,7,5.6,A,7,100,A,7,968,A,7,200,A,7,5.2,A,7,600,B,7,30,A,7,1.5,E,8,0.000,?,0,0.00,?,0,0,1,D,9,45,C,8
12/03/1978,20:00,0,0,0,1,0,0,1,0,0,1,0,0,1,0,0,1,0,0,1,0,0,1,0,10,B,8,10,B,8,4.5,B,8,3.7,B,8,97,B,8,968,B,8,220,B,8,6.4,B,8,1466,C,8,70,B,8,1.3,E,8,0.000,?,0,0.00,?,0,0,1,D,9,45,C,8
12/03/1978,21:00,0,0,0,1,0,0,1,0,0,1,0,0,1,0,0,1,0,0,1,0,0,1,0,10,B,8,10,B,8,3.3,B,8,2.3,B,8,95,B,8,968,B,8,230,B,8,7.6,B,8,2333,C,8,110,B,8,1.2,E,8,0.000,?,0,0.00,?,0,0,1,D,9,45,C,8
12/03/1978,22:00,0,0,0,1,0,0,1,0,0,1,0,0,1,0,0,1,0,0,1,0,0,1,0,10,A,7,10,A,7,2.2,A,7,1.1,A,7,92,A,7,968,A,7,250,A,7,8.8,A,7,3200,B,7,150,A,7,1.1,E,8,0.000,?,0,0.00,?,0,0,1,D,9,45,C,8
12/03/1978,23:00,0,0,0,1,0,0,1,0,0,1,0,0,1,0,0,1,0,0,1,0,0,1,0,10,B,8,10,B,8,1.8,B,8,0.3,B,8,92,B,8,968,B,8,250,B,8,9.3,B,8,3733,C,8,160,B,8,1.1,E,8,0.000,?,0,0.00,?,0,0,1,D,9,45,C,8
12/03/1978,24:00,0,0,0,1,0,0,1,0,0,1,0,0,1,0,0,1,0,0,1,0,0,1,0,10,B,8,10,B,8,1.5,B,8,0.0,B,8,92,B,8,967,B,8,260,B,8,9.8,B,8,4266,C,8,170,B,8,1.1,E,8,0.000,?,0,0.00,?,0,0,1,D,9,45,C,8
12/04/1978,01:00,0,0,0,1,0,0,1,0,0,1,0,0,1,0,0,1,0,0,1,0,0,1,0,10,A,7,10,A,7,1.1,A,7,0.0,A,7,92,A,7,967,A,7,260,A,7,10.3,A,7,4800,B,7,180,A,7,1.0,E,8,0.000,?,0,0.00,?,0,0,1,D,9,45,C,8
12/04/1978,02:00,0,0,0,1,0,0,1,0,0,1,0,0,1,0,0,1,0,0,1,0,0,1,0,10,B,8,10,B,8,0.0,B,8,-1.8,B,8,90,B,8,967,B,8,260,B,8,10.3,B,8,7500,C,8,233,B,8,1.0,E,8,0.000,?,0,0.00,?,0,0,1,D,9,45,C,8
12/04/1978,03:00,0,0,0,1,0,0,1,0,0,1,0,0,1,0,0,1,0,0,1,0,0,1,0,10,B,8,10,B,8,-1.1,B,8,-3.3,B,8,87,B,8,967,B,8,260,B,8,10.3,B,8,10200,C,8,287,B,8,0.9,E,8,0.000,?,0,0.00,?,0,0,1,D,9,00,C,8
12/04/1978,04:00,0,0,0,1,0,0,1,0,0,1,0,0,1,0,0,1,0,0,1,0,0,1,0,10,A,7,10,A,7,-2.2,A,7,-4.4,A,7,85,A,7,967,A,7,260,A,7,10.3,A,7,12900,B,7,340,A,7,0.8,E,8,0.000,?,0,0.00,?,0,0,1,D,9,00,C,8
12/04/1978,05:00,0,0,0,1,0,0,1,0,0,1,0,0,1,0,0,1,0,0,1,0,0,1,0,10,B,8,10,B,8,-2.9,B,8,-5.7,B,8,84,B,8,967,B,8,260,B,8,10.6,B,8,13433,C,8,340,B,8,0.8,E,8,0.000,?,0,0.00,?,0,0,1,D,9,00,C,8
12/04/1978,06:00,0,0,0,1,0,0,1,0,0,1,0,0,1,0,0,1,0,0,1,0,0,1,0,10,B,8,10,B,8,-3.7,B,8,-6.6,B,8,82,B,8,967,B,8,250,B,8,11.0,B,8,13966,C,8,340,B,8,0.7,E,8,0.000,?,0,0.00,?,0,0,1,D,9,00,C,8
12/04/1978,07:00,0,0,0,1,0,0,1,0,0,1,0,0,1,0,0,1,0,0,1,0,0,1,0,10,A,7,10,A,7,-4.4,A,7,-7.2,A,7,81,A,7,967,A,7,250,A,7,11.3,A,7,14500,B,7,340,A,7,0.7,E,8,0.000,?,0,0.00,?,0,0,1,D,9,00,C,8
12/04/1978,08:00,1,153,1,1,13,0,1,9,1,1,13,0,1,13,0,1,9,0,1,13,0,1,21,10,B,8,10,B,8,-5.0,B,8,-8.1,B,8,82,B,8,968,B,8,250,B,8,11.0,B,8,10200,C,8,297,B,8,0.7,E,8,0.000,F,8,0.00,?,0,0,1,D,9,00,C,8
12/04/1978,09:00,125,1408,31,1,13,0,1,9,31,1,13,34,1,13,0,1,9,34,1,13,100,1,21,10,B,8,10,B,8,-5.5,B,8,-8.5,B,8,83,B,8,969,B,8,240,B,8,10.6,B,8,5900,C,8,253,B,8,0.7,E,8,0.000,F,8,0.00,?,0,0,1,D,9,85,C,8
12/04/1978,10:00,318,1408,108,1,13,1,1,9,108,1,13,118,1,13,1,1,9,118,1,13,333,1,21,10,A,7,10,A,7,-6.1,A,7,-8.3,A,7,84,A,7,970,A,7,240,A,7,10.3,A,7,1600,B,7,210,A,7,0.7,E,8,0.000,F,8,0.00,?,0,0,1,D,9,38,C,8
12/04/1978,11:00,468,1408,150,1,9,1,1,9,149,1,13,165,1,9,1,1,9,165,1,13,511,1,18,10,B,8,10,B,8,-6.1,B,8,-8.7,B,8,83,B,8,970,B,8,240,B,8,10.6,B,8,2133,C,8,333,B,8,0.6,E,8,0.000,F,8,0.00,?,0,0,1,D,9,38,C,8
12/04/1978,12:00,561,1408,197,1,9,1,1,9,197,1,13,218,1,9,1,1,9,218,1,13,676,1,18,10,B,8,10,B,8,-6.1,B,8,-8.9,B,8,82,B,8,970,B,8,250,B,8,11.0,B,8,2666,C,8,457,B,8,0.6,E,8,0.000,F,8,0.00,?,0,0,1,D,9,38,C,8
12/04/1978,13:00,592,1408,224,1,9,0,1,9,224,1,13,247,1,9,0,1,9,247,1,13,751,1,18,10,A,7,10,A,7,-6.1,A,7,-8.9,A,7,81,A,7,970,A,7,250,A,7,11.3,A,7,3200,B,7,580,A,7,0.6,E,8,0.000,F,8,0.00,?,0,0,1,D,9,85,C,8
12/04/1978,14:00,558,1408,313,1,18,378,1,18,162,1,18,332,1,18,373,1,18,183,1,18,343,1,31,7,B,8,7,B,8,-5.7,B,8,-9.4,B,8,78,B,8,970,B,8,240,B,8,10.1,B,8,5900,C,8,77777,B,8,0.6,E,8,0.000,F,8,0.00,?,0,0,1,D,9,85,C,8
12/04/1978,15:00,462,1408,277,1,18,459,1,18,124,1,18,284,1,18,417,1,18,147,1,18,238,1,31,3,B,8,3,B,8,-5.4,B,8,-9.6,B,8,74,B,8,969,B,8,240,B,8,8.9,B,8,8600,C,8,77777,B,8,0.6,E,8,0.000,F,8,0.00,?,0,0,1,D,9,00,C,8
12/04/1978,16:00,309,1408,171,1,13,526,1,9,53,1,13,174,1,13,419,1,9,82,1,13,97,1,21,0,A,7,0,A,7,-5.0,A,7,-9.4,A,7,71,A,7,969,A,7,230,A,7,7.7,A,7,11300,B,7,77777,A,7,0.6,E,8,0.000,F,8,0.00,?,0,0,1,D,9,00,C,8
12/04/1978,17:00,114,1408,40,1,18,163,1,18,27,1,18,42,1,18,74,1,18,36,1,18,48,1,31,3,B,8,3,B,8,-4.6,B,8,-9.2,B,8,72,B,8,968,B,8,220,B,8,7.4,B,8,12900,C,8,77777,B,8,0.6,E,8,0.000,F,8,0.00,?,0,0,1,D,9,00,C,8
12/04/1978,18:00,0,82,0,1,0,0,1,0,0,1,0,0,1,1,0,1,2,0,1,2,0,1,1,7,B,8,7,B,8,-4.3,B,8,-8.7,B,8,74,B,8,968,B,8,220,B,8,7.0,B,8,14500,C,8,77777,B,8,0.7,E,8,0.000,?,0,0.00,?,0,0,1,D,9,00,C,8
12/04/1978,19:00,0,0,0,1,0,0,1,0,0,1,0,0,1,0,0,1,0,0,1,0,0,1,0,10,A,7,10,A,7,-3.9,A,7,-7.8,A,7,75,A,7,967,A,7,210,A,7,6.7,A,7,16100,B,7,2130,A,7,0.7,E,8,0.000,?,0,0.00,?,0,0,1,D,9,00,C,8
12/04/1978,20:00,0,0,0,1,0,0,1,0,0,1,0,0,1,0,0,1,0,0,1,0,0,1,0,10,B,8,10,B,8,-3.2,B,8,-7.4,B,8,75,B,8,966,B,8,210,B,8,8.6,B,8,15033,C,8,1673,B,8,0.7,E,8,0.000,?,0,0.00,?,0,0,1,D,9,71,C,8
12/04/1978,21:00,0,0,0,1,0,0,1,0,0,1,0,0,1,0,0,1,0,0,1,0,0,1,0,10,B,8,10,B,8,-2.4,B,8,-6.7,B,8,75,B,8,966,B,8,220,B,8,10.5,B,8,13966,C,8,1217,B,8,0.7,E,8,0.000,?,0,0.00,?,0,0,1,D,9,71,C,8
12/04/1978,22:00,0,0,0,1,0,0,1,0,0,1,0,0,1,0,0,1,0,0,1,0,0,1,0,10,A,7,10,A,7,-1.7,A,7,-5.6,A,7,75,A,7,965,A,7,220,A,7,12.4,A,7,12900,B,7,760,A,7,0.8,E,8,0.000,?,0,0.00,?,0,0,1,D,9,00,C,8
12/04/1978,23:00,0,0,0,1,0,0,1,0,0,1,0,0,1,0,0,1,0,0,1,0,0,1,0,10,B,8,10,B,8,-1.3,B,8,-5.6,B,8,75,B,8,965,B,8,220,B,8,12.0,B,8,13433,C,8,740,B,8,0.8,E,8,0.000,?,0,0.00,?,0,0,1,D,9,00,C,8
12/04/1978,24:00,0,0,0,1,0,0,1,0,0,1,0,0,1,0,0,1,0,0,1,0,0,1,0,10,B,8,10,B,8,-1.0,B,8,-5.2,B,8,75,B,8,965,B,8,230,B,8,11.7,B,8,13966,C,8,720,B,8,0.8,E,8,0.000,?,0,0.00,?,0,0,1,D,9,00,C,8
12/05/1978,01:00,0,0,0,1,0,0,1,0,0,1,0,0,1,0,0,1,0,0,1,0,0,1,0,10,A,7,10,A,7,-0.6,A,7,-4.4,A,7,75,A,7,965,A,7,230,A,7,11.3,A,7,14500,B,7,700,A,7,0.8,E,8,0.000,?,0,0.00,?,0,0,1,D,9,00,C,8
12/05/1978,02:00,0,0,0,1,0,0,1,0,0,1,0,0,1,0,0,1,0,0,1,0,0,1,0,10,B,8,10,B,8,-0.2,B,8,-4.4,B,8,75,B,8,966,B,8,230,B,8,10.6,B,8,15566,C,8,700,B,8,0.8,E,8,0.000,?,0,0.00,?,0,0,1,D,9,00,C,8
12/05/1978,03:00,0,0,0,1,0,0,1,0,0,1,0,0,1,0,0,1,0,0,1,0,0,1,0,10,B,8,10,B,8,0.2,B,8,-4.1,B,8,75,B,8,966,B,8,230,B,8,10.0,B,8,16633,C,8,700,B,8,0.8,E,8,0.000,?,0,0.00,?,0,0,1,D,9,00,C,8
12/05/1978,04:00,0,0,0,1,0,0,1,0,0,1,0,0,1,0,0,1,0,0,1,0,0,1,0,10,A,7,10,A,7,0.6,A,7,-3.3,A,7,75,A,7,967,A,7,230,A,7,9.3,A,7,17700,B,7,700,A,7,0.9,E,8,0.000,?,0,0.00,?,0,0,1,D,9,00,C,8
12/05/1978,05:00,0,0,0,1,0,0,1,0,0,1,0,0,1,0,0,1,0,0,1,0,0,1,0,8,B,8,8,B,8,0.4,B,8,-3.7,B,8,76,B,8,967,B,8,220,B,8,8.9,B,8,17700,C,8,77777,B,8,0.9,E,8,0.000,?,0,0.00,?,0,0,1,D,9,00,C,8
12/05/1978,06:00,0,0,0,1,0,0,1,0,0,1,0,0,1,0,0,1,0,0,1,0,0,1,0,7,B,8,7,B,8,0.2,B,8,-3.6,B,8,78,B,8,968,B,8,220,B,8,8.6,B,8,17700,C,8,77777,B,8,0.9,E,8,0.000,?,0,0.00,?,0,0,1,D,9,00,C,8
12/05/1978,07:00,0,0,0,1,0,0,1,0,0,1,0,0,1,0,0,1,0,0,1,0,0,1,0,5,A,7,5,A,7,0.0,A,7,-3.3,A,7,79,A,7,969,A,7,210,A,7,8.2,A,7,17700,B,7,77777,A,7,0.9,E,8,0.000,?,0,0.00,?,0,0,1,D,9,00,C,8
12/05/1978,08:00,1,129,1,1,18,2,1,18,1,1,18,0,1,18,0,1,18,0,1,18,0,1,31,6,B,8,5,B,8,0.2,B,8,-3.5,B,8,80,B,8,969,B,8,210,B,8,7.5,B,8,17166,C,8,77777,B,8,0.9,E,8,0.000,F,8,0.00,?,0,0,1,D,9,00,C,8
12/05/1978,09:00,121,1409,47,1,18,169,1,18,32,1,18,48,1,18,79,1,18,41,1,18,58,1,31,6,B,8,4,B,8,0.4,B,8,-3.2,B,8,81,B,8,969,B,8,220,B,8,6.9,B,8,16633,C,8,77777,B,8,0.9,E,8,0.000,F,8,0.00,?,0,0,1,D,9,00,C,8
12/05/1978,10:00,315,1409,139,1,13,115,1,13,113,1,13,148,1,13,93,1,13,127,1,13,246,1,23,7,A,7,4,A,7,0.6,A,7,-2.2,A,7,82,A,7,970,A,7,220,A,7,6.2,A,7,16100,B,7,2130,A,7,0.9,E,8,0.000,F,8,0.00,?,0,0,1,D,9,00,C,8
12/05/1978,11:00,465,1409,195,1,18,201,1,18,128,1,18,206,1,18,188,1,18,144,1,18,259,1,31,8,B,8,6,B,8,1.1,B,8,-2.4,B,8,79,B,8,970,B,8,220,B,8,6.9,B,8,15566,C,8,2640,B,8,0.9,E,8,0.000,F,8,0.00,?,0,0,1,D,9,00,C,8
12/05/1978,12:00,558,1409,200,1,9,53,1,9,179,1,13,219,1,9,51,1,9,199,1,13,489,1,18,9,B,8,8,B,8,1.7,B,8,-2.4,B,8,76,B,8,970,B,8,230,B,8,7.5,B,8,15033,C,8,3150,B,8,0.9,E,8,0.000,F,8,0.00,?,0,0,1,D,9,00,C,8
12/05/1978,13:00,590,1409,170,1,9,5,1,9,168,1,13,192,1,9,4,1,9,190,1,13,636,1,18,10,A,7,10,A,7,2.2,A,7,-2.2,A,7,73,A,7,971,A,7,230,A,7,8.2,A,7,14500,B,7,3660,A,7,0.9,E,8,0.000,F,8,0.00,?,0,0,1,D,9,00,C,8
12/05/1978,14:00,556,1409,130,1,9,0,1,9,130,1,13,149,1,9,0,1,9,149,1,13,516,1,18,10,B,8,10,B,8,1.8,B,8,-2.0,B,8,78,B,8,971,B,8,230,B,8,7.4,B,8,10200,C,8,2520,B,8,1.0,E,8,0.000,F,8,0.00,?,0,0,1,D,9,85,C,8
12/05/1978,15:00,460,1409,113,1,9,6,1,9,111,1,13,128,1,9,4,1,9,127,1,13,418,1,18,10,B,8,10,B,8,1.5,B,8,-1.5,B,8,84,B,8,972,B,8,230,B,8,6.5,B,8,5900,C,8,1380,B,8,1.0,E,8,0.000,F,8,0.00,?,0,0,1,D,9,85,C,8
12/05/1978,16:00,308,1409,85,1,13,1,1,9,85,1,13,95,1,13,0,1,9,94,1,13,285,1,21,10,A,7,10,A,7,1.1,A,7,-0.6,A,7,89,A,7,972,A,7,230,A,7,5.7,A,7,1600,B,7,240,A,7,1.0,E,8,0.000,F,8,0.00,?,0,0,1,D,9,45,C,8
12/05/1978,17:00,113,1409,23,1,13,1,1,9,23,1,13,26,1,13,0,1,9,26,1,13,79,1,21,10,B,8,10,B,8,0.9,B,8,-1.0,B,8,90,B,8,973,B,8,220,B,8,5.5,B,8,1866,C,8,240,B,8,1.0,E,8,0.000,F,8,0.00,?,0,0,1,D,9,45,C,8
12/05/1978,18:00,0,59,0,1,0,0,1,0,0,1,0,0,1,1,0,1,2,0,1,2,0,1,1,10,B,8,10,B,8,0.8,B,8,-1.0,B,8,91,B,8,974,B,8,220,B,8,5.4,B,8,2133,C,8,240,B,8,1.0,E,8,0.000,?,0,0.00,?,0,0,1,D,9,45,C,8
12/05/1978,19:00,0,0,0,1,0,0,1,0,0,1,0,0,1,0,0,1,0,0,1,0,0,1,0,10,A,7,10,A,7,0.6,A,7,-0.6,A,7,92,A,7,974,A,7,210,A,7,5.2,A,7,2400,B,7,240,A,7,1.0,E,8,0.000,?,0,0.00,?,0,0,1,D,9,45,C,8
12/05/1978,20:00,0,0,0,1,0,0,1,0,0,1,0,0,1,0,0,1,0,0,1,0,0,1,0,10,B,8,10,B,8,0.6,B,8,-1.0,B,8,92,B,8,975,B,8,220,B,8,4.8,B,8,2266,C,8,230,B,8,1.0,E,8,0.000,?,0,0.00,?,0,0,1,D,9,45,C,8
12/05/1978,21:00,0,0,0,1,0,0,1,0,0,1,0,0,1,0,0,1,0,0,1,0,0,1,0,10,B,8,10,B,8,0.6,B,8,-0.9,B,8,92,B,8,975,B,8,220,B,8,4.5,B,8,2133,C,8,220,B,8,1.0,E,8,0.000,?,0,0.00,?,0,0,1,D,9,45,C,8
12/05/1978,22:00,0,0,0,1,0,0,1,0,0,1,0,0,1,0,0,1,0,0,1,0,0,1,0,10,A,7,10,A,7,0.6,A,7,-0.6,A,7,92,A,7,976,A,7,230,A,7,4.1,A,7,2000,B,7,210,A,7,1.0,E,8,0.000,?,0,0.00,?,0,0,1,D,9,45,C,8
12/05/1978,23:00,0,0,0,1,0,0,1,0,0,1,0,0,1,0,0,1,0,0,1,0,0,1,0,9,B,8,9,B,8,0.4,B,8,-1.2,B,8,92,B,8,976,B,8,230,B,8,3.9,B,8,2933,C,8,373,B,8,1.0,E,8,0.000,?,0,0.00,?,0,0,1,D,9,45,C,8
12/05/1978,24:00,0,0,0,1,0,0,1,0,0,1,0,0,1,0,0,1,0,0,1,0,0,1,0,8,B,8,8,B,8,0.2,B,8,-1.3,B,8,92,B,8,977,B,8,230,B,8,3.8,B,8,3866,C,8,537,B,8,1.0,E,8,0.000,?,0,0.00,?,0,0,1,D,9,45,C,8
12/06/1978,01:00,0,0,0,1,0,0,1,0,0,1,0,0,1,0,0,1,0,0,1,0,0,1,0,7,A,7,7,A,7,0.0,A,7,-1.1,A,7,92,A,7,977,A,7,230,A,7,3.6,A,7,4800,B,7,700,A,7,1.0,E,8,0.000,?,0,0.00,?,0,0,1,D,9,45,C,8
12/06/1978,02:00,0,0,0,1,0,0,1,0,0,1,0,0,1,0,0,1,0,0,1,0,0,1,0,6,B,8,6,B,8,-0.4,B,8,-2.0,B,8,91,B,8,977,B,8,230,B,8,3.4,B,8,8033,C,8,77777,B,8,1.0,E,8,0.000,?,0,0.00,?,0,0,1,D,9,45,C,8
12/06/1978,03:00,0,0,0,1,0,0,1,0,0,1,0,0,1,0,0,1,0,0,1,0,0,1,0,5,B,8,5,B,8,-0.7,B,8,-2.6,B,8,90,B,8,978,B,8,240,B,8,3.3,B,8,11266,C,8,77777,B,8,0.9,E,8,0.000,?,0,0.00,?,0,0,1,D,9,00,C,8
12/06/1978,04:00,0,0,0,1,0,0,1,0,0,1,0,0,1,0,0,1,0,0,1,0,0,1,0,4,A,7,4,A,7,-1.1,A,7,-2.8,A,7,89,A,7,978,A,7,240,A,7,3.1,A,7,14500,B,7,77777,A,7,0.9,E,8,0.000,?,0,0.00,?,0,0,1,D,9,00,C,8
12/06/1978,05:00,0,0,0,1,0,0,1,0,0,1,0,0,1,0,0,1,0,0,1,0,0,1,0,6,B,8,6,B,8,-0.9,B,8,-3.0,B,8,89,B,8,979,B,8,240,B,8,3.3,B,8,14500,C,8,77777,B,8,0.9,E,8,0.000,?,0,0.00,?,0,0,1,D,9,00,C,8
12/06/1978,06:00,0,0,0,1,0,0,1,0,0,1,0,0,1,0,0,1,0,0,1,0,0,1,0,8,B,8,8,B,8,-0.8,B,8,-2.7,B,8,89,B,8,980,B,8,240,B,8,3.4,B,8,14500,C,8,77777,B,8,0.9,E,8,0.000,?,0,0.00,?,0,0,1,D,9,00,C,8
12/06/1978,07:00,0,0,0,1,0,0,1,0,0,1,0,0,1,0,0,1,0,0,1,0,0,1,0,10,A,7,10,A,7,-0.6,A,7,-2.2,A,7,89,A,7,981,A,7,240,A,7,3.6,A,7,14500,B,7,2130,A,7,0.9,E,8,0.000,?,0,0.00,?,0,0,1,D,9,00,C,8
12/06/1978,08:00,0,106,0,1,13,0,1,9,0,1,13,0,1,13,0,1,9,0,1,13,0,1,21,10,B,8,10,B,8,-0.6,B,8,-3.1,B,8,87,B,8,983,B,8,250,B,8,3.4,B,8,14500,C,8,2130,B,8,0.9,E,8,0.000,F,8,0.00,?,0,0,1,D,9,00,C,8
12/06/1978,09:00,118,1409,24,1,13,1,1,9,24,1,13,27,1,13,0,1,9,27,1,13,82,1,21,10,B,8,10,B,8,-0.6,B,8,-3.5,B,8,84,B,8,984,B,8,250,B,8,3.3,B,8,14500,C,8,2130,B,8,0.9,E,8,0.000,F,8,0.00,?,0,0,1,D,9,00,C,8
12/06/1978,10:00,311,1409,88,1,13,1,1,9,88,1,13,98,1,13,0,1,9,98,1,13,293,1,21,10,A,7,10,A,7,-0.6,A,7,-3.3,A,7,82,A,7,985,A,7,260,A,7,3.1,A,7,14500,B,7,2130,A,7,0.9,E,8,0.000,F,8,0.00,?,0,0,1,D,9,00,C,8
12/06/1978,11:00,461,1409,149,1,9,2,1,9,148,1,13,165,1,9,1,1,9,164,1,13,504,1,18,10,B,8,10,B,8,-0.8,B,8,-4.2,B,8,79,B,8,986,B,8,270,B,8,3.8,B,8,14500,C,8,2130,B,8,0.8,E,8,0.000,F,8,0.00,?,0,0,1,D,9,00,C,8
12/06/1978,12:00,555,1409,193,1,9,1,1,9,192,1,13,213,1,9,1,1,9,213,1,13,661,1,18,10,B,8,10,B,8,-0.9,B,8,-5.1,B,8,75,B,8,986,B,8,280,B,8,4.5,B,8,14500,C,8,2130,B,8,0.8,E,8,0.000,F,8,0.00,?,0,0,1,D,9,00,C,8
12/06/1978,13:00,587,1409,211,1,9,1,1,9,211,1,13,234,1,9,1,1,9,234,1,13,724,1,18,10,A,7,10,A,7,-1.1,A,7,-5.6,A,7,72,A,7,987,A,7,290,A,7,5.2,A,7,14500,B,7,2130,A,7,0.8,E,8,0.000,F,8,0.00,?,0,0,1,D,9,00,C,8
12/06/1978,14:00,554,1409,237,1,9,58,1,9,214,1,13,259,1,9,57,1,9,237,1,13,552,1,18,10,B,8,9,B,8,-1.3,B,8,-6.1,B,8,72,B,8,988,B,8,290,B,8,5.2,B,8,14500,C,8,2233,B,8,0.8,E,8,0.000,F,8,0.00,?,0,0,1,D,9,00,C,8
12/06/1978,15:00,458,1409,134,1,9,51,1,9,117,1,13,147,1,9,47,1,9,131,1,13,319,1,18,9,B,8,8,B,8,-1.5,B,8,-6.3,B,8,72,B,8,989,B,8,290,B,8,5.2,B,8,14500,C,8,2337,B,8,0.8,E,8,0.000,F,8,0.00,?,0,0,1,D,9,00,C,8
12/06/1978,16:00,307,1409,100,1,13,84,1,13,81,1,13,108,1,13,68,1,13,93,1,13,175,1,23,9,A,7,7,A,7,-1.7,A,7,-6.1,A,7,72,A,7,990,A,7,290,A,7,5.2,A,7,14500,B,7,2440,A,7,0.8,E,8,0.000,F,8,0.00,?,0,0,1,D,9,00,C,8
12/06/1978,17:00,113,1409,33,1,13,16,1,9,31,1,13,35,1,13,10,1,9,35,1,13,72,1,21,9,B,8,8,B,8,-2.1,B,8,-6.7,B,8,73,B,8,990,B,8,280,B,8,4.7,B,8,13433,C,8,2237,B,8,0.7,E,8,0.000,F,8,0.00,?,0,0,1,D,9,00,C,8
12/06/1978,18:00,0,59,0,1,0,0,1,0,0,1,0,0,1,1,0,1,2,0,1,2,0,1,1,10,B,8,9,B,8,-2.4,B,8,-6.9,B,8,74,B,8,991,B,8,280,B,8,4.1,B,8,12366,C,8,2033,B,8,0.7,E,8,0.000,?,0,0.00,?,0,0,1,D,9,00,C,8
12/06/1978,19:00,0,0,0,1,0,0,1,0,0,1,0,0,1,0,0,1,0,0,1,0,0,1,0,10,A,7,10,A,7,-2.8,A,7,-6.7,A,7,75,A,7,992,A,7,270,A,7,3.6,A,7,11300,B,7,1830,A,7,0.7,E,8,0.000,?,0,0.00,?,0,0,1,D,9,00,C,8
12/06/1978,20:00,0,0,0,1,0,0,1,0,0,1,0,0,1,0,0,1,0,0,1,0,0,1,0,10,B,8,10,B,8,-3.0,B,8,-7.4,B,8,74,B,8,992,B,8,300,B,8,2.4,B,8,11300,C,8,1830,B,8,0.7,E,8,0.000,?,0,0.00,?,0,0,1,D,9,00,C,8
12/06/1978,21:00,0,0,0,1,0,0,1,0,0,1,0,0,1,0,0,1,0,0,1,0,0,1,0,10,B,8,10,B,8,-3.1,B,8,-7.8,B,8,73,B,8,993,B,8,330,B,8,1.2,B,8,11300,C,8,1830,B,8,0.7,E,8,0.000,?,0,0.00,?,0,0,1,D,9,00,C,8
12/06/1978,22:00,0,0,0,1,0,0,1,0,0,1,0,0,1,0,0,1,0,0,1,0,0,1,0,10,A,7,10,A,7,-3.3,A,7,-7.8,A,7,72,A,7,993,A,7,0,A,7,0.0,A,7,11300,B,7,1830,A,7,0.7,E,8,0.000,?,0,0.00,?,0,0,1,D,9,00,C,8
12/06/1978,23:00,0,0,0,1,0,0,1,0,0,1,0,0,1,0,0,1,0,0,1,0,0,1,0,10,B,8,10,B,8,-3.7,B,8,-8.4,B,8,73,B,8,993,B,8,10,B,8,1.2,B,8,12366,C,8,1830,B,8,0.7,E,8,0.000,?,0,0.00,?,0,0,1,D,9,00,C,8
12/06/1978,24:00,0,0,0,1,0,0,1,0,0,1,0,0,1,0,0,1,0,0,1,0,0,1,0,10,B,8,10,B,8,-4.0,B,8,-8.5,B,8,74,B,8,994,B,8,10,B,8,2.4,B,8,13433,C,8,1830,B,8,0.7,E,8,0.000,?,0,0.00,?,0,0,1,D,9,00,C,8
12/07/1978,01:00,0,0,0,1,0,0,1,0,0,1,0,0,1,0,0,1,0,0,1,0,0,1,0,10,A,7,10,A,7,-4.4,A,7,-8.3,A,7,75,A,7,994,A,7,20,A,7,3.6,A,7,14500,B,7,1830,A,7,0.7,E,8,0.000,?,0,0.00,?,0,0,1,D,9,00,C,8
12/07/1978,02:00,0,0,0,1,0,0,1,0,0,1,0,0,1,0,0,1,0,0,1,0,0,1,0,10,B,8,10,B,8,-4.6,B,8,-8.5,B,8,77,B,8,993,B,8,30,B,8,4.1,B,8,13433,C,8,1677,B,8,0.7,E,8,0.000,?,0,0.00,?,0,0,1,D,9,00,C,8
12/07/1978,03:00,0,0,0,1,0,0,1,0,0,1,0,0,1,0,0,1,0,0,1,0,0,1,0,10,B,8,10,B,8,-4.8,B,8,-8.4,B,8,79,B,8,993,B,8,30,B,8,4.7,B,8,12366,C,8,1523,B,8,0.7,E,8,0.000,?,0,0.00,?,0,0,1,D,9,00,C,8
12/07/1978,04:00,0,0,0,1,0,0,1,0,0,1,0,0,1,0,0,1,0,0,1,0,0,1,0,10,A,7,10,A,7,-5.0,A,7,-7.8,A,7,81,A,7,993,A,7,40,A,7,5.2,A,7,11300,B,7,1370,A,7,0.7,E,8,0.000,?,0,0.00,?,0,0,1,D,9,00,C,8
12/07/1978,05:00,0,0,0,1,0,0,1,0,0,1,0,0,1,0,0,1,0,0,1,0,0,1,0,10,B,8,10,B,8,-5.2,B,8,-7.8,B,8,85,B,8,993,B,8,50,B,8,5.0,B,8,8066,C,8,943,B,8,0.7,E,8,0.000,?,0,0.00,?,0,0,1,D,9,00,C,8
12/07/1978,06:00,0,0,0,1,0,0,1,0,0,1,0,0,1,0,0,1,0,0,1,0,0,1,0,10,B,8,10,B,8,-5.4,B,8,-7.4,B,8,88,B,8,992,B,8,50,B,8,4.8,B,8,4833,C,8,517,B,8,0.7,E,8,0.000,?,0,0.00,?,0,0,1,D,9,71,C,8
12/07/1978,07:00,0,0,0,1,0,0,1,0,0,1,0,0,1,0,0,1,0,0,1,0,0,1,0,10,A,7,10,A,7,-5.6,A,7,-6.7,A,7,92,A,7,992,A,7,60,A,7,4.6,A,7,1600,B,7,90,A,7,0.7,E,8,0.000,?,0,0.00,?,0,0,1,D,9,71,C,8
12/07/1978,08:00,0,82,0,1,0,0,1,0,0,1,0,0,1,1,0,1,2,0,1,2,0,1,1,10,B,8,10,B,8,-5.0,B,8,-6.9,B,8,91,B,8,991,B,8,70,B,8,5.1,B,8,2133,C,8,253,B,8,0.7,E,8,0.000,?,0,0.00,?,0,0,1,D,9,73,C,8
12/07/1978,09:00,114,1409,24,1,13,5,1,9,24,1,13,28,1,13,0,1,9,28,1,13,81,1,21,10,B,8,10,B,8,-4.5,B,8,-6.6,B,8,89,B,8,990,B,8,70,B,8,5.7,B,8,2666,C,8,417,B,8,0.8,E,8,0.000,F,8,0.00,?,0,0,1,D,9,73,C,8
12/07/1978,10:00,308,1409,46,1,13,6,1,9,44,1,13,53,1,13,2,1,9,53,1,13,174,1,21,10,A,7,10,A,7,-3.9,A,7,-5.6,A,7,88,A,7,989,A,7,80,A,7,6.2,A,7,3200,B,7,580,A,7,0.8,E,8,0.000,F,8,0.00,?,0,0,1,D,9,66,C,8
12/07/1978,11:00,458,1409,174,1,9,10,1,9,171,1,13,190,1,9,8,1,9,188,1,13,539,1,18,10,B,8,10,B,8,-3.0,B,8,-4.6,B,8,89,B,8,988,B,8,70,B,8,5.2,B,8,3466,C,8,447,B,8,0.8,E,8,0.000,F,8,0.00,?,0,0,1,D,9,66,C,8
12/07/1978,12:00,553,1409,188,1,9,1,1,9,187,1,13,208,1,9,1,1,9,207,1,13,649,1,18,10,B,8,10,B,8,-2.0,B,8,-3.6,B,8,91,B,8,987,B,8,50,B,8,4.1,B,8,3733,C,8,313,B,8,0.9,E,8,0.000,F,8,0.00,?,0,0,1,D,9,45,C,8
12/07/1978,13:00,585,1409,115,1,9,1,1,9,114,1,13,133,1,9,1,1,9,133,1,13,478,1,18,10,A,7,10,A,7,-1.1,A,7,-2.2,A,7,92,A,7,986,A,7,40,A,7,3.1,A,7,4000,B,7,180,A,7,0.9,E,8,0.000,F,8,0.00,?,0,0,1,D,9,45,C,8
12/07/1978,14:00,552,1409,176,1,9,3,1,9,175,1,13,196,1,9,2,1,9,195,1,13,625,1,18,10,B,8,10,B,8,-0.9,B,8,-2.4,B,8,92,B,8,985,B,8,50,B,8,3.3,B,8,3200,C,8,140,B,8,0.9,E,8,0.000,F,8,0.00,?,0,0,1,D,9,45,C,8
12/07/1978,15:00,457,1409,157,1,9,4,1,9,155,1,13,172,1,9,3,1,9,171,1,13,513,1,18,10,B,8,10,B,8,-0.8,B,8,-2.2,B,8,92,B,8,985,B,8,50,B,8,3.4,B,8,2400,C,8,100,B,8,0.9,E,8,0.000,F,8,0.00,?,0,0,1,D,9,45,C,8
12/07/1978,16:00,306,1409,57,1,13,0,1,9,57,1,13,65,1,13,0,1,9,65,1,13,215,1,21,10,A,7,10,A,7,-0.6,A,7,-1.7,A,7,92,A,7,984,A,7,60,A,7,3.6,A,7,1600,B,7,60,A,7,1.0,E,8,0.000,F,8,0.00,?,0,0,1,D,9,45,C,8
12/07/1978,17:00,112,1409,31,1,13,1,1,9,31,1,13,34,1,13,0,1,9,34,1,13,97,1,21,10,B,8,10,B,8,-0.8,B,8,-2.1,B,8,93,B,8,984,B,8,40,B,8,2.4,B,8,1133,C,8,40,B,8,1.0,E,8,0.000,F,8,0.00,?,0,0,1,D,9,45,C,8
12/07/1978,18:00,0,59,0,1,0,0,1,0,0,1,0,0,1,1,0,1,2,0,1,2,0,1,1,10,B,8,10,B,8,-0.9,B,8,-2.1,B,8,95,B,8,984,B,8,20,B,8,1.2,B,8,666,C,8,20,B,8,1.0,E,8,0.000,?,0,0.00,?,0,0,1,D,9,45,C,8
12/07/1978,19:00,0,0,0,1,0,0,1,0,0,1,0,0,1,0,0,1,0,0,1,0,0,1,0,10,A,7,10,A,7,-1.1,A,7,-1.7,A,7,96,A,7,984,A,7,0,A,7,0.0,A,7,200,B,7,0,A,7,1.0,E,8,0.000,?,0,0.00,?,0,0,1,D,9,45,C,8
12/07/1978,20:00,0,0,0,1,0,0,1,0,0,1,0,0,1,0,0,1,0,0,1,0,0,1,0,10,B,8,10,B,8,-0.9,B,8,-1.9,B,8,96,B,8,984,B,8,0,B,8,0.0,B,8,400,C,8,20,B,8,1.0,E,8,0.000,?,0,0.00,?,0,0,1,D,9,45,C,8
12/07/1978,21:00,0,0,0,1,0,0,1,0,0,1,0,0,1,0,0,1,0,0,1,0,0,1,0,10,B,8,10,B,8,-0.8,B,8,-1.6,B,8,96,B,8,983,B,8,0,B,8,0.0,B,8,600,C,8,40,B,8,1.0,E,8,0.000,?,0,0.00,?,0,0,1,D,9,45,C,8
12/07/1978,22:00,0,0,0,1,0,0,1,0,0,1,0,0,1,0,0,1,0,0,1,0,0,1,0,10,A,7,10,A,7,-0.6,A,7,-1.1,A,7,96,A,7,983,A,7,0,A,7,0.0,A,7,800,B,7,60,A,7,1.0,E,8,0.000,?,0,0.00,?,0,0,1,D,9,45,C,8
12/07/1978,23:00,0,0,0,1,0,0,1,0,0,1,0,0,1,0,0,1,0,0,1,0,0,1,0,10,B,8,10,B,8,-0.6,B,8,-1.7,B,8,95,B,8,983,B,8,350,B,8,1.7,B,8,866,C,8,60,B,8,1.0,E,8,0.000,?,0,0.00,?,0,0,1,D,9,45,C,8
12/07/1978,24:00,0,0,0,1,0,0,1,0,0,1,0,0,1,0,0,1,0,0,1,0,0,1,0,10,B,8,10,B,8,-0.6,B,8,-1.9,B,8,93,B,8,984,B,8,330,B,8,3.5,B,8,933,C,8,60,B,8,1.0,E,8,0.000,?,0,0.00,?,0,0,1,D,9,45,C,8
12/08/1978,01:00,0,0,0,1,0,0,1,0,0,1,0,0,1,0,0,1,0,0,1,0,0,1,0,10,A,7,10,A,7,-0.6,A,7,-1.7,A,7,92,A,7,984,A,7,320,A,7,5.2,A,7,1000,B,7,60,A,7,1.0,E,8,0.000,?,0,0.00,?,0,0,1,D,9,45,C,8
12/08/1978,02:00,0,0,0,1,0,0,1,0,0,1,0,0,1,0,0,1,0,0,1,0,0,1,0,10,B,8,10,B,8,-1.0,B,8,-3.0,B,8,89,B,8,985,B,8,320,B,8,5.0,B,8,4433,C,8,163,B,8,0.9,E,8,0.000,?,0,0.00,?,0,0,1,D,9,45,C,8
12/08/1978,03:00,0,0,0,1,0,0,1,0,0,1,0,0,1,0,0,1,0,0,1,0,0,1,0,10,B,8,10,B,8,-1.3,B,8,-3.9,B,8,85,B,8,986,B,8,310,B,8,4.8,B,8,7866,C,8,267,B,8,0.9,E,8,0.000,?,0,0.00,?,0,0,1,D,9,00,C,8
12/08/1978,04:00,0,0,0,1,0,0,1,0,0,1,0,0,1,0,0,1,0,0,1,0,0,1,0,10,A,7,10,A,7,-1.7,A,7,-4.4,A,7,82,A,7,987,A,7,310,A,7,4.6,A,7,11300,B,7,370,A,7,0.8,E,8,0.000,?,0,0.00,?,0,0,1,D,9,00,C,8
12/08/1978,05:00,0,0,0,1,0,0,1,0,0,1,0,0,1,0,0,1,0,0,1,0,0,1,0,10,B,8,10,B,8,-1.7,B,8,-4.6,B,8,83,B,8,987,B,8,320,B,8,4.3,B,8,11300,C,8,410,B,8,0.8,E,8,0.000,?,0,0.00,?,0,0,1,D,9,00,C,8
12/08/1978,06:00,0,0,0,1,0,0,1,0,0,1,0,0,1,0,0,1,0,0,1,0,0,1,0,10,B,8,10,B,8,-1.7,B,8,-4.4,B,8,84,B,8,987,B,8,320,B,8,3.9,B,8,11300,C,8,450,B,8,0.8,E,8,0.000,?,0,0.00,?,0,0,1,D,9,00,C,8
12/08/1978,07:00,0,0,0,1,0,0,1,0,0,1,0,0,1,0,0,1,0,0,1,0,0,1,0,10,A,7,10,A,7,-1.7,A,7,-3.9,A,7,85,A,7,987,A,7,330,A,7,3.6,A,7,11300,B,7,490,A,7,0.8,E,8,0.000,?,0,0.00,?,0,0,1,D,9,00,C,8
12/08/1978,08:00,0,59,0,1,0,0,1,0,0,1,0,0,1,1,0,1,2,0,1,2,0,1,1,10,B,8,10,B,8,-2.1,B,8,-4.8,B,8,85,B,8,987,B,8,330,B,8,3.9,B,8,13966,C,8,500,B,8,0.8,E,8,0.000,?,0,0.00,?,0,0,1,D,9,00,C,8
12/08/1978,09:00,111,1410,30,1,13,0,1,9,30,1,13,33,1,13,0,1,9,33,1,13,94,1,21,10,B,8,10,B,8,-2.4,B,8,-5.2,B,8,85,B,8,987,B,8,330,B,8,4.3,B,8,16633,C,8,510,B,8,0.8,E,8,0.000,F,8,0.00,?,0,0,1,D,9,00,C,8
12/08/1978,10:00,304,1410,105,1,13,0,1,9,105,1,13,114,1,13,0,1,9,114,1,13,318,1,21,10,A,7,10,A,7,-2.8,A,7,-5.0,A,7,85,A,7,987,A,7,330,A,7,4.6,A,7,19300,B,7,520,A,7,0.8,E,8,0.000,F,8,0.00,?,0,0,1,D,9,00,C,8
12/08/1978,11:00,455,1410,148,1,9,1,1,9,148,1,13,164,1,9,1,1,9,164,1,13,499,1,18,10,B,8,10,B,8,-3.0,B,8,-5.4,B,8,85,B,8,987,B,8,330,B,8,4.4,B,8,13400,C,8,437,B,8,0.8,E,8,0.000,F,8,0.00,?,0,0,1,D,9,85,C,8
12/08/1978,12:00,550,1410,210,1,9,1,1,9,210,1,13,231,1,9,1,1,9,231,1,13,685,1,18,10,B,8,10,B,8,-3.1,B,8,-5.6,B,8,85,B,8,986,B,8,320,B,8,4.3,B,8,7500,C,8,353,B,8,0.8,E,8,0.000,F,8,0.00,?,0,0,1,D,9,85,C,8
12/08/1978,13:00,582,1410,210,1,9,1,1,9,210,1,13,233,1,9,1,1,9,232,1,13,718,1,18,10,A,7,10,A,7,-3.3,A,7,-5.6,A,7,85,A,7,986,A,7,320,A,7,4.1,A,7,1600,B,7,270,A,7,0.8,E,8,0.000,F,8,0.00,?,0,0,1,D,9,45,C,8
12/08/1978,14:00,550,1410,193,1,9,1,1,9,193,1,13,214,1,9,1,1,9,213,1,13,658,1,18,10,B,8,10,B,8,-3.5,B,8,-6.5,B,8,83,B,8,986,B,8,320,B,8,4.3,B,8,7500,C,8,303,B,8,0.8,E,8,0.000,F,8,0.00,?,0,0,1,D,9,85,C,8
12/08/1978,15:00,456,1410,150,1,9,0,1,9,150,1,13,166,1,9,0,1,9,166,1,13,503,1,18,10,B,8,10,B,8,-3.7,B,8,-7.0,B,8,80,B,8,986,B,8,320,B,8,4.4,B,8,13400,C,8,337,B,8,0.7,E,8,0.000,F,8,0.00,?,0,0,1,D,9,00,C,8
12/08/1978,16:00,305,1410,91,1,13,0,1,9,91,1,13,100,1,13,0,1,9,100,1,13,296,1,21,10,A,7,10,A,7,-3.9,A,7,-7.2,A,7,78,A,7,985,A,7,320,A,7,4.6,A,7,19300,B,7,370,A,7,0.7,E,8,0.000,F,8,0.00,?,0,0,1,D,9,00,C,8
12/08/1978,17:00,112,1410,31,1,13,0,1,9,31,1,13,34,1,13,0,1,9,34,1,13,96,1,21,10,B,8,10,B,8,-4.1,B,8,-7.8,B,8,78,B,8,986,B,8,320,B,8,4.3,B,8,18233,C,8,440,B,8,0.7,E,8,0.000,F,8,0.00,?,0,0,1,D,9,00,C,8
12/08/1978,18:00,0,59,0,1,0,0,1,0,0,1,0,0,1,1,0,1,2,0,1,2,0,1,1,10,B,8,10,B,8,-4.2,B,8,-8.0,B,8,78,B,8,986,B,8,320,B,8,3.9,B,8,17166,C,8,510,B,8,0.7,E,8,0.000,?,0,0.00,?,0,0,1,D,9,00,C,8
12/08/1978,19:00,0,0,0,1,0,0,1,0,0,1,0,0,1,0,0,1,0,0,1,0,0,1,0,10,A,7,10,A,7,-4.4,A,7,-7.8,A,7,78,A,7,986,A,7,320,A,7,3.6,A,7,16100,B,7,580,A,7,0.7,E,8,0.000,?,0,0.00,?,0,0,1,D,9,00,C,8
12/08/1978,20:00,0,0,0,1,0,0,1,0,0,1,0,0,1,0,0,1,0,0,1,0,0,1,0,10,B,8,10,B,8,-5.0,B,8,-8.5,B,8,79,B,8,986,B,8,320,B,8,3.8,B,8,16100,C,8,1097,B,8,0.7,E,8,0.000,?,0,0.00,?,0,0,1,D,9,00,C,8
12/08/1978,21:00,0,0,0,1,0,0,1,0,0,1,0,0,1,0,0,1,0,0,1,0,0,1,0,10,B,8,10,B,8,-5.5,B,8,-8.9,B,8,80,B,8,986,B,8,320,B,8,3.9,B,8,16100,C,8,1613,B,8,0.7,E,8,0.000,?,0,0.00,?,0,0,1,D,9,00,C,8
12/08/1978,22:00,0,0,0,1,0,0,1,0,0,1,0,0,1,0,0,1,0,0,1,0,0,1,0,10,A,7,10,A,7,-6.1,A,7,-8.9,A,7,81,A,7,985,A,7,320,A,7,4.1,A,7,16100,B,7,2130,A,7,0.6,E,8,0.000,?,0,0.00,?,0,0,1,D,9,00,C,8
12/08/1978,23:00,0,0,0,1,0,0,1,0,0,1,0,0,1,0,0,1,0,0,1,0,0,1,0,10,B,8,10,B,8,-6.3,B,8,-9.9,B,8,79,B,8,985,B,8,310,B,8,3.8,B,8,16633,C,8,2333,B,8,0.6,E,8,0.000,?,0,0.00,?,0,0,1,D,9,00,C,8
12/08/1978,24:00,0,0,0,1,0,0,1,0,0,1,0,0,1,0,0,1,0,0,1,0,0,1,0,10,B,8,10,B,8,-6.5,B,8,-10.4,B,8,76,B,8,985,B,8,310,B,8,3.4,B,8,17166,C,8,2537,B,8,0.6,E,8,0.000,?,0,0.00,?,0,0,1,D,9,00,C,8
12/09/1978,01:00,0,0,0,1,0,0,1,0,0,1,0,0,1,0,0,1,0,0,1,0,0,1,0,10,A,7,10,A,7,-6.7,A,7,-10.6,A,7,74,A,7,985,A,7,300,A,7,3.1,A,7,17700,B,7,2740,A,7,0.6,E,8,0.000,?,0,0.00,?,0,0,1,D,9,00,C,8
12/09/1978,02:00,0,0,0,1,0,0,1,0,0,1,0,0,1,0,0,1,0,0,1,0,0,1,0,10,B,8,10,B,8,-6.9,B,8,-11.3,B,8,73,B,8,985,B,8,300,B,8,2.9,B,8,17700,C,8,2843,B,8,0.6,E,8,0.000,?,0,0.00,?,0,0,1,D,9,00,C,8
12/09/1978,03:00,0,0,0,1,0,0,1,0,0,1,0,0,1,0,0,1,0,0,1,0,0,1,0,10,B,8,10,B,8,-7.0,B,8,-11.7,B,8,72,B,8,984,B,8,300,B,8,2.8,B,8,17700,C,8,2947,B,8,0.6,E,8,0.000,?,0,0.00,?,0,0,1,D,9,00,C,8
12/09/1978,04:00,0,0,0,1,0,0,1,0,0,1,0,0,1,0,0,1,0,0,1,0,0,1,0,10,A,7,10,A,7,-7.2,A,7,-11.7,A,7,71,A,7,984,A,7,300,A,7,2.6,A,7,17700,B,7,3050,A,7,0.6,E,8,0.000,?,0,0.00,?,0,0,1,D,9,00,C,8
12/09/1978,05:00,0,0,0,1,0,0,1,0,0,1,0,0,1,0,0,1,0,0,1,0,0,1,0,9,B,8,9,B,8,-9.2,B,8,-13.2,B,8,76,B,8,984,B,8,290,B,8,2.4,B,8,17700,C,8,2360,B,8,0.5,E,8,0.000,?,0,0.00,?,0,0,1,D,9,00,C,8
12/09/1978,06:00,0,0,0,1,0,0,1,0,0,1,0,0,1,0,0,1,0,0,1,0,0,1,0,7,B,8,7,B,8,-11.3,B,8,-14.2,B,8,82,B,8,983,B,8,270,B,8,2.3,B,8,17700,C,8,1670,B,8,0.5,E,8,0.000,?,0,0.00,?,0,0,1,D,9,00,C,8
12/09/1978,07:00,0,0,0,1,0,0,1,0,0,1,0,0,1,0,0,1,0,0,1,0,0,1,0,6,A,7,6,A,7,-13.3,A,7,-15.0,A,7,87,A,7,982,A,7,260,A,7,2.1,A,7,17700,B,7,980,A,7,0.5,E,8,0.000,?,0,0.00,?,0,0,1,D,9,00,C,8
12/09/1978,08:00,0,35,0,1,0,0,1,0,0,1,0,0,1,1,0,1,2,0,1,2,0,1,1,7,B,8,7,B,8,-11.5,B,8,-13.7,B,8,87,B,8,982,B,8,260,B,8,2.8,B,8,13133,C,8,827,B,8,0.5,E,8,0.000,?,0,0.00,?,0,0,1,D,9,00,C,8
12/09/1978,09:00,107,1410,28,1,13,18,1,9,26,1,13,30,1,13,11,1,9,29,1,13,62,1,21,9,B,8,9,B,8,-9.6,B,8,-11.9,B,8,88,B,8,982,B,8,260,B,8,3.4,B,8,8566,C,8,673,B,8,0.6,E,8,0.000,F,8,0.00,?,0,0,1,D,9,71,C,8
12/09/1978,10:00,301,1410,93,1,13,0,1,9,93,1,13,102,1,13,0,1,9,102,1,13,297,1,21,10,A,7,10,A,7,-7.8,A,7,-9.4,A,7,88,A,7,982,A,7,260,A,7,4.1,A,7,4000,B,7,520,A,7,0.6,E,8,0.000,F,8,0.00,?,0,0,1,D,9,85,C,8
12/09/1978,11:00,452,1410,154,1,9,35,1,9,143,1,13,169,1,9,33,1,9,158,1,13,370,1,18,9,B,8,9,B,8,-7.6,B,8,-9.8,B,8,86,B,8,982,B,8,270,B,8,5.5,B,8,6433,C,8,550,B,8,0.6,E,8,0.000,F,8,0.00,?,0,0,1,D,9,85,C,8
12/09/1978,12:00,547,1410,298,1,9,272,1,9,192,1,13,312,1,9,266,1,9,208,1,13,423,1,18,8,B,8,8,B,8,-7.4,B,8,-10.0,B,8,83,B,8,981,B,8,280,B,8,6.8,B,8,8866,C,8,580,B,8,0.6,E,8,0.000,F,8,0.00,?,0,0,1,D,9,85,C,8
12/09/1978,13:00,580,1410,319,1,13,325,1,13,184,1,13,336,1,13,323,1,13,202,1,13,400,1,23,7,A,7,7,A,7,-7.2,A,7,-10.0,A,7,81,A,7,981,A,7,290,A,7,8.2,A,7,11300,B,7,610,A,7,0.6,E,8,0.000,F,8,0.00,?,0,0,1,D,9,85,C,8
12/09/1978,14:00,549,1410,272,1,18,345,1,18,137,1,18,292,1,18,339,1,18,159,1,18,280,1,31,7,B,8,7,B,8,-7.4,B,8,-10.7,B,8,80,B,8,981,B,8,290,B,8,8.4,B,8,12366,C,8,660,B,8,0.6,E,8,0.000,F,8,0.00,?,0,0,1,D,9,85,C,8
12/09/1978,15:00,454,1410,234,1,18,226,1,18,160,1,18,250,1,18,209,1,18,182,1,18,362,1,31,7,B,8,7,B,8,-7.6,B,8,-11.1,B,8,78,B,8,981,B,8,280,B,8,8.6,B,8,13433,C,8,710,B,8,0.6,E,8,0.000,F,8,0.00,?,0,0,1,D,9,85,C,8
12/09/1978,16:00,305,1410,139,1,13,95,1,13,118,1,13,151,1,13,81,1,13,134,1,13,266,1,23,7,A,7,7,A,7,-7.8,A,7,-11.1,A,7,77,A,7,981,A,7,280,A,7,8.8,A,7,14500,B,7,760,A,7,0.6,E,8,0.000,F,8,0.00,?,0,0,1,D,9,85,C,8
12/09/1978,17:00,111,1410,35,1,13,27,1,9,32,1,13,37,1,13,16,1,9,36,1,13,73,1,21,8,B,8,8,B,8,-8.3,B,8,-11.7,B,8,79,B,8,982,B,8,290,B,8,8.4,B,8,11266,C,8,700,B,8,0.6,E,8,0.000,F,8,0.00,?,0,0,1,D,9,85,C,8
12/09/1978,18:00,0,59,0,1,0,0,1,0,0,1,0,0,1,1,0,1,2,0,1,2,0,1,1,9,B,8,9,B,8,-8.9,B,8,-11.9,B,8,82,B,8,982,B,8,290,B,8,8.1,B,8,8033,C,8,640,B,8,0.6,E,8,0.000,?,0,0.00,?,0,0,1,D,9,85,C,8
12/09/1978,19:00,0,0,0,1,0,0,1,0,0,1,0,0,1,0,0,1,0,0,1,0,0,1,0,10,A,7,10,A,7,-9.4,A,7,-11.7,A,7,84,A,7,983,A,7,300,A,7,7.7,A,7,4800,B,7,580,A,7,0.6,E,8,0.000,?,0,0.00,?,0,0,1,D,9,85,C,8
12/09/1978,20:00,0,0,0,1,0,0,1,0,0,1,0,0,1,0,0,1,0,0,1,0,0,1,0,10,B,8,10,B,8,-9.6,B,8,-12.2,B,8,84,B,8,983,B,8,290,B,8,6.5,B,8,5866,C,8,580,B,8,0.6,E,8,0.000,?,0,0.00,?,0,0,1,D,9,85,C,8
12/09/1978,21:00,0,0,0,1,0,0,1,0,0,1,0,0,1,0,0,1,0,0,1,0,0,1,0,10,B,8,10,B,8,-9.8,B,8,-12.4,B,8,84,B,8,983,B,8,290,B,8,5.3,B,8,6933,C,8,580,B,8,0.5,E,8,0.000,?,0,0.00,?,0,0,1,D,9,85,C,8
12/09/1978,22:00,0,0,0,1,0,0,1,0,0,1,0,0,1,0,0,1,0,0,1,0,0,1,0,10,A,7,10,A,7,-10.0,A,7,-12.2,A,7,84,A,7,984,A,7,280,A,7,4.1,A,7,8000,B,7,580,A,7,0.5,E,8,0.000,?,0,0.00,?,0,0,1,D,9,85,C,8
12/09/1978,23:00,0,0,0,1,0,0,1,0,0,1,0,0,1,0,0,1,0,0,1,0,0,1,0,8,B,8,8,B,8,-10.4,B,8,-13.0,B,8,84,B,8,984,B,8,280,B,8,4.5,B,8,7466,C,8,77777,B,8,0.5,E,8,0.000,?,0,0.00,?,0,0,1,D,9,85,C,8
12/09/1978,24:00,0,0,0,1,0,0,1,0,0,1,0,0,1,0,0,1,0,0,1,0,0,1,0,5,B,8,5,B,8,-10.7,B,8,-13.3,B,8,84,B,8,984,B,8,290,B,8,4.8,B,8,6933,C,8,77777,B,8,0.5,E,8,0.000,?,0,0.00,?,0,0,1,D,9,85,C,8
12/10/1978,01:00,0,0,0,1,0,0,1,0,0,1,0,0,1,0,0,1,0,0,1,0,0,1,0,3,A,7,3,A,7,-11.1,A,7,-13.3,A,7,84,A,7,985,A,7,290,A,7,5.2,A,7,6400,B,7,77777,A,7,0.5,E,8,0.000,?,0,0.00,?,0,0,1,D,9,85,C,8
12/10/1978,02:00,0,0,0,1,0,0,1,0,0,1,0,0,1,0,0,1,0,0,1,0,0,1,0,5,B,8,5,B,8,-11.7,B,8,-14.0,B,8,85,B,8,986,B,8,280,B,8,5.0,B,8,7500,C,8,77777,B,8,0.5,E,8,0.000,?,0,0.00,?,0,0,1,D,9,85,C,8
12/10/1978,03:00,0,0,0,1,0,0,1,0,0,1,0,0,1,0,0,1,0,0,1,0,0,1,0,8,B,8,8,B,8,-12.2,B,8,-14.4,B,8,86,B,8,986,B,8,280,B,8,4.8,B,8,8600,C,8,77777,B,8,0.5,E,8,0.000,?,0,0.00,?,0,0,1,D,9,85,C,8
12/10/1978,04:00,0,0,0,1,0,0,1,0,0,1,0,0,1,0,0,1,0,0,1,0,0,1,0,10,A,7,10,A,7,-12.8,A,7,-14.4,A,7,87,A,7,987,A,7,270,A,7,4.6,A,7,9700,B,7,980,A,7,0.5,E,8,0.000,?,0,0.00,?,0,0,1,D,9,85,C,8
12/10/1978,05:00,0,0,0,1,0,0,1,0,0,1,0,0,1,0,0,1,0,0,1,0,0,1,0,10,B,8,10,B,8,-12.4,B,8,-14.3,B,8,89,B,8,988,B,8,260,B,8,4.3,B,8,11833,C,8,980,B,8,0.5,E,8,0.000,?,0,0.00,?,0,0,1,D,9,85,C,8
12/10/1978,06:00,0,0,0,1,0,0,1,0,0,1,0,0,1,0,0,1,0,0,1,0,0,1,0,10,B,8,10,B,8,-12.1,B,8,-13.7,B,8,90,B,8,988,B,8,240,B,8,3.9,B,8,13966,C,8,980,B,8,0.5,E,8,0.000,?,0,0.00,?,0,0,1,D,9,85,C,8
12/10/1978,07:00,0,0,0,1,0,0,1,0,0,1,0,0,1,0,0,1,0,0,1,0,0,1,0,10,A,7,10,A,7,-11.7,A,7,-12.8,A,7,92,A,7,989,A,7,230,A,7,3.6,A,7,16100,B,7,980,A,7,0.5,E,8,0.000,?,0,0.00,?,0,0,1,D,9,00,C,8
12/10/1978,08:00,0,12,0,1,0,0,1,0,0,1,0,0,1,1,0,1,2,0,1,2,0,1,1,10,B,8,10,B,8,-11.3,B,8,-13.1,B,8,91,B,8,990,B,8,230,B,8,3.9,B,8,13400,C,8,937,B,8,0.5,E,8,0.000,?,0,0.00,?,0,0,1,D,9,85,C,8
12/10/1978,09:00,104,1411,22,1,13,20,1,9,20,1,13,24,1,13,12,1,9,23,1,13,49,1,21,9,B,8,9,B,8,-11.0,B,8,-13.0,B,8,89,B,8,991,B,8,230,B,8,4.3,B,8,10700,C,8,893,B,8,0.5,E,8,0.000,F,8,0.00,?,0,0,1,D,9,85,C,8
12/10/1978,10:00,298,1411,91,1,13,29,1,9,85,1,13,100,1,13,24,1,9,95,1,13,209,1,21,9,A,7,9,A,7,-10.6,A,7,-12.2,A,7,88,A,7,992,A,7,230,A,7,4.6,A,7,8000,B,7,850,A,7,0.5,E,8,0.000,F,8,0.00,?,0,0,1,D,9,85,C,8
12/10/1978,11:00,449,1411,246,1,18,168,1,18,192,1,18,260,1,18,154,1,18,211,1,18,433,1,31,7,B,8,7,B,8,-10.0,B,8,-12.6,B,8,83,B,8,992,B,8,230,B,8,5.5,B,8,13366,C,8,77777,B,8,0.5,E,8,0.000,F,8,0.00,?,0,0,1,D,9,00,C,8
12/10/1978,12:00,545,1411,285,1,18,301,1,18,168,1,18,301,1,18,295,1,18,186,1,18,358,1,31,6,B,8,6,B,8,-9.5,B,8,-12.8,B,8,79,B,8,992,B,8,240,B,8,6.3,B,8,18733,C,8,77777,B,8,0.5,E,8,0.000,F,8,0.00,?,0,0,1,D,9,00,C,8
12/10/1978,13:00,578,1411,377,1,13,591,1,13,133,1,13,397,1,13,571,1,13,162,1,13,261,1,23,4,A,7,4,A,7,-8.9,A,7,-12.8,A,7,74,A,7,993,A,7,240,A,7,7.2,A,7,24100,B,7,77777,A,7,0.5,E,8,0.000,F,8,0.00,?,0,0,1,D,9,00,C,8
12/10/1978,14:00,547,1411,302,1,18,439,1,18,130,1,18,316,1,18,418,1,18,153,1,18,253,1,31,4,B,8,4,B,8,-8.7,B,8,-13.3,B,8,72,B,8,993,B,8,240,B,8,7.5,B,8,24100,C,8,77777,B,8,0.5,E,8,0.000,F,8,0.00,?,0,0,1,D,9,00,C,8
12/10/1978,15:00,454,1411,258,1,18,393,1,18,131,1,18,264,1,18,354,1,18,150,1,18,254,1,31,5,B,8,5,B,8,-8.5,B,8,-13.5,B,8,70,B,8,993,B,8,250,B,8,7.9,B,8,24100,C,8,77777,B,8,0.5,E,8,0.000,F,8,0.00,?,0,0,1,D,9,85,C,8
12/10/1978,16:00,304,1411,155,1,13,319,1,13,85,1,13,158,1,13,247,1,13,104,1,13,159,1,23,5,A,7,5,A,7,-8.3,A,7,-13.3,A,7,68,A,7,993,A,7,250,A,7,8.2,A,7,24100,B,7,77777,A,7,0.5,E,8,0.000,F,8,0.00,?,0,0,1,D,9,00,C,8
12/10/1978,17:00,111,1411,40,1,18,79,1,18,33,1,18,41,1,18,32,1,18,38,1,18,62,1,31,6,B,8,6,B,8,-9.2,B,8,-14.0,B,8,71,B,8,994,B,8,240,B,8,7.2,B,8,21433,C,8,77777,B,8,0.5,E,8,0.000,F,8,0.00,?,0,0,1,D,9,00,C,8
12/10/1978,18:00,0,59,0,1,0,0,1,0,0,1,0,0,1,1,0,1,2,0,1,2,0,1,1,6,B,8,6,B,8,-10.2,B,8,-14.4,B,8,74,B,8,994,B,8,220,B,8,6.2,B,8,18766,C,8,77777,B,8,0.5,E,8,0.000,?,0,0.00,?,0,0,1,D,9,00,C,8
12/10/1978,19:00,0,0,0,1,0,0,1,0,0,1,0,0,1,0,0,1,0,0,1,0,0,1,0,7,A,7,7,A,7,-11.1,A,7,-14.4,A,7,77,A,7,995,A,7,210,A,7,5.2,A,7,16100,B,7,910,A,7,0.5,E,8,0.000,?,0,0.00,?,0,0,1,D,9,00,C,8
12/10/1978,20:00,0,0,0,1,0,0,1,0,0,1,0,0,1,0,0,1,0,0,1,0,0,1,0,7,B,8,7,B,8,-11.5,B,8,-15.3,B,8,76,B,8,995,B,8,210,B,8,5.5,B,8,17700,C,8,910,B,8,0.5,E,8,0.000,?,0,0.00,?,0,0,1,D,9,00,C,8
12/10/1978,21:00,0,0,0,1,0,0,1,0,0,1,0,0,1,0,0,1,0,0,1,0,0,1,0,8,B,8,8,B,8,-11.8,B,8,-15.9,B,8,74,B,8,995,B,8,210,B,8,5.9,B,8,19300,C,8,910,B,8,0.5,E,8,0.000,?,0,0.00,?,0,0,1,D,9,00,C,8
12/10/1978,22:00,0,0,0,1,0,0,1,0,0,1,0,0,1,0,0,1,0,0,1,0,0,1,0,8,A,7,8,A,7,-12.2,A,7,-16.1,A,7,73,A,7,995,A,7,210,A,7,6.2,A,7,20900,B,7,910,A,7,0.4,E,8,0.000,?,0,0.00,?,0,0,1,D,9,00,C,8
12/10/1978,23:00,0,0,0,1,0,0,1,0,0,1,0,0,1,0,0,1,0,0,1,0,0,1,0,8,B,8,8,B,8,-11.8,B,8,-16.1,B,8,73,B,8,995,B,8,210,B,8,5.9,B,8,19833,C,8,910,B,8,0.5,E,8,0.000,?,0,0.00,?,0,0,1,D,9,85,C,8
12/10/1978,24:00,0,0,0,1,0,0,1,0,0,1,0,0,1,0,0,1,0,0,1,0,0,1,0,7,B,8,7,B,8,-11.5,B,8,-15.7,B,8,73,B,8,995,B,8,220,B,8,5.5,B,8,18766,C,8,910,B,8,0.5,E,8,0.000,?,0,0.00,?,0,0,1,D,9,00,C,8
12/11/1978,01:00,0,0,0,1,0,0,1,0,0,1,0,0,1,0,0,1,0,0,1,0,0,1,0,7,A,7,7,A,7,-11.1,A,7,-15.0,A,7,73,A,7,995,A,7,220,A,7,5.2,A,7,17700,B,7,910,A,7,0.5,E,8,0.000,?,0,0.00,?,0,0,1,D,9,00,C,8
12/11/1978,02:00,0,0,0,1,0,0,1,0,0,1,0,0,1,0,0,1,0,0,1,0,0,1,0,8,B,8,8,B,8,-10.5,B,8,-14.8,B,8,73,B,8,995,B,8,210,B,8,4.8,B,8,17700,C,8,963,B,8,0.5,E,8,0.000,?,0,0.00,?,0,0,1,D,9,00,C,8
12/11/1978,03:00,0,0,0,1,0,0,1,0,0,1,0,0,1,0,0,1,0,0,1,0,0,1,0,9,B,8,9,B,8,-10.0,B,8,-14.3,B,8,74,B,8,995,B,8,190,B,8,4.5,B,8,17700,C,8,1017,B,8,0.5,E,8,0.000,?,0,0.00,?,0,0,1,D,9,00,C,8
12/11/1978,04:00,0,0,0,1,0,0,1,0,0,1,0,0,1,0,0,1,0,0,1,0,0,1,0,10,A,7,10,A,7,-9.4,A,7,-13.3,A,7,74,A,7,994,A,7,180,A,7,4.1,A,7,17700,B,7,1070,A,7,0.5,E,8,0.000,?,0,0.00,?,0,0,1,D,9,00,C,8
12/11/1978,05:00,0,0,0,1,0,0,1,0,0,1,0,0,1,0,0,1,0,0,1,0,0,1,0,10,B,8,10,B,8,-8.7,B,8,-13.0,B,8,74,B,8,994,B,8,180,B,8,4.5,B,8,17700,C,8,1070,B,8,0.5,E,8,0.000,?,0,0.00,?,0,0,1,D,9,00,C,8
12/11/1978,06:00,0,0,0,1,0,0,1,0,0,1,0,0,1,0,0,1,0,0,1,0,0,1,0,10,B,8,10,B,8,-7.9,B,8,-12.2,B,8,74,B,8,994,B,8,180,B,8,4.8,B,8,17700,C,8,1070,B,8,0.6,E,8,0.000,?,0,0.00,?,0,0,1,D,9,00,C,8
12/11/1978,07:00,0,0,0,1,0,0,1,0,0,1,0,0,1,0,0,1,0,0,1,0,0,1,0,10,A,7,10,A,7,-7.2,A,7,-11.1,A,7,74,A,7,994,A,7,180,A,7,5.2,A,7,17700,B,7,1070,A,7,0.6,E,8,0.000,?,0,0.00,?,0,0,1,D,9,00,C,8
12/11/1978,08:00,0,0,0,1,0,0,1,0,0,1,0,0,1,0,0,1,0,0,1,0,0,1,0,10,B,8,10,B,8,-6.7,B,8,-10.5,B,8,78,B,8,993,B,8,170,B,8,5.0,B,8,12600,C,8,917,B,8,0.6,E,8,0.000,?,0,0.00,?,0,0,1,D,9,85,C,8
12/11/1978,09:00,101,1399,23,1,13,2,1,9,23,1,13,26,1,13,0,1,9,26,1,13,78,1,21,10,B,8,10,B,8,-6.1,B,8,-9.5,B,8,81,B,8,993,B,8,170,B,8,4.8,B,8,7500,C,8,763,B,8,0.6,E,8,0.000,F,8,0.00,?,0,0,1,D,9,71,C,8
12/11/1978,10:00,295,1411,97,1,13,6,1,9,95,1,13,105,1,13,3,1,9,105,1,13,296,1,21,10,A,7,10,A,7,-5.6,A,7,-7.8,A,7,85,A,7,993,A,7,160,A,7,4.6,A,7,2400,B,7,610,A,7,0.7,E,8,0.000,F,8,0.00,?,0,0,1,D,9,05,C,8
12/11/1978,11:00,446,1411,167,1,9,3,1,9,166,1,13,182,1,9,2,1,9,182,1,13,521,1,18,10,B,8,10,B,8,-4.5,B,8,-7.4,B,8,82,B,8,992,B,8,180,B,8,5.1,B,8,5366,C,8,913,B,8,0.7,E,8,0.000,F,8,0.00,?,0,0,1,D,9,71,C,8
12/11/1978,12:00,543,1411,167,1,9,6,1,9,164,1,13,186,1,9,5,1,9,184,1,13,594,1,18,10,B,8,10,B,8,-3.3,B,8,-6.9,B,8,78,B,8,992,B,8,190,B,8,5.7,B,8,8333,C,8,1217,B,8,0.7,E,8,0.000,F,8,0.00,?,0,0,1,D,9,00,C,8
12/11/1978,13:00,577,1411,176,1,9,4,1,9,174,1,13,197,1,9,3,1,9,196,1,13,640,1,18,10,A,7,10,A,7,-2.2,A,7,-6.1,A,7,75,A,7,991,A,7,210,A,7,6.2,A,7,11300,B,7,1520,A,7,0.8,E,8,0.000,F,8,0.00,?,0,0,1,D,9,71,C,8
12/11/1978,14:00,546,1411,155,1,9,1,1,9,155,1,13,175,1,9,1,1,9,174,1,13,576,1,18,10,B,8,10,B,8,-1.8,B,8,-5.9,B,8,76,B,8,991,B,8,200,B,8,5.3,B,8,12366,C,8,1400,B,8,0.8,E,8,0.000,F,8,0.00,?,0,0,1,D,9,00,C,8
12/11/1978,15:00,453,1411,149,1,9,1,1,9,149,1,13,165,1,9,1,1,9,165,1,13,499,1,18,10,B,8,10,B,8,-1.5,B,8,-5.3,B,8,77,B,8,991,B,8,200,B,8,4.5,B,8,13433,C,8,1280,B,8,0.8,E,8,0.000,F,8,0.00,?,0,0,1,D,9,00,C,8
12/11/1978,16:00,304,1411,79,1,13,0,1,9,79,1,13,88,1,13,0,1,9,88,1,13,270,1,21,10,A,7,10,A,7,-1.1,A,7,-4.4,A,7,78,A,7,990,A,7,190,A,7,3.6,A,7,14500,B,7,1160,A,7,0.8,E,8,0.000,F,8,0.00,?,0,0,1,D,9,00,C,8
12/11/1978,17:00,111,1411,33,1,13,0,1,9,33,1,13,36,1,13,0,1,9,36,1,13,100,1,21,10,B,8,10,B,8,-0.9,B,8,-4.6,B,8,78,B,8,990,B,8,200,B,8,4.1,B,8,13433,C,8,947,B,8,0.8,E,8,0.000,F,8,0.00,?,0,0,1,D,9,00,C,8
12/11/1978,18:00,0,59,0,1,0,0,1,0,0,1,0,0,1,1,0,1,2,0,1,2,0,1,1,10,B,8,10,B,8,-0.8,B,8,-4.5,B,8,78,B,8,991,B,8,200,B,8,4.7,B,8,12366,C,8,733,B,8,0.8,E,8,0.000,?,0,0.00,?,0,0,1,D,9,85,C,8
12/11/1978,19:00,0,0,0,1,0,0,1,0,0,1,0,0,1,0,0,1,0,0,1,0,0,1,0,10,A,7,10,A,7,-0.6,A,7,-3.9,A,7,78,A,7,991,A,7,210,A,7,5.2,A,7,11300,B,7,520,A,7,0.8,E,8,0.000,?,0,0.00,?,0,0,1,D,9,85,C,8
12/11/1978,20:00,0,0,0,1,0,0,1,0,0,1,0,0,1,0,0,1,0,0,1,0,0,1,0,10,B,8,10,B,8,-0.6,B,8,-3.9,B,8,80,B,8,991,B,8,220,B,8,5.7,B,8,11300,C,8,500,B,8,0.9,E,8,0.000,?,0,0.00,?,0,0,1,D,9,00,C,8
12/11/1978,21:00,0,0,0,1,0,0,1,0,0,1,0,0,1,0,0,1,0,0,1,0,0,1,0,10,B,8,10,B,8,-0.6,B,8,-3.5,B,8,83,B,8,991,B,8,230,B,8,6.2,B,8,11300,C,8,480,B,8,0.9,E,8,0.000,?,0,0.00,?,0,0,1,D,9,00,C,8
12/11/1978,22:00,0,0,0,1,0,0,1,0,0,1,0,0,1,0,0,1,0,0,1,0,0,1,0,10,A,7,10,A,7,-0.6,A,7,-2.8,A,7,85,A,7,991,A,7,240,A,7,6.7,A,7,11300,B,7,460,A,7,0.9,E,8,0.000,?,0,0.00,?,0,0,1,D,9,00,C,8
12/11/1978,23:00,0,0,0,1,0,0,1,0,0,1,0,0,1,0,0,1,0,0,1,0,0,1,0,10,B,8,10,B,8,-0.4,B,8,-3.4,B,8,83,B,8,991,B,8,250,B,8,6.5,B,8,11300,C,8,470,B,8,0.9,E,8,0.000,?,0,0.00,?,0,0,1,D,9,00,C,8
12/11/1978,24:00,0,0,0,1,0,0,1,0,0,1,0,0,1,0,0,1,0,0,1,0,0,1,0,10,B,8,10,B,8,-0.2,B,8,-3.5,B,8,81,B,8,991,B,8,250,B,8,6.4,B,8,11300,C,8,480,B,8,0.9,E,8,0.000,?,0,0.00,?,0,0,1,D,9,00,C,8
12/12/1978,01:00,0,0,0,1,0,0,1,0,0,1,0,0,1,0,0,1,0,0,1,0,0,1,0,10,A,7,10,A,7,0.0,A,7,-3.3,A,7,79,A,7,991,A,7,260,A,7,6.2,A,7,11300,B,7,490,A,7,0.9,E,8,0.000,?,0,0.00,?,0,0,1,D,9,00,C,8
12/12/1978,02:00,0,0,0,1,0,0,1,0,0,1,0,0,1,0,0,1,0,0,1,0,0,1,0,10,B,8,10,B,8,0.0,B,8,-3.7,B,8,79,B,8,991,B,8,260,B,8,5.7,B,8,11300,C,8,653,B,8,0.9,E,8,0.000,?,0,0.00,?,0,0,1,D,9,00,C,8
12/12/1978,03:00,0,0,0,1,0,0,1,0,0,1,0,0,1,0,0,1,0,0,1,0,0,1,0,10,B,8,10,B,8,0.0,B,8,-3.7,B,8,79,B,8,991,B,8,260,B,8,5.1,B,8,11300,C,8,817,B,8,0.9,E,8,0.000,?,0,0.00,?,0,0,1,D,9,00,C,8
12/12/1978,04:00,0,0,0,1,0,0,1,0,0,1,0,0,1,0,0,1,0,0,1,0,0,1,0,10,A,7,10,A,7,0.0,A,7,-3.3,A,7,79,A,7,992,A,7,260,A,7,4.6,A,7,11300,B,7,980,A,7,0.9,E,8,0.000,?,0,0.00,?,0,0,1,D,9,00,C,8
12/12/1978,05:00,0,0,0,1,0,0,1,0,0,1,0,0,1,0,0,1,0,0,1,0,0,1,0,10,B,8,10,B,8,0.2,B,8,-3.3,B,8,80,B,8,992,B,8,240,B,8,5.0,B,8,11300,C,8,847,B,8,0.9,E,8,0.000,?,0,0.00,?,0,0,1,D,9,00,C,8
12/12/1978,06:00,0,0,0,1,0,0,1,0,0,1,0,0,1,0,0,1,0,0,1,0,0,1,0,10,B,8,10,B,8,0.4,B,8,-2.9,B,8,81,B,8,992,B,8,230,B,8,5.3,B,8,11300,C,8,713,B,8,0.9,E,8,0.000,?,0,0.00,?,0,0,1,D,9,00,C,8
12/12/1978,07:00,0,0,0,1,0,0,1,0,0,1,0,0,1,0,0,1,0,0,1,0,0,1,0,10,A,7,10,A,7,0.6,A,7,-2.2,A,7,82,A,7,992,A,7,210,A,7,5.7,A,7,11300,B,7,580,A,7,0.9,E,8,0.000,?,0,0.00,?,0,0,1,D,9,00,C,8
12/12/1978,08:00,0,0,0,1,0,0,1,0,0,1,0,0,1,0,0,1,0,0,1,0,0,1,0,9,B,8,9,B,8,0.8,B,8,-2.7,B,8,81,B,8,991,B,8,210,B,8,6.2,B,8,12366,C,8,1150,B,8,0.9,E,8,0.000,?,0,0.00,?,0,0,1,D,9,00,C,8
12/12/1978,09:00,98,1376,27,1,13,0,1,9,27,1,13,30,1,13,0,1,9,30,1,13,87,1,21,9,B,8,9,B,8,0.9,B,8,-2.8,B,8,80,B,8,991,B,8,210,B,8,6.7,B,8,13433,C,8,1720,B,8,0.9,E,8,0.000,F,8,0.00,?,0,0,1,D,9,00,C,8
12/12/1978,10:00,292,1411,103,1,13,29,1,9,97,1,13,113,1,13,24,1,9,108,1,13,228,1,21,8,A,7,8,A,7,1.1,A,7,-2.2,A,7,79,A,7,990,A,7,210,A,7,7.2,A,7,14500,B,7,2290,A,7,0.9,E,8,0.000,F,8,0.00,?,0,0,1,D,9,00,C,8
12/12/1978,11:00,444,1411,187,1,18,153,1,18,138,1,18,202,1,18,141,1,18,157,1,18,311,1,31,9,B,8,7,B,8,1.7,B,8,-2.2,B,8,77,B,8,989,B,8,210,B,8,7.7,B,8,15566,C,8,4067,B,8,1.0,E,8,0.000,F,8,0.00,?,0,0,1,D,9,00,C,8
12/12/1978,12:00,540,1411,285,1,18,302,1,18,169,1,18,301,1,18,295,1,18,187,1,18,361,1,31,9,B,8,7,B,8,2.2,B,8,-2.1,B,8,75,B,8,989,B,8,210,B,8,8.3,B,8,16633,C,8,5843,B,8,1.0,E,8,0.000,F,8,0.00,?,0,0,1,D,9,00,C,8
12/12/1978,13:00,575,1411,321,1,13,264,1,13,213,1,13,344,1,13,259,1,13,238,1,13,502,1,23,10,A,7,6,A,7,2.8,A,7,-1.7,A,7,73,A,7,988,A,7,210,A,7,8.8,A,7,17700,B,7,7620,A,7,1.0,E,8,0.000,F,8,0.00,?,0,0,1,D,9,00,C,8
12/12/1978,14:00,545,1411,306,1,18,323,1,18,181,1,18,321,1,18,316,1,18,199,1,18,393,1,31,10,B,8,6,B,8,3.2,B,8,-2.1,B,8,71,B,8,987,B,8,210,B,8,9.1,B,8,18766,C,8,7620,B,8,1.0,E,8,0.000,F,8,0.00,?,0,0,1,D,9,00,C,8
12/12/1978,15:00,452,1411,223,1,18,247,1,18,143,1,18,233,1,18,228,1,18,160,1,18,298,1,31,10,B,8,6,B,8,3.5,B,8,-2.1,B,8,69,B,8,985,B,8,210,B,8,9.5,B,8,19833,C,8,7620,B,8,1.0,E,8,0.000,F,8,0.00,?,0,0,1,D,9,00,C,8
12/12/1978,16:00,304,1411,133,1,13,167,1,13,97,1,13,143,1,13,134,1,13,114,1,13,210,1,23,10,A,7,6,A,7,3.9,A,7,-1.7,A,7,67,A,7,984,A,7,210,A,7,9.8,A,7,20900,B,7,7620,A,7,1.0,E,8,0.000,F,8,0.00,?,0,0,1,D,9,00,C,8
12/12/1978,17:00,112,1411,35,1,18,19,1,18,34,1,18,39,1,18,12,1,18,38,1,18,77,1,31,9,B,8,6,B,8,3.5,B,8,-2.1,B,8,69,B,8,984,B,8,210,B,8,8.3,B,8,19300,C,8,7620,B,8,1.0,E,8,0.000,F,8,0.00,?,0,0,1,D,9,00,C,8
12/12/1978,18:00,0,59,0,1,0,0,1,0,0,1,0,0,1,1,0,1,2,0,1,2,0,1,1,9,B,8,5,B,8,3.2,B,8,-2.1,B,8,71,B,8,983,B,8,200,B,8,6.7,B,8,17700,C,8,7620,B,8,1.0,E,8,0.000,?,0,0.00,?,0,0,1,D,9,00,C,8
12/12/1978,19:00,0,0,0,1,0,0,1,0,0,1,0,0,1,0,0,1,0,0,1,0,0,1,0,8,A,7,5,A,7,2.8,A,7,-1.7,A,7,73,A,7,983,A,7,200,A,7,5.2,A,7,16100,B,7,7620,A,7,1.0,E,8,0.000,?,0,0.00,?,0,0,1,D,9,00,C,8
12/12/1978,20:00,0,0,0,1,0,0,1,0,0,1,0,0,1,0,0,1,0,0,1,0,0,1,0,8,B,8,4,B,8,2.8,B,8,-2.1,B,8,73,B,8,982,B,8,200,B,8,6.4,B,8,16100,C,8,77777,B,8,1.0,E,8,0.000,?,0,0.00,?,0,0,1,D,9,00,C,8
12/12/1978,21:00,0,0,0,1,0,0,1,0,0,1,0,0,1,0,0,1,0,0,1,0,0,1,0,7,B,8,4,B,8,2.8,B,8,-2.0,B,8,73,B,8,982,B,8,210,B,8,7.6,B,8,16100,C,8,77777,B,8,1.0,E,8,0.000,?,0,0.00,?,0,0,1,D,9,00,C,8
12/12/1978,22:00,0,0,0,1,0,0,1,0,0,1,0,0,1,0,0,1,0,0,1,0,0,1,0,7,A,7,3,A,7,2.8,A,7,-1.7,A,7,73,A,7,981,A,7,210,A,7,8.8,A,7,16100,B,7,77777,A,7,1.0,E,8,0.000,?,0,0.00,?,0,0,1,D,9,00,C,8
12/12/1978,23:00,0,0,0,1,0,0,1,0,0,1,0,0,1,0,0,1,0,0,1,0,0,1,0,5,B,8,3,B,8,2.8,B,8,-1.9,B,8,74,B,8,980,B,8,210,B,8,8.3,B,8,16633,C,8,77777,B,8,1.0,E,8,0.000,?,0,0.00,?,0,0,1,D,9,00,C,8
12/12/1978,24:00,0,0,0,1,0,0,1,0,0,1,0,0,1,0,0,1,0,0,1,0,0,1,0,4,B,8,2,B,8,2.8,B,8,-1.7,B,8,75,B,8,980,B,8,220,B,8,7.7,B,8,17166,C,8,77777,B,8,1.0,E,8,0.000,?,0,0.00,?,0,0,1,D,9,00,C,8
12/13/1978,01:00,0,0,0,1,0,0,1,0,0,1,0,0,1,0,0,1,0,0,1,0,0,1,0,2,A,7,2,A,7,2.8,A,7,-1.1,A,7,76,A,7,979,A,7,220,A,7,7.2,A,7,17700,B,7,77777,A,7,1.0,E,8,0.000,?,0,0.00,?,0,0,1,D,9,00,C,8
12/13/1978,02:00,0,0,0,1,0,0,1,0,0,1,0,0,1,0,0,1,0,0,1,0,0,1,0,5,B,8,5,B,8,3.0,B,8,-1.7,B,8,74,B,8,978,B,8,270,B,8,7.7,B,8,18766,C,8,77777,B,8,1.0,E,8,0.000,?,0,0.00,?,0,0,1,D,9,00,C,8
12/13/1978,03:00,0,0,0,1,0,0,1,0,0,1,0,0,1,0,0,1,0,0,1,0,0,1,0,7,B,8,7,B,8,3.1,B,8,-1.9,B,8,72,B,8,978,B,8,310,B,8,8.3,B,8,19833,C,8,77777,B,8,1.0,E,8,0.000,?,0,0.00,?,0,0,1,D,9,00,C,8
12/13/1978,04:00,0,0,0,1,0,0,1,0,0,1,0,0,1,0,0,1,0,0,1,0,0,1,0,10,A,7,10,A,7,3.3,A,7,-1.7,A,7,70,A,7,977,A,7,360,A,7,8.8,A,7,20900,B,7,760,A,7,1.0,E,8,0.000,?,0,0.00,?,0,0,1,D,9,00,C,8
12/13/1978,05:00,0,0,0,1,0,0,1,0,0,1,0,0,1,0,0,1,0,0,1,0,0,1,0,10,B,8,10,B,8,3.1,B,8,-1.7,B,8,73,B,8,977,B,8,330,B,8,9.0,B,8,20900,C,8,680,B,8,1.0,E,8,0.000,?,0,0.00,?,0,0,1,D,9,00,C,8
12/13/1978,06:00,0,0,0,1,0,0,1,0,0,1,0,0,1,0,0,1,0,0,1,0,0,1,0,10,B,8,10,B,8,3.0,B,8,-1.3,B,8,76,B,8,978,B,8,300,B,8,9.1,B,8,20900,C,8,600,B,8,1.0,E,8,0.000,?,0,0.00,?,0,0,1,D,9,00,C,8
12/13/1978,07:00,0,0,0,1,0,0,1,0,0,1,0,0,1,0,0,1,0,0,1,0,0,1,0,10,A,7,10,A,7,2.8,A,7,-0.6,A,7,79,A,7,978,A,7,270,A,7,9.3,A,7,20900,B,7,520,A,7,1.0,E,8,0.000,?,0,0.00,?,0,0,1,D,9,00,C,8
12/13/1978,08:00,0,0,0,1,0,0,1,0,0,1,0,0,1,0,0,1,0,0,1,0,0,1,0,10,B,8,10,B,8,1.7,B,8,-2.2,B,8,79,B,8,979,B,8,270,B,8,9.6,B,8,15266,C,8,600,B,8,1.0,E,8,0.000,?,0,0.00,?,0,0,1,D,9,00,C,8
12/13/1978,09:00,95,1353,19,1,13,1,1,9,19,1,13,22,1,13,0,1,9,22,1,13,67,1,21,10,B,8,10,B,8,0.5,B,8,-3.4,B,8,78,B,8,980,B,8,280,B,8,10.0,B,8,9633,C,8,680,B,8,0.9,E,8,0.000,F,8,0.00,?,0,0,1,D,9,00,C,8
12/13/1978,10:00,289,1412,66,1,13,16,1,9,62,1,13,72,1,13,13,1,9,69,1,13,161,1,21,10,A,7,10,A,7,-0.6,A,7,-3.9,A,7,78,A,7,981,A,7,280,A,7,10.3,A,7,4000,B,7,760,A,7,0.8,E,8,0.000,F,8,0.00,?,0,0,1,D,9,85,C,8
12/13/1978,11:00,441,1412,106,1,9,4,1,9,105,1,13,120,1,9,2,1,9,120,1,13,394,1,18,10,B,8,10,B,8,-0.6,B,8,-4.1,B,8,78,B,8,982,B,8,280,B,8,10.0,B,8,4266,C,8,680,B,8,0.8,E,8,0.000,F,8,0.00,?,0,0,1,D,9,85,C,8
12/13/1978,12:00,539,1412,140,1,9,5,1,9,138,1,13,159,1,9,4,1,9,157,1,13,528,1,18,10,B,8,10,B,8,-0.6,B,8,-4.1,B,8,78,B,8,982,B,8,280,B,8,9.6,B,8,4533,C,8,600,B,8,0.8,E,8,0.000,F,8,0.00,?,0,0,1,D,9,85,C,8
12/13/1978,13:00,573,1412,157,1,9,7,1,9,154,1,13,177,1,9,5,1,9,175,1,13,590,1,18,10,A,7,10,A,7,-0.6,A,7,-3.9,A,7,78,A,7,982,A,7,280,A,7,9.3,A,7,4800,B,7,520,A,7,0.8,E,8,0.000,F,8,0.00,?,0,0,1,D,9,85,C,8
12/13/1978,14:00,544,1412,172,1,9,7,1,9,169,1,13,192,1,9,5,1,9,189,1,13,606,1,18,10,B,8,10,B,8,-0.8,B,8,-4.3,B,8,79,B,8,983,B,8,280,B,8,9.5,B,8,5866,C,8,520,B,8,0.8,E,8,0.000,F,8,0.00,?,0,0,1,D,9,85,C,8
12/13/1978,15:00,452,1412,121,1,9,3,1,9,120,1,13,136,1,9,2,1,9,135,1,13,437,1,18,10,B,8,10,B,8,-0.9,B,8,-4.3,B,8,81,B,8,984,B,8,270,B,8,9.6,B,8,6933,C,8,520,B,8,0.8,E,8,0.000,F,8,0.00,?,0,0,1,D,9,85,C,8
12/13/1978,16:00,304,1412,80,1,13,1,1,9,79,1,13,88,1,13,0,1,9,88,1,13,270,1,21,10,A,7,10,A,7,-1.1,A,7,-3.9,A,7,82,A,7,984,A,7,270,A,7,9.8,A,7,8000,B,7,520,A,7,0.9,E,8,0.000,F,8,0.00,?,0,0,1,D,9,85,C,8
12/13/1978,17:00,112,1412,27,1,13,0,1,9,27,1,13,30,1,13,0,1,9,30,1,13,88,1,21,10,B,8,10,B,8,-1.5,B,8,-4.4,B,8,83,B,8,985,B,8,270,B,8,9.5,B,8,8000,C,8,480,B,8,0.8,E,8,0.000,F,8,0.00,?,0,0,1,D,9,38,C,8
12/13/1978,18:00,0,59,0,1,0,0,1,0,0,1,0,0,1,1,0,1,2,0,1,2,0,1,1,10,B,8,10,B,8,-1.8,B,8,-4.6,B,8,84,B,8,985,B,8,280,B,8,9.1,B,8,8000,C,8,440,B,8,0.8,E,8,0.000,?,0,0.00,?,0,0,1,D,9,38,C,8
12/13/1978,19:00,0,0,0,1,0,0,1,0,0,1,0,0,1,0,0,1,0,0,1,0,0,1,0,10,A,7,10,A,7,-2.2,A,7,-4.4,A,7,85,A,7,986,A,7,280,A,7,8.8,A,7,8000,B,7,400,A,7,0.8,E,8,0.000,?,0,0.00,?,0,0,1,D,9,38,C,8
12/13/1978,20:00,0,0,0,1,0,0,1,0,0,1,0,0,1,0,0,1,0,0,1,0,0,1,0,10,B,8,10,B,8,-2.6,B,8,-5.5,B,8,83,B,8,987,B,8,280,B,8,8.6,B,8,7466,C,8,500,B,8,0.8,E,8,0.000,?,0,0.00,?,0,0,1,D,9,38,C,8
12/13/1978,21:00,0,0,0,1,0,0,1,0,0,1,0,0,1,0,0,1,0,0,1,0,0,1,0,10,B,8,10,B,8,-2.9,B,8,-6.3,B,8,80,B,8,987,B,8,280,B,8,8.4,B,8,6933,C,8,600,B,8,0.8,E,8,0.000,?,0,0.00,?,0,0,1,D,9,00,C,8
12/13/1978,22:00,0,0,0,1,0,0,1,0,0,1,0,0,1,0,0,1,0,0,1,0,0,1,0,10,A,7,10,A,7,-3.3,A,7,-6.7,A,7,78,A,7,988,A,7,280,A,7,8.2,A,7,6400,B,7,700,A,7,0.7,E,8,0.000,?,0,0.00,?,0,0,1,D,9,71,C,8
12/13/1978,23:00,0,0,0,1,0,0,1,0,0,1,0,0,1,0,0,1,0,0,1,0,0,1,0,9,B,8,9,B,8,-3.3,B,8,-7.3,B,8,77,B,8,988,B,8,280,B,8,7.5,B,8,8033,C,8,1077,B,8,0.7,E,8,0.000,?,0,0.00,?,0,0,1,D,9,71,C,8
12/13/1978,24:00,0,0,0,1,0,0,1,0,0,1,0,0,1,0,0,1,0,0,1,0,0,1,0,7,B,8,7,B,8,-3.3,B,8,-7.4,B,8,76,B,8,989,B,8,290,B,8,6.9,B,8,9666,C,8,1453,B,8,0.7,E,8,0.000,?,0,0.00,?,0,0,1,D,9,00,C,8
12/14/1978,01:00,0,0,0,1,0,0,1,0,0,1,0,0,1,0,0,1,0,0,1,0,0,1,0,6,A,7,6,A,7,-3.3,A,7,-7.2,A,7,75,A,7,989,A,7,290,A,7,6.2,A,7,11300,B,7,1830,A,7,0.7,E,8,0.000,?,0,0.00,?,0,0,1,D,9,00,C,8
12/14/1978,02:00,0,0,0,1,0,0,1,0,0,1,0,0,1,0,0,1,0,0,1,0,0,1,0,4,B,8,4,B,8,-4.6,B,8,-8.1,B,8,79,B,8,989,B,8,280,B,8,5.3,B,8,18266,C,8,77777,B,8,0.7,E,8,0.000,?,0,0.00,?,0,0,1,D,9,00,C,8
12/14/1978,03:00,0,0,0,1,0,0,1,0,0,1,0,0,1,0,0,1,0,0,1,0,0,1,0,2,B,8,2,B,8,-5.9,B,8,-8.7,B,8,84,B,8,990,B,8,280,B,8,4.5,B,8,25233,C,8,77777,B,8,0.7,E,8,0.000,?,0,0.00,?,0,0,1,D,9,00,C,8
12/14/1978,04:00,0,0,0,1,0,0,1,0,0,1,0,0,1,0,0,1,0,0,1,0,0,1,0,0,A,7,0,A,7,-7.2,A,7,-8.9,A,7,88,A,7,990,A,7,270,A,7,3.6,A,7,32200,B,7,77777,A,7,0.6,E,8,0.000,?,0,0.00,?,0,0,1,D,9,00,C,8
12/14/1978,05:00,0,0,0,1,0,0,1,0,0,1,0,0,1,0,0,1,0,0,1,0,0,1,0,2,B,8,2,B,8,-6.3,B,8,-8.9,B,8,85,B,8,990,B,8,270,B,8,4.1,B,8,32200,C,8,77777,B,8,0.7,E,8,0.000,?,0,0.00,?,0,0,1,D,9,00,C,8
12/14/1978,06:00,0,0,0,1,0,0,1,0,0,1,0,0,1,0,0,1,0,0,1,0,0,1,0,4,B,8,4,B,8,-5.3,B,8,-8.5,B,8,81,B,8,989,B,8,260,B,8,4.7,B,8,32200,C,8,77777,B,8,0.7,E,8,0.000,?,0,0.00,?,0,0,1,D,9,00,C,8
12/14/1978,07:00,0,0,0,1,0,0,1,0,0,1,0,0,1,0,0,1,0,0,1,0,0,1,0,6,A,7,6,A,7,-4.4,A,7,-7.8,A,7,78,A,7,989,A,7,260,A,7,5.2,A,7,32200,B,7,1160,A,7,0.7,E,8,0.000,?,0,0.00,?,0,0,1,D,9,00,C,8
12/14/1978,08:00,0,0,0,1,0,0,1,0,0,1,0,0,1,0,0,1,0,0,1,0,0,1,0,6,B,8,5,B,8,-4.0,B,8,-8.0,B,8,78,B,8,989,B,8,250,B,8,6.4,B,8,28433,C,8,77777,B,8,0.7,E,8,0.000,?,0,0.00,?,0,0,1,D,9,00,C,8
12/14/1978,09:00,93,1353,39,1,18,195,1,18,23,1,18,38,1,18,94,1,18,31,1,18,40,1,31,5,B,8,3,B,8,-3.7,B,8,-7.7,B,8,78,B,8,988,B,8,230,B,8,7.6,B,8,24666,C,8,77777,B,8,0.7,E,8,0.000,F,8,0.00,?,0,0,1,D,9,00,C,8
12/14/1978,10:00,287,1412,107,1,13,237,1,9,59,1,13,113,1,13,180,1,9,77,1,13,106,1,21,5,A,7,2,A,7,-3.3,A,7,-6.7,A,7,78,A,7,988,A,7,220,A,7,8.8,A,7,20900,B,7,77777,A,7,0.7,E,8,0.000,F,8,0.00,?,0,0,1,D,9,00,C,8
12/14/1978,11:00,439,1412,211,1,9,298,1,9,118,1,13,224,1,9,273,1,9,139,1,13,236,1,18,7,B,8,2,B,8,-2.6,B,8,-7.0,B,8,73,B,8,987,B,8,220,B,8,9.0,B,8,20900,C,8,77777,B,8,0.7,E,8,0.000,F,8,0.00,?,0,0,1,D,9,00,C,8
12/14/1978,12:00,537,1412,355,1,9,647,1,9,107,1,13,364,1,9,602,1,9,134,1,13,202,1,18,8,B,8,2,B,8,-1.8,B,8,-7.3,B,8,69,B,8,985,B,8,220,B,8,9.1,B,8,20900,C,8,77777,B,8,0.7,E,8,0.000,F,8,0.00,?,0,0,1,D,9,00,C,8
12/14/1978,13:00,572,1412,379,1,9,592,1,9,137,1,13,397,1,9,570,1,9,165,1,13,270,1,18,10,A,7,2,A,7,-1.1,A,7,-7.2,A,7,64,A,7,984,A,7,220,A,7,9.3,A,7,20900,B,7,77777,A,7,0.7,E,8,0.000,F,8,0.00,?,0,0,1,D,9,00,C,8
12/14/1978,14:00,543,1412,328,1,9,532,1,9,122,1,13,346,1,9,506,1,9,150,1,13,236,1,18,9,B,8,2,B,8,-0.5,B,8,-7.4,B,8,62,B,8,983,B,8,220,B,8,9.5,B,8,20900,C,8,77777,B,8,0.7,E,8,0.000,F,8,0.00,?,0,0,1,D,9,00,C,8
12/14/1978,15:00,451,1412,289,1,9,644,1,9,81,1,13,297,1,9,578,1,9,112,1,13,152,1,18,7,B,8,2,B,8,0.0,B,8,-7.2,B,8,61,B,8,982,B,8,210,B,8,9.6,B,8,20900,C,8,77777,B,8,0.7,E,8,0.000,F,8,0.00,?,0,0,1,D,9,00,C,8
12/14/1978,16:00,304,1412,161,1,13,456,1,9,62,1,13,163,1,13,356,1,9,86,1,13,109,1,21,6,A,7,2,A,7,0.6,A,7,-6.7,A,7,59,A,7,981,A,7,210,A,7,9.8,A,7,20900,B,7,77777,A,7,0.7,E,8,0.000,F,8,0.00,?,0,0,1,D,9,00,C,8
12/14/1978,17:00,113,1412,47,1,13,215,1,9,30,1,13,49,1,13,96,1,9,41,1,13,54,1,21,5,B,8,2,B,8,0.6,B,8,-6.7,B,8,61,B,8,981,B,8,220,B,8,9.8,B,8,20900,C,8,77777,B,8,0.7,E,8,0.000,F,8,0.00,?,0,0,1,D,9,00,C,8
12/14/1978,18:00,0,82,0,1,0,0,1,0,0,1,0,0,1,1,0,1,2,0,1,2,0,1,1,5,B,8,3,B,8,0.6,B,8,-6.4,B,8,62,B,8,980,B,8,220,B,8,9.8,B,8,20900,C,8,77777,B,8,0.8,E,8,0.000,?,0,0.00,?,0,0,1,D,9,00,C,8
12/14/1978,19:00,0,0,0,1,0,0,1,0,0,1,0,0,1,0,0,1,0,0,1,0,0,1,0,4,A,7,3,A,7,0.6,A,7,-5.6,A,7,64,A,7,980,A,7,230,A,7,9.8,A,7,20900,B,7,77777,A,7,0.8,E,8,0.000,?,0,0.00,?,0,0,1,D,9,00,C,8
12/14/1978,20:00,0,0,0,1,0,0,1,0,0,1,0,0,1,0,0,1,0,0,1,0,0,1,0,6,B,8,5,B,8,0.6,B,8,-5.6,B,8,66,B,8,979,B,8,230,B,8,9.6,B,8,19300,C,8,77777,B,8,0.8,E,8,0.000,?,0,0.00,?,0,0,1,D,9,00,C,8
12/14/1978,21:00,0,0,0,1,0,0,1,0,0,1,0,0,1,0,0,1,0,0,1,0,0,1,0,8,B,8,7,B,8,0.6,B,8,-5.1,B,8,68,B,8,979,B,8,220,B,8,9.5,B,8,17700,C,8,77777,B,8,0.8,E,8,0.000,?,0,0.00,?,0,0,1,D,9,00,C,8
12/14/1978,22:00,0,0,0,1,0,0,1,0,0,1,0,0,1,0,0,1,0,0,1,0,0,1,0,10,A,7,9,A,7,0.6,A,7,-4.4,A,7,70,A,7,978,A,7,220,A,7,9.3,A,7,16100,B,7,7620,A,7,0.8,E,8,0.000,?,0,0.00,?,0,0,1,D,9,00,C,8
12/14/1978,23:00,0,0,0,1,0,0,1,0,0,1,0,0,1,0,0,1,0,0,1,0,0,1,0,10,B,8,9,B,8,0.6,B,8,-5.0,B,8,69,B,8,978,B,8,220,B,8,8.8,B,8,16633,C,8,6300,B,8,0.8,E,8,0.000,?,0,0.00,?,0,0,1,D,9,00,C,8
12/14/1978,24:00,0,0,0,1,0,0,1,0,0,1,0,0,1,0,0,1,0,0,1,0,0,1,0,10,B,8,10,B,8,0.6,B,8,-5.2,B,8,68,B,8,977,B,8,220,B,8,8.2,B,8,17166,C,8,4980,B,8,0.8,E,8,0.000,?,0,0.00,?,0,0,1,D,9,00,C,8
12/15/1978,01:00,0,0,0,1,0,0,1,0,0,1,0,0,1,0,0,1,0,0,1,0,0,1,0,10,A,7,10,A,7,0.6,A,7,-5.0,A,7,67,A,7,976,A,7,220,A,7,7.7,A,7,17700,B,7,3660,A,7,0.8,E,8,0.000,?,0,0.00,?,0,0,1,D,9,00,C,8
12/15/1978,02:00,0,0,0,1,0,0,1,0,0,1,0,0,1,0,0,1,0,0,1,0,0,1,0,10,B,8,10,B,8,0.6,B,8,-5.4,B,8,67,B,8,975,B,8,220,B,8,7.9,B,8,17700,C,8,3660,B,8,0.8,E,8,0.000,?,0,0.00,?,0,0,1,D,9,00,C,8
12/15/1978,03:00,0,0,0,1,0,0,1,0,0,1,0,0,1,0,0,1,0,0,1,0,0,1,0,9,B,8,9,B,8,0.6,B,8,-5.4,B,8,67,B,8,975,B,8,230,B,8,8.0,B,8,17700,C,8,3660,B,8,0.8,E,8,0.000,?,0,0.00,?,0,0,1,D,9,00,C,8
12/15/1978,04:00,0,0,0,1,0,0,1,0,0,1,0,0,1,0,0,1,0,0,1,0,0,1,0,9,A,7,9,A,7,0.6,A,7,-5.0,A,7,67,A,7,974,A,7,230,A,7,8.2,A,7,17700,B,7,3660,A,7,0.8,E,8,0.000,?,0,0.00,?,0,0,1,D,9,00,C,8
12/15/1978,05:00,0,0,0,1,0,0,1,0,0,1,0,0,1,0,0,1,0,0,1,0,0,1,0,8,B,8,8,B,8,0.4,B,8,-5.4,B,8,68,B,8,974,B,8,230,B,8,8.2,B,8,17700,C,8,3660,B,8,0.8,E,8,0.000,?,0,0.00,?,0,0,1,D,9,00,C,8
12/15/1978,06:00,0,0,0,1,0,0,1,0,0,1,0,0,1,0,0,1,0,0,1,0,0,1,0,8,B,8,8,B,8,0.2,B,8,-5.3,B,8,68,B,8,975,B,8,220,B,8,8.2,B,8,17700,C,8,3660,B,8,0.8,E,8,0.000,?,0,0.00,?,0,0,1,D,9,00,C,8
12/15/1978,07:00,0,0,0,1,0,0,1,0,0,1,0,0,1,0,0,1,0,0,1,0,0,1,0,7,A,7,7,A,7,0.0,A,7,-5.0,A,7,69,A,7,975,A,7,220,A,7,8.2,A,7,17700,B,7,3660,A,7,0.8,E,8,0.000,?,0,0.00,?,0,0,1,D,9,00,C,8
12/15/1978,08:00,0,0,0,1,0,0,1,0,0,1,0,0,1,0,0,1,0,0,1,0,0,1,0,5,B,8,5,B,8,0.2,B,8,-5.3,B,8,69,B,8,975,B,8,220,B,8,8.4,B,8,18766,C,8,77777,B,8,0.8,E,8,0.000,?,0,0.00,?,0,0,1,D,9,00,C,8
12/15/1978,09:00,90,1330,36,1,18,165,1,18,23,1,18,37,1,18,70,1,18,32,1,18,41,1,31,3,B,8,3,B,8,0.4,B,8,-5.2,B,8,70,B,8,975,B,8,230,B,8,8.6,B,8,19833,C,8,77777,B,8,0.8,E,8,0.000,F,8,0.00,?,0,0,1,D,9,00,C,8
12/15/1978,10:00,284,1412,152,1,13,506,1,9,49,1,13,156,1,13,390,1,9,77,1,13,89,1,21,1,A,7,1,A,7,0.6,A,7,-4.4,A,7,70,A,7,975,A,7,230,A,7,8.8,A,7,20900,B,7,77777,A,7,0.8,E,8,0.000,F,8,0.00,?,0,0,1,D,9,00,C,8
12/15/1978,11:00,437,1412,276,1,9,684,1,9,63,1,13,281,1,9,612,1,9,91,1,13,118,1,18,1,B,8,1,B,8,1.3,B,8,-4.2,B,8,68,B,8,975,B,8,230,B,8,9.6,B,8,20900,C,8,77777,B,8,0.8,E,8,0.000,F,8,0.00,?,0,0,1,D,9,00,C,8
12/15/1978,12:00,535,1412,360,1,9,766,1,9,68,1,13,373,1,9,720,1,9,99,1,13,137,1,18,0,B,8,0,B,8,2.1,B,8,-3.9,B,8,67,B,8,976,B,8,230,B,8,10.5,B,8,20900,C,8,77777,B,8,0.9,E,8,0.000,F,8,0.00,?,0,0,1,D,9,00,C,8
12/15/1978,13:00,571,1412,393,1,9,790,1,9,71,1,13,408,1,9,751,1,9,103,1,13,145,1,18,0,A,7,0,A,7,2.8,A,7,-3.3,A,7,65,A,7,976,A,7,230,A,7,11.3,A,7,20900,B,7,77777,A,7,0.9,E,8,0.000,F,8,0.00,?,0,0,1,D,9,00,C,8
12/15/1978,14:00,542,1412,367,1,9,773,1,9,68,1,13,381,1,9,728,1,9,99,1,13,138,1,18,0,B,8,0,B,8,3.0,B,8,-3.5,B,8,65,B,8,976,B,8,230,B,8,10.3,B,8,20900,C,8,77777,B,8,0.9,E,8,0.000,F,8,0.00,?,0,0,1,D,9,00,C,8
12/15/1978,15:00,451,1412,290,1,9,715,1,9,60,1,13,298,1,9,647,1,9,90,1,13,117,1,18,0,B,8,0,B,8,3.1,B,8,-3.3,B,8,65,B,8,977,B,8,240,B,8,9.2,B,8,20900,C,8,77777,B,8,0.9,E,8,0.000,F,8,0.00,?,0,0,1,D,9,00,C,8
12/15/1978,16:00,304,1412,173,1,13,581,1,9,46,1,13,174,1,13,470,1,9,72,1,13,84,1,21,0,A,7,0,A,7,3.3,A,7,-2.8,A,7,65,A,7,978,A,7,240,A,7,8.2,A,7,20900,B,7,77777,A,7,0.9,E,8,0.000,F,8,0.00,?,0,0,1,D,9,00,C,8
12/15/1978,17:00,113,1412,40,1,13,199,1,9,24,1,13,41,1,13,100,1,9,33,1,13,42,1,21,1,B,8,1,B,8,2.6,B,8,-3.3,B,8,68,B,8,978,B,8,240,B,8,7.2,B,8,20900,C,8,77777,B,8,0.9,E,8,0.000,F,8,0.00,?,0,0,1,D,9,00,C,8
12/15/1978,18:00,0,82,0,1,0,0,1,0,0,1,0,0,1,1,0,1,2,0,1,2,0,1,1,2,B,8,2,B,8,1.8,B,8,-3.5,B,8,70,B,8,979,B,8,230,B,8,6.2,B,8,20900,C,8,77777,B,8,0.9,E,8,0.000,?,0,0.00,?,0,0,1,D,9,00,C,8
12/15/1978,19:00,0,0,0,1,0,0,1,0,0,1,0,0,1,0,0,1,0,0,1,0,0,1,0,3,A,7,3,A,7,1.1,A,7,-3.3,A,7,73,A,7,980,A,7,230,A,7,5.2,A,7,20900,B,7,77777,A,7,0.9,E,8,0.000,?,0,0.00,?,0,0,1,D,9,00,C,8
12/15/1978,20:00,0,0,0,1,0,0,1,0,0,1,0,0,1,0,0,1,0,0,1,0,0,1,0,2,B,8,2,B,8,0.7,B,8,-3.9,B,8,74,B,8,980,B,8,230,B,8,5.2,B,8,19300,C,8,77777,B,8,0.9,E,8,0.000,?,0,0.00,?,0,0,1,D,9,00,C,8
12/15/1978,21:00,0,0,0,1,0,0,1,0,0,1,0,0,1,0,0,1,0,0,1,0,0,1,0,1,B,8,1,B,8,0.4,B,8,-4.0,B,8,74,B,8,981,B,8,240,B,8,5.2,B,8,17700,C,8,77777,B,8,0.9,E,8,0.000,?,0,0.00,?,0,0,1,D,9,00,C,8
12/15/1978,22:00,0,0,0,1,0,0,1,0,0,1,0,0,1,0,0,1,0,0,1,0,0,1,0,0,A,7,0,A,7,0.0,A,7,-3.9,A,7,75,A,7,982,A,7,240,A,7,5.2,A,7,16100,B,7,77777,A,7,0.8,E,8,0.000,?,0,0.00,?,0,0,1,D,9,00,C,8
12/15/1978,23:00,0,0,0,1,0,0,1,0,0,1,0,0,1,0,0,1,0,0,1,0,0,1,0,0,B,8,0,B,8,-0.9,B,8,-4.7,B,8,78,B,8,982,B,8,240,B,8,4.7,B,8,15566,C,8,77777,B,8,0.8,E,8,0.000,?,0,0.00,?,0,0,1,D,9,00,C,8
12/15/1978,24:00,0,0,0,1,0,0,1,0,0,1,0,0,1,0,0,1,0,0,1,0,0,1,0,0,B,8,0,B,8,-1.9,B,8,-5.0,B,8,82,B,8,982,B,8,240,B,8,4.1,B,8,15033,C,8,77777,B,8,0.8,E,8,0.000,?,0,0.00,?,0,0,1,D,9,00,C,8
12/16/1978,01:00,0,0,0,1,0,0,1,0,0,1,0,0,1,0,0,1,0,0,1,0,0,1,0,0,A,7,0,A,7,-2.8,A,7,-5.0,A,7,85,A,7,983,A,7,240,A,7,3.6,A,7,14500,B,7,77777,A,7,0.8,E,8,0.000,?,0,0.00,?,0,0,1,D,9,00,C,8
12/16/1978,02:00,0,0,0,1,0,0,1,0,0,1,0,0,1,0,0,1,0,0,1,0,0,1,0,1,B,8,1,B,8,-2.4,B,8,-4.8,B,8,86,B,8,983,B,8,230,B,8,3.6,B,8,13433,C,8,77777,B,8,0.8,E,8,0.000,?,0,0.00,?,0,0,1,D,9,00,C,8
12/16/1978,03:00,0,0,0,1,0,0,1,0,0,1,0,0,1,0,0,1,0,0,1,0,0,1,0,1,B,8,1,B,8,-2.1,B,8,-4.3,B,8,88,B,8,983,B,8,220,B,8,3.6,B,8,12366,C,8,77777,B,8,0.8,E,8,0.000,?,0,0.00,?,0,0,1,D,9,00,C,8
12/16/1978,04:00,0,0,0,1,0,0,1,0,0,1,0,0,1,0,0,1,0,0,1,0,0,1,0,2,A,7,2,A,7,-1.7,A,7,-3.3,A,7,89,A,7,983,A,7,210,A,7,3.6,A,7,11300,B,7,77777,A,7,0.9,E,8,0.000,?,0,0.00,?,0,0,1,D,9,00,C,8
12/16/1978,05:00,0,0,0,1,0,0,1,0,0,1,0,0,1,0,0,1,0,0,1,0,0,1,0,1,B,8,1,B,8,-1.5,B,8,-3.3,B,8,90,B,8,983,B,8,200,B,8,3.6,B,8,9666,C,8,77777,B,8,0.9,E,8,0.000,?,0,0.00,?,0,0,1,D,9,45,C,8
12/16/1978,06:00,0,0,0,1,0,0,1,0,0,1,0,0,1,0,0,1,0,0,1,0,0,1,0,1,B,8,1,B,8,-1.3,B,8,-2.9,B,8,91,B,8,983,B,8,200,B,8,3.6,B,8,8033,C,8,77777,B,8,0.9,E,8,0.000,?,0,0.00,?,0,0,1,D,9,45,C,8
12/16/1978,07:00,0,0,0,1,0,0,1,0,0,1,0,0,1,0,0,1,0,0,1,0,0,1,0,0,A,7,0,A,7,-1.1,A,7,-2.2,A,7,92,A,7,982,A,7,190,A,7,3.6,A,7,6400,B,7,77777,A,7,0.9,E,8,0.000,?,0,0.00,?,0,0,1,D,9,45,C,8
12/16/1978,08:00,0,0,0,1,0,0,1,0,0,1,0,0,1,0,0,1,0,0,1,0,0,1,0,3,B,8,2,B,8,-1.1,B,8,-2.9,B,8,91,B,8,982,B,8,190,B,8,3.8,B,8,8566,C,8,77777,B,8,0.9,E,8,0.000,?,0,0.00,?,0,0,1,D,9,45,C,8
12/16/1978,09:00,88,1307,35,1,18,77,1,18,28,1,18,35,1,18,29,1,18,33,1,18,52,1,31,5,B,8,5,B,8,-1.1,B,8,-3.2,B,8,90,B,8,982,B,8,200,B,8,3.9,B,8,10733,C,8,77777,B,8,0.9,E,8,0.000,F,8,0.00,?,0,0,1,D,9,45,C,8
12/16/1978,10:00,282,1412,102,1,13,86,1,13,85,1,13,110,1,13,67,1,13,97,1,13,183,1,23,8,A,7,7,A,7,-1.1,A,7,-2.8,A,7,89,A,7,982,A,7,200,A,7,4.1,A,7,12900,B,7,3660,A,7,0.9,E,8,0.000,F,8,0.00,?,0,0,1,D,9,00,C,8
12/16/1978,11:00,435,1412,181,1,18,238,1,18,107,1,18,193,1,18,217,1,18,126,1,18,210,1,31,9,B,8,7,B,8,0.4,B,8,-2.4,B,8,84,B,8,981,B,8,200,B,8,3.9,B,8,12900,C,8,4980,B,8,0.9,E,8,0.000,F,8,0.00,?,0,0,1,D,9,00,C,8
12/16/1978,12:00,534,1412,242,1,18,249,1,18,147,1,18,257,1,18,243,1,18,165,1,18,305,1,31,9,B,8,6,B,8,1.8,B,8,-1.9,B,8,78,B,8,980,B,8,200,B,8,3.8,B,8,12900,C,8,6300,B,8,1.0,E,8,0.000,F,8,0.00,?,0,0,1,D,9,00,C,8
12/16/1978,13:00,570,1412,332,1,13,501,1,13,128,1,13,350,1,13,482,1,13,154,1,13,250,1,23,10,A,7,6,A,7,3.3,A,7,-1.1,A,7,73,A,7,979,A,7,200,A,7,3.6,A,7,12900,B,7,7620,A,7,1.0,E,8,0.000,F,8,0.00,?,0,0,1,D,9,00,C,8
12/16/1978,14:00,542,1412,255,1,18,185,1,18,184,1,18,275,1,18,180,1,18,206,1,18,428,1,31,10,B,8,7,B,8,3.3,B,8,-1.5,B,8,73,B,8,978,B,8,200,B,8,4.5,B,8,12900,C,8,5537,B,8,1.0,E,8,0.000,F,8,0.00,?,0,0,1,D,9,00,C,8
12/16/1978,15:00,451,1412,171,1,9,42,1,9,157,1,13,186,1,9,39,1,9,174,1,13,395,1,18,10,B,8,9,B,8,3.3,B,8,-1.5,B,8,73,B,8,977,B,8,190,B,8,5.3,B,8,12900,C,8,3453,B,8,1.0,E,8,0.000,F,8,0.00,?,0,0,1,D,9,00,C,8
12/16/1978,16:00,305,1412,68,1,13,7,1,9,66,1,13,76,1,13,3,1,9,76,1,13,239,1,21,10,A,7,10,A,7,3.3,A,7,-1.1,A,7,73,A,7,976,A,7,190,A,7,6.2,A,7,12900,B,7,1370,A,7,1.0,E,8,0.000,F,8,0.00,?,0,0,1,D,9,00,C,8
12/16/1978,17:00,114,1412,19,1,13,2,1,9,19,1,13,22,1,13,0,1,9,22,1,13,68,1,21,10,B,8,10,B,8,2.8,B,8,-1.1,B,8,78,B,8,976,B,8,210,B,8,7.2,B,8,9666,C,8,1027,B,8,1.0,E,8,0.000,F,8,0.00,?,0,0,1,D,9,00,C,8
12/16/1978,18:00,0,82,0,1,0,0,1,0,0,1,0,0,1,1,0,1,2,0,1,2,0,1,1,10,B,8,10,B,8,2.2,B,8,-0.8,B,8,84,B,8,976,B,8,220,B,8,8.3,B,8,6433,C,8,683,B,8,1.0,E,8,0.000,?,0,0.00,?,0,0,1,D,9,05,C,8
12/16/1978,19:00,0,0,0,1,0,0,1,0,0,1,0,0,1,0,0,1,0,0,1,0,0,1,0,10,A,7,10,A,7,1.7,A,7,0.0,A,7,89,A,7,976,A,7,240,A,7,9.3,A,7,3200,B,7,340,A,7,1.1,E,8,0.000,?,0,0.00,?,0,0,1,D,9,71,C,8
12/16/1978,20:00,0,0,0,1,0,0,1,0,0,1,0,0,1,0,0,1,0,0,1,0,0,1,0,10,B,8,10,B,8,1.5,B,8,-0.4,B,8,90,B,8,977,B,8,260,B,8,9.5,B,8,4266,C,8,307,B,8,1.1,E,8,0.000,?,0,0.00,?,0,3,1,D,9,71,C,8
12/16/1978,21:00,0,0,0,1,0,0,1,0,0,1,0,0,1,0,0,1,0,0,1,0,0,1,0,10,B,8,10,B,8,1.3,B,8,-0.3,B,8,91,B,8,978,B,8,270,B,8,9.6,B,8,5333,C,8,273,B,8,1.1,E,8,0.000,?,0,0.00,?,0,0,1,D,9,71,C,8
12/16/1978,22:00,0,0,0,1,0,0,1,0,0,1,0,0,1,0,0,1,0,0,1,0,0,1,0,10,A,7,10,A,7,1.1,A,7,0.0,A,7,92,A,7,978,A,7,290,A,7,9.8,A,7,6400,B,7,240,A,7,1.1,E,8,0.000,?,0,0.00,?,0,0,1,D,9,71,C,8
12/16/1978,23:00,0,0,0,1,0,0,1,0,0,1,0,0,1,0,0,1,0,0,1,0,0,1,0,10,B,8,10,B,8,1.1,B,8,-1.1,B,8,88,B,8,980,B,8,300,B,8,9.5,B,8,9100,C,8,393,B,8,1.0,E,8,0.000,?,0,0.00,?,0,0,1,D,9,71,C,8
12/16/1978,24:00,0,0,0,1,0,0,1,0,0,1,0,0,1,0,0,1,0,0,1,0,0,1,0,10,B,8,10,B,8,1.1,B,8,-1.8,B,8,83,B,8,982,B,8,300,B,8,9.1,B,8,11800,C,8,547,B,8,1.0,E,8,0.000,?,0,0.00,?,0,0,1,D,9,00,C,8
12/17/1978,01:00,0,0,0,1,0,0,1,0,0,1,0,0,1,0,0,1,0,0,1,0,0,1,0,10,A,7,10,A,7,1.1,A,7,-2.2,A,7,79,A,7,983,A,7,310,A,7,8.8,A,7,14500,B,7,700,A,7,0.9,E,8,0.000,?,0,0.00,?,0,0,1,D,9,00,C,8
12/17/1978,02:00,0,0,0,1,0,0,1,0,0,1,0,0,1,0,0,1,0,0,1,0,0,1,0,10,B,8,10,B,8,0.9,B,8,-2.9,B,8,78,B,8,985,B,8,310,B,8,9.3,B,8,14500,C,8,750,B,8,0.9,E,8,0.000,?,0,0.00,?,0,0,1,D,9,00,C,8
12/17/1978,03:00,0,0,0,1,0,0,1,0,0,1,0,0,1,0,0,1,0,0,1,0,0,1,0,10,B,8,10,B,8,0.8,B,8,-3.3,B,8,76,B,8,986,B,8,300,B,8,9.8,B,8,14500,C,8,800,B,8,0.9,E,8,0.000,?,0,0.00,?,0,0,1,D,9,00,C,8
12/17/1978,04:00,0,0,0,1,0,0,1,0,0,1,0,0,1,0,0,1,0,0,1,0,0,1,0,10,A,7,10,A,7,0.6,A,7,-3.3,A,7,75,A,7,987,A,7,300,A,7,10.3,A,7,14500,B,7,850,A,7,0.9,E,8,0.000,?,0,0.00,?,0,0,1,D,9,00,C,8
12/17/1978,05:00,0,0,0,1,0,0,1,0,0,1,0,0,1,0,0,1,0,0,1,0,0,1,0,10,B,8,10,B,8,0.2,B,8,-4.1,B,8,75,B,8,988,B,8,300,B,8,9.4,B,8,15566,C,8,800,B,8,0.9,E,8,0.000,?,0,0.00,?,0,0,1,D,9,00,C,8
12/17/1978,06:00,0,0,0,1,0,0,1,0,0,1,0,0,1,0,0,1,0,0,1,0,0,1,0,10,B,8,10,B,8,-0.2,B,8,-4.4,B,8,75,B,8,989,B,8,300,B,8,8.6,B,8,16633,C,8,750,B,8,0.8,E,8,0.000,?,0,0.00,?,0,0,1,D,9,00,C,8
12/17/1978,07:00,0,0,0,1,0,0,1,0,0,1,0,0,1,0,0,1,0,0,1,0,0,1,0,10,A,7,10,A,7,-0.6,A,7,-4.4,A,7,75,A,7,990,A,7,300,A,7,7.7,A,7,17700,B,7,700,A,7,0.8,E,8,0.000,?,0,0.00,?,0,0,1,D,9,00,C,8
12/17/1978,08:00,0,0,0,1,0,0,1,0,0,1,0,0,1,0,0,1,0,0,1,0,0,1,0,8,B,8,8,B,8,-0.8,B,8,-4.8,B,8,77,B,8,990,B,8,290,B,8,7.9,B,8,18766,C,8,77777,B,8,0.8,E,8,0.000,?,0,0.00,?,0,0,1,D,9,00,C,8
12/17/1978,09:00,86,1307,33,1,18,82,1,18,27,1,18,35,1,18,30,1,18,32,1,18,49,1,31,6,B,8,6,B,8,-0.9,B,8,-4.7,B,8,80,B,8,991,B,8,280,B,8,8.0,B,8,19833,C,8,77777,B,8,0.8,E,8,0.000,F,8,0.00,?,0,0,1,D,9,00,C,8
12/17/1978,10:00,280,1413,157,1,13,427,1,13,72,1,13,162,1,13,319,1,13,98,1,13,133,1,23,4,A,7,4,A,7,-1.1,A,7,-3.9,A,7,82,A,7,991,A,7,270,A,7,8.2,A,7,20900,B,7,77777,A,7,0.9,E,8,0.000,F,8,0.00,?,0,0,1,D,9,00,C,8
12/17/1978,11:00,433,1413,284,1,18,642,1,18,85,1,18,290,1,18,566,1,18,115,1,18,155,1,31,4,B,8,4,B,8,-0.5,B,8,-3.7,B,8,81,B,8,991,B,8,270,B,8,8.7,B,8,20900,C,8,77777,B,8,0.9,E,8,0.000,F,8,0.00,?,0,0,1,D,9,00,C,8
12/17/1978,12:00,532,1413,298,1,18,403,1,18,145,1,18,308,1,18,380,1,18,164,1,18,286,1,31,4,B,8,4,B,8,0.0,B,8,-3.4,B,8,80,B,8,991,B,8,280,B,8,9.3,B,8,20900,C,8,77777,B,8,0.9,E,8,0.000,F,8,0.00,?,0,0,1,D,9,00,C,8
12/17/1978,13:00,569,1413,289,1,13,287,1,13,172,1,13,305,1,13,284,1,13,190,1,13,369,1,23,4,A,7,4,A,7,0.6,A,7,-2.8,A,7,79,A,7,992,A,7,280,A,7,9.8,A,7,20900,B,7,77777,A,7,0.9,E,8,0.000,F,8,0.00,?,0,0,1,D,9,00,C,8
12/17/1978,14:00,542,1413,353,1,18,604,1,18,120,1,18,360,1,18,559,1,18,144,1,18,222,1,31,4,B,8,3,B,8,0.8,B,8,-3.7,B,8,75,B,8,991,B,8,280,B,8,9.5,B,8,21966,C,8,77777,B,8,0.9,E,8,0.000,F,8,0.00,?,0,0,1,D,9,00,C,8
12/17/1978,15:00,452,1413,240,1,18,415,1,18,107,1,18,251,1,18,375,1,18,131,1,18,202,1,31,4,B,8,3,B,8,0.9,B,8,-4.2,B,8,71,B,8,991,B,8,280,B,8,9.1,B,8,23033,C,8,77777,B,8,0.9,E,8,0.000,F,8,0.00,?,0,0,1,D,9,00,C,8
12/17/1978,16:00,305,1413,154,1,13,396,1,9,68,1,13,161,1,13,308,1,9,94,1,13,124,1,21,4,A,7,2,A,7,1.1,A,7,-4.4,A,7,67,A,7,991,A,7,280,A,7,8.8,A,7,24100,B,7,77777,A,7,0.8,E,8,0.000,F,8,0.00,?,0,0,1,D,9,00,C,8
12/17/1978,17:00,115,1413,45,1,13,272,1,9,22,1,13,45,1,13,139,1,9,34,1,13,39,1,21,3,B,8,1,B,8,0.4,B,8,-5.0,B,8,70,B,8,991,B,8,270,B,8,7.9,B,8,24100,C,8,77777,B,8,0.8,E,8,0.000,F,8,0.00,?,0,0,1,D,9,00,C,8
12/17/1978,18:00,0,82,0,1,0,0,1,0,0,1,0,0,1,1,0,1,2,0,1,2,0,1,1,1,B,8,1,B,8,-0.4,B,8,-5.2,B,8,72,B,8,991,B,8,260,B,8,7.1,B,8,24100,C,8,77777,B,8,0.8,E,8,0.000,?,0,0.00,?,0,0,1,D,9,00,C,8
12/17/1978,19:00,0,0,0,1,0,0,1,0,0,1,0,0,1,0,0,1,0,0,1,0,0,1,0,0,A,7,0,A,7,-1.1,A,7,-5.0,A,7,75,A,7,991,A,7,250,A,7,6.2,A,7,24100,B,7,77777,A,7,0.8,E,8,0.000,?,0,0.00,?,0,0,1,D,9,00,C,8
12/17/1978,20:00,0,0,0,1,0,0,1,0,0,1,0,0,1,0,0,1,0,0,1,0,0,1,0,0,B,8,0,B,8,-1.5,B,8,-5.6,B,8,76,B,8,990,B,8,250,B,8,6.0,B,8,24100,C,8,77777,B,8,0.8,E,8,0.000,?,0,0.00,?,0,0,1,D,9,00,C,8
12/17/1978,21:00,0,0,0,1,0,0,1,0,0,1,0,0,1,0,0,1,0,0,1,0,0,1,0,0,B,8,0,B,8,-1.8,B,8,-5.7,B,8,77,B,8,990,B,8,240,B,8,5.9,B,8,24100,C,8,77777,B,8,0.8,E,8,0.000,?,0,0.00,?,0,0,1,D,9,00,C,8
12/17/1978,22:00,0,0,0,1,0,0,1,0,0,1,0,0,1,0,0,1,0,0,1,0,0,1,0,0,A,7,0,A,7,-2.2,A,7,-5.6,A,7,78,A,7,990,A,7,240,A,7,5.7,A,7,24100,B,7,77777,A,7,0.8,E,8,0.000,?,0,0.00,?,0,0,1,D,9,00,C,8
12/17/1978,23:00,0,0,0,1,0,0,1,0,0,1,0,0,1,0,0,1,0,0,1,0,0,1,0,2,B,8,1,B,8,-2.4,B,8,-6.2,B,8,78,B,8,990,B,8,240,B,8,5.3,B,8,24100,C,8,77777,B,8,0.8,E,8,0.000,?,0,0.00,?,0,0,1,D,9,00,C,8
12/17/1978,24:00,0,0,0,1,0,0,1,0,0,1,0,0,1,0,0,1,0,0,1,0,0,1,0,4,B,8,3,B,8,-2.6,B,8,-6.3,B,8,78,B,8,990,B,8,240,B,8,5.0,B,8,24100,C,8,77777,B,8,0.8,E,8,0.000,?,0,0.00,?,0,0,1,D,9,00,C,8
12/18/1978,01:00,0,0,0,1,0,0,1,0,0,1,0,0,1,0,0,1,0,0,1,0,0,1,0,6,A,7,4,A,7,-2.8,A,7,-6.1,A,7,78,A,7,990,A,7,240,A,7,4.6,A,7,24100,B,7,3660,A,7,0.7,E,8,0.000,?,0,0.00,?,0,0,1,D,9,00,C,8
12/18/1978,02:00,0,0,0,1,0,0,1,0,0,1,0,0,1,0,0,1,0,0,1,0,0,1,0,7,B,8,5,B,8,-2.4,B,8,-5.7,B,8,80,B,8,989,B,8,240,B,8,4.3,B,8,21966,C,8,3660,B,8,0.8,E,8,0.000,?,0,0.00,?,0,0,1,D,9,00,C,8
12/18/1978,03:00,0,0,0,1,0,0,1,0,0,1,0,0,1,0,0,1,0,0,1,0,0,1,0,8,B,8,6,B,8,-2.1,B,8,-5.0,B,8,83,B,8,989,B,8,240,B,8,3.9,B,8,19833,C,8,3660,B,8,0.8,E,8,0.000,?,0,0.00,?,0,0,1,D,9,00,C,8
12/18/1978,04:00,0,0,0,1,0,0,1,0,0,1,0,0,1,0,0,1,0,0,1,0,0,1,0,9,A,7,7,A,7,-1.7,A,7,-3.9,A,7,85,A,7,989,A,7,240,A,7,3.6,A,7,17700,B,7,3660,A,7,0.8,E,8,0.000,?,0,0.00,?,0,0,1,D,9,00,C,8
12/18/1978,05:00,0,0,0,1,0,0,1,0,0,1,0,0,1,0,0,1,0,0,1,0,0,1,0,9,B,8,7,B,8,-1.5,B,8,-4.9,B,8,81,B,8,988,B,8,230,B,8,4.3,B,8,19833,C,8,3660,B,8,0.8,E,8,0.000,?,0,0.00,?,0,0,1,D,9,00,C,8
12/18/1978,06:00,0,0,0,1,0,0,1,0,0,1,0,0,1,0,0,1,0,0,1,0,0,1,0,10,B,8,8,B,8,-1.3,B,8,-5.4,B,8,76,B,8,987,B,8,230,B,8,5.0,B,8,21966,C,8,3660,B,8,0.8,E,8,0.000,?,0,0.00,?,0,0,1,D,9,00,C,8
12/18/1978,07:00,0,0,0,1,0,0,1,0,0,1,0,0,1,0,0,1,0,0,1,0,0,1,0,10,A,7,8,A,7,-1.1,A,7,-5.6,A,7,72,A,7,986,A,7,220,A,7,5.7,A,7,24100,B,7,3660,A,7,0.8,E,8,0.000,?,0,0.00,?,0,0,1,D,9,00,C,8
12/18/1978,08:00,0,0,0,1,0,0,1,0,0,1,0,0,1,0,0,1,0,0,1,0,0,1,0,9,B,8,7,B,8,-1.1,B,8,-6.1,B,8,72,B,8,985,B,8,230,B,8,5.0,B,8,23033,C,8,3660,B,8,0.8,E,8,0.000,?,0,0.00,?,0,0,1,D,9,00,C,8
12/18/1978,09:00,84,1283,36,1,18,114,1,18,27,1,18,37,1,18,42,1,18,34,1,18,49,1,31,8,B,8,6,B,8,-1.1,B,8,-6.2,B,8,72,B,8,985,B,8,230,B,8,4.3,B,8,21966,C,8,3660,B,8,0.8,E,8,0.000,F,8,0.00,?,0,0,1,D,9,00,C,8
12/18/1978,10:00,278,1413,80,1,13,87,1,13,63,1,13,88,1,13,68,1,13,75,1,13,135,1,23,7,A,7,5,A,7,-1.1,A,7,-5.6,A,7,72,A,7,984,A,7,240,A,7,3.6,A,7,20900,B,7,3660,A,7,0.8,E,8,0.000,F,8,0.00,?,0,0,1,D,9,00,C,8
12/18/1978,11:00,432,1413,215,1,18,270,1,18,132,1,18,226,1,18,245,1,18,150,1,18,271,1,31,7,B,8,5,B,8,-0.2,B,8,-5.0,B,8,71,B,8,984,B,8,250,B,8,3.9,B,8,20900,C,8,77777,B,8,0.8,E,8,0.000,F,8,0.00,?,0,0,1,D,9,00,C,8
12/18/1978,12:00,531,1413,274,1,18,330,1,18,149,1,18,291,1,18,321,1,18,170,1,18,310,1,31,8,B,8,4,B,8,0.8,B,8,-4.3,B,8,71,B,8,984,B,8,270,B,8,4.3,B,8,20900,C,8,77777,B,8,0.8,E,8,0.000,F,8,0.00,?,0,0,1,D,9,00,C,8
12/18/1978,13:00,569,1413,343,1,13,489,1,13,145,1,13,357,1,13,469,1,13,168,1,13,287,1,23,8,A,7,4,A,7,1.7,A,7,-3.3,A,7,70,A,7,983,A,7,280,A,7,4.6,A,7,20900,B,7,77777,A,7,0.9,E,8,0.000,F,8,0.00,?,0,0,1,D,9,00,C,8
12/18/1978,14:00,542,1413,313,1,18,481,1,18,128,1,18,329,1,18,457,1,18,153,1,18,249,1,31,9,B,8,5,B,8,1.5,B,8,-3.9,B,8,70,B,8,983,B,8,310,B,8,4.1,B,8,19833,C,8,77777,B,8,0.9,E,8,0.000,F,8,0.00,?,0,0,1,D,9,00,C,8
12/18/1978,15:00,452,1413,205,1,18,215,1,18,136,1,18,216,1,18,198,1,18,152,1,18,280,1,31,9,B,8,5,B,8,1.3,B,8,-4.1,B,8,70,B,8,984,B,8,340,B,8,3.6,B,8,18766,C,8,77777,B,8,0.9,E,8,0.000,F,8,0.00,?,0,0,1,D,9,00,C,8
12/18/1978,16:00,306,1413,142,1,13,144,1,13,111,1,13,152,1,13,115,1,13,127,1,13,241,1,23,10,A,7,6,A,7,1.1,A,7,-3.9,A,7,70,A,7,984,A,7,10,A,7,3.1,A,7,17700,B,7,7620,A,7,0.9,E,8,0.000,F,8,0.00,?,0,0,1,D,9,00,C,8
12/18/1978,17:00,116,1413,50,1,18,118,1,18,40,1,18,51,1,18,49,1,18,47,1,18,78,1,31,9,B,8,6,B,8,0.0,B,8,-4.4,B,8,75,B,8,984,B,8,20,B,8,3.4,B,8,17166,C,8,7620,B,8,0.8,E,8,0.000,F,8,0.00,?,0,0,1,D,9,00,C,8
12/18/1978,18:00,0,106,3,1,18,2,1,18,2,1,18,0,1,18,0,1,18,0,1,18,0,1,31,9,B,8,5,B,8,-1.1,B,8,-4.6,B,8,80,B,8,984,B,8,40,B,8,3.8,B,8,16633,C,8,7620,B,8,0.8,E,8,0.000,F,8,0.00,?,0,0,1,D,9,00,C,8
12/18/1978,19:00,0,0,0,1,0,0,1,0,0,1,0,0,1,0,0,1,0,0,1,0,0,1,0,8,A,7,5,A,7,-2.2,A,7,-4.4,A,7,85,A,7,985,A,7,50,A,7,4.1,A,7,16100,B,7,7620,A,7,0.8,E,8,0.000,?,0,0.00,?,0,0,1,D,9,00,C,8
12/18/1978,20:00,0,0,0,1,0,0,1,0,0,1,0,0,1,0,0,1,0,0,1,0,0,1,0,9,B,8,7,B,8,-2.6,B,8,-5.2,B,8,85,B,8,985,B,8,50,B,8,4.5,B,8,16100,C,8,5333,B,8,0.8,E,8,0.000,?,0,0.00,?,0,0,1,D,9,00,C,8
12/18/1978,21:00,0,0,0,1,0,0,1,0,0,1,0,0,1,0,0,1,0,0,1,0,0,1,0,9,B,8,8,B,8,-2.9,B,8,-5.5,B,8,85,B,8,986,B,8,50,B,8,4.8,B,8,16100,C,8,3047,B,8,0.8,E,8,0.000,?,0,0.00,?,0,0,1,D,9,00,C,8
12/18/1978,22:00,0,0,0,1,0,0,1,0,0,1,0,0,1,0,0,1,0,0,1,0,0,1,0,10,A,7,10,A,7,-3.3,A,7,-5.6,A,7,85,A,7,986,A,7,50,A,7,5.2,A,7,16100,B,7,760,A,7,0.8,E,8,0.000,?,0,0.00,?,0,0,1,D,9,00,C,8
12/18/1978,23:00,0,0,0,1,0,0,1,0,0,1,0,0,1,0,0,1,0,0,1,0,0,1,0,8,B,8,8,B,8,-4.4,B,8,-7.3,B,8,84,B,8,987,B,8,50,B,8,4.8,B,8,18766,C,8,77777,B,8,0.7,E,8,0.000,?,0,0.00,?,0,0,1,D,9,00,C,8
12/18/1978,24:00,0,0,0,1,0,0,1,0,0,1,0,0,1,0,0,1,0,0,1,0,0,1,0,6,B,8,5,B,8,-5.6,B,8,-8.5,B,8,82,B,8,987,B,8,60,B,8,4.5,B,8,21433,C,8,77777,B,8,0.7,E,8,0.000,?,0,0.00,?,0,0,1,D,9,00,C,8
12/19/1978,01:00,0,0,0,1,0,0,1,0,0,1,0,0,1,0,0,1,0,0,1,0,0,1,0,4,A,7,3,A,7,-6.7,A,7,-9.4,A,7,81,A,7,988,A,7,60,A,7,4.1,A,7,24100,B,7,77777,A,7,0.6,E,8,0.000,?,0,0.00,?,0,0,1,D,9,00,C,8
12/19/1978,02:00,0,0,0,1,0,0,1,0,0,1,0,0,1,0,0,1,0,0,1,0,0,1,0,6,B,8,5,B,8,-6.7,B,8,-9.6,B,8,82,B,8,988,B,8,60,B,8,4.1,B,8,24100,C,8,77777,B,8,0.6,E,8,0.000,?,0,0.00,?,0,0,1,D,9,00,C,8
12/19/1978,03:00,0,0,0,1,0,0,1,0,0,1,0,0,1,0,0,1,0,0,1,0,0,1,0,8,B,8,7,B,8,-6.7,B,8,-9.5,B,8,83,B,8,988,B,8,70,B,8,4.1,B,8,24100,C,8,77777,B,8,0.6,E,8,0.000,?,0,0.00,?,0,0,1,D,9,00,C,8
12/19/1978,04:00,0,0,0,1,0,0,1,0,0,1,0,0,1,0,0,1,0,0,1,0,0,1,0,10,A,7,9,A,7,-6.7,A,7,-8.9,A,7,84,A,7,989,A,7,70,A,7,4.1,A,7,24100,B,7,3660,A,7,0.6,E,8,0.000,?,0,0.00,?,0,0,1,D,9,00,C,8
12/19/1978,05:00,0,0,0,1,0,0,1,0,0,1,0,0,1,0,0,1,0,0,1,0,0,1,0,10,B,8,9,B,8,-6.9,B,8,-9.3,B,8,85,B,8,988,B,8,70,B,8,4.3,B,8,21966,C,8,3660,B,8,0.6,E,8,0.000,?,0,0.00,?,0,0,1,D,9,00,C,8
12/19/1978,06:00,0,0,0,1,0,0,1,0,0,1,0,0,1,0,0,1,0,0,1,0,0,1,0,10,B,8,10,B,8,-7.0,B,8,-9.2,B,8,87,B,8,988,B,8,70,B,8,4.4,B,8,19833,C,8,3660,B,8,0.6,E,8,0.000,?,0,0.00,?,0,0,1,D,9,00,C,8
12/19/1978,07:00,0,0,0,1,0,0,1,0,0,1,0,0,1,0,0,1,0,0,1,0,0,1,0,10,A,7,10,A,7,-7.2,A,7,-8.9,A,7,88,A,7,988,A,7,70,A,7,4.6,A,7,17700,B,7,3660,A,7,0.6,E,8,0.000,?,0,0.00,?,0,0,1,D,9,00,C,8
12/19/1978,08:00,0,0,0,1,0,0,1,0,0,1,0,0,1,0,0,1,0,0,1,0,0,1,0,10,B,8,10,B,8,-6.8,B,8,-9.4,B,8,86,B,8,988,B,8,70,B,8,5.3,B,8,18766,C,8,3457,B,8,0.6,E,8,0.000,?,0,0.00,?,0,0,1,D,9,00,C,8
12/19/1978,09:00,82,1260,11,1,13,2,1,9,10,1,13,12,1,13,0,1,9,12,1,13,38,1,21,10,B,8,10,B,8,-6.5,B,8,-9.5,B,8,83,B,8,987,B,8,80,B,8,6.0,B,8,19833,C,8,3253,B,8,0.6,E,8,0.000,F,8,0.00,?,0,0,1,D,9,00,C,8
12/19/1978,10:00,276,1413,85,1,13,12,1,9,83,1,13,94,1,13,5,1,9,93,1,13,264,1,21,10,A,7,10,A,7,-6.1,A,7,-8.9,A,7,81,A,7,987,A,7,80,A,7,6.7,A,7,20900,B,7,3050,A,7,0.6,E,8,0.000,F,8,0.00,?,0,0,1,D,9,00,C,8
12/19/1978,11:00,430,1413,120,1,9,9,1,9,117,1,13,134,1,9,6,1,9,132,1,13,418,1,18,10,B,8,10,B,8,-5.5,B,8,-8.9,B,8,79,B,8,987,B,8,90,B,8,6.0,B,8,20900,C,8,2847,B,8,0.7,E,8,0.000,F,8,0.00,?,0,0,1,D,9,00,C,8
12/19/1978,12:00,530,1413,167,1,9,9,1,9,164,1,13,187,1,9,7,1,9,184,1,13,585,1,18,10,B,8,10,B,8,-5.0,B,8,-8.7,B,8,77,B,8,986,B,8,90,B,8,5.3,B,8,20900,C,8,2643,B,8,0.7,E,8,0.000,F,8,0.00,?,0,0,1,D,9,00,C,8
12/19/1978,13:00,568,1413,153,1,9,6,1,9,151,1,13,174,1,9,4,1,9,172,1,13,579,1,18,10,A,7,10,A,7,-4.4,A,7,-8.3,A,7,75,A,7,986,A,7,100,A,7,4.6,A,7,20900,B,7,2440,A,7,0.7,E,8,0.000,F,8,0.00,?,0,0,1,D,9,00,C,8
12/19/1978,14:00,542,1413,153,1,9,3,1,9,152,1,13,172,1,9,2,1,9,171,1,13,565,1,18,10,B,8,10,B,8,-4.0,B,8,-8.3,B,8,75,B,8,985,B,8,100,B,8,4.6,B,8,18766,C,8,2390,B,8,0.7,E,8,0.000,F,8,0.00,?,0,0,1,D,9,00,C,8
12/19/1978,15:00,453,1413,121,1,9,2,1,9,120,1,13,135,1,9,1,1,9,135,1,13,437,1,18,10,B,8,10,B,8,-3.7,B,8,-7.9,B,8,75,B,8,985,B,8,110,B,8,4.6,B,8,16633,C,8,2340,B,8,0.7,E,8,0.000,F,8,0.00,?,0,0,1,D,9,00,C,8
12/19/1978,16:00,307,1413,92,1,13,3,1,9,91,1,13,101,1,13,1,1,9,101,1,13,296,1,21,10,A,7,10,A,7,-3.3,A,7,-7.2,A,7,75,A,7,984,A,7,110,A,7,4.6,A,7,14500,B,7,2290,A,7,0.7,E,8,0.000,F,8,0.00,?,0,0,1,D,9,00,C,8
12/19/1978,17:00,118,1413,33,1,13,0,1,9,33,1,13,36,1,13,0,1,9,36,1,13,102,1,21,10,B,8,10,B,8,-3.3,B,8,-7.8,B,8,74,B,8,983,B,8,110,B,8,5.0,B,8,13433,C,8,2290,B,8,0.7,E,8,0.000,F,8,0.00,?,0,0,1,D,9,00,C,8
12/19/1978,18:00,1,106,2,1,13,0,1,9,2,1,13,0,1,13,0,1,9,0,1,13,0,1,21,10,B,8,10,B,8,-3.3,B,8,-8.0,B,8,73,B,8,983,B,8,110,B,8,5.3,B,8,12366,C,8,2290,B,8,0.7,E,8,0.000,F,8,0.00,?,0,0,1,D,9,00,C,8
12/19/1978,19:00,0,0,0,1,0,0,1,0,0,1,0,0,1,0,0,1,0,0,1,0,0,1,0,10,A,7,10,A,7,-3.3,A,7,-7.8,A,7,72,A,7,982,A,7,110,A,7,5.7,A,7,11300,B,7,2290,A,7,0.7,E,8,0.000,?,0,0.00,?,0,0,1,D,9,00,C,8
12/19/1978,20:00,0,0,0,1,0,0,1,0,0,1,0,0,1,0,0,1,0,0,1,0,0,1,0,10,B,8,10,B,8,-3.5,B,8,-8.0,B,8,74,B,8,982,B,8,110,B,8,5.2,B,8,13433,C,8,1983,B,8,0.7,E,8,0.000,?,0,0.00,?,0,0,1,D,9,00,C,8
12/19/1978,21:00,0,0,0,1,0,0,1,0,0,1,0,0,1,0,0,1,0,0,1,0,0,1,0,10,B,8,10,B,8,-3.7,B,8,-7.7,B,8,76,B,8,981,B,8,110,B,8,4.6,B,8,15566,C,8,1677,B,8,0.7,E,8,0.000,?,0,0.00,?,0,0,1,D,9,00,C,8
12/19/1978,22:00,0,0,0,1,0,0,1,0,0,1,0,0,1,0,0,1,0,0,1,0,0,1,0,10,A,7,10,A,7,-3.9,A,7,-7.2,A,7,78,A,7,981,A,7,110,A,7,4.1,A,7,17700,B,7,1370,A,7,0.7,E,8,0.000,?,0,0.00,?,0,0,1,D,9,00,C,8
12/19/1978,23:00,0,0,0,1,0,0,1,0,0,1,0,0,1,0,0,1,0,0,1,0,0,1,0,10,B,8,10,B,8,-3.9,B,8,-7.6,B,8,78,B,8,980,B,8,110,B,8,5.0,B,8,15566,C,8,1300,B,8,0.7,E,8,0.000,?,0,0.00,?,0,0,1,D,9,00,C,8
12/19/1978,24:00,0,0,0,1,0,0,1,0,0,1,0,0,1,0,0,1,0,0,1,0,0,1,0,10,B,8,10,B,8,-3.9,B,8,-7.6,B,8,78,B,8,979,B,8,100,B,8,5.8,B,8,13433,C,8,1230,B,8,0.7,E,8,0.000,?,0,0.00,?,0,0,1,D,9,00,C,8
12/20/1978,01:00,0,0,0,1,0,0,1,0,0,1,0,0,1,0,0,1,0,0,1,0,0,1,0,10,A,7,10,A,7,-3.9,A,7,-7.2,A,7,78,A,7,978,A,7,100,A,7,6.7,A,7,11300,B,7,1160,A,7,0.7,E,8,0.000,?,0,0.00,?,0,0,1,D,9,00,C,8
12/20/1978,02:00,0,0,0,1,0,0,1,0,0,1,0,0,1,0,0,1,0,0,1,0,0,1,0,10,B,8,10,B,8,-3.7,B,8,-7.0,B,8,80,B,8,977,B,8,100,B,8,6.2,B,8,9666,C,8,937,B,8,0.7,E,8,0.000,?,0,0.00,?,0,0,1,D,9,56,C,8
12/20/1978,03:00,0,0,0,1,0,0,1,0,0,1,0,0,1,0,0,1,0,0,1,0,0,1,0,10,B,8,10,B,8,-3.5,B,8,-6.5,B,8,83,B,8,976,B,8,110,B,8,5.7,B,8,8033,C,8,713,B,8,0.7,E,8,0.000,?,0,0.00,?,0,0,1,D,9,00,C,8
12/20/1978,04:00,0,0,0,1,0,0,1,0,0,1,0,0,1,0,0,1,0,0,1,0,0,1,0,10,A,7,10,A,7,-3.3,A,7,-5.6,A,7,85,A,7,975,A,7,110,A,7,5.2,A,7,6400,B,7,490,A,7,0.8,E,8,0.000,?,0,0.00,?,0,0,1,D,9,45,C,8
12/20/1978,05:00,0,0,0,1,0,0,1,0,0,1,0,0,1,0,0,1,0,0,1,0,0,1,0,10,B,8,10,B,8,-2.9,B,8,-5.2,B,8,87,B,8,973,B,8,110,B,8,5.0,B,8,5600,C,8,377,B,8,0.8,E,8,0.000,?,0,0.00,?,0,0,1,D,9,45,C,8
12/20/1978,06:00,0,0,0,1,0,0,1,0,0,1,0,0,1,0,0,1,0,0,1,0,0,1,0,10,B,8,10,B,8,-2.6,B,8,-4.4,B,8,90,B,8,972,B,8,120,B,8,4.8,B,8,4800,C,8,263,B,8,0.8,E,8,0.000,?,0,0.00,?,0,0,1,D,9,45,C,8
12/20/1978,07:00,0,0,0,1,0,0,1,0,0,1,0,0,1,0,0,1,0,0,1,0,0,1,0,10,A,7,10,A,7,-2.2,A,7,-3.3,A,7,92,A,7,971,A,7,120,A,7,4.6,A,7,4000,B,7,150,A,7,0.9,E,8,0.000,?,0,0.00,?,0,0,1,D,9,45,C,8
12/20/1978,08:00,0,0,0,1,0,0,1,0,0,1,0,0,1,0,0,1,0,0,1,0,0,1,0,10,B,8,10,B,8,-1.8,B,8,-3.3,B,8,93,B,8,970,B,8,120,B,8,4.8,B,8,3733,C,8,140,B,8,0.9,E,8,0.000,?,0,0.00,?,0,0,1,D,9,45,C,8
12/20/1978,09:00,80,1260,29,1,13,0,1,9,29,1,13,32,1,13,0,1,9,32,1,13,88,1,21,10,B,8,10,B,8,-1.5,B,8,-2.8,B,8,95,B,8,969,B,8,130,B,8,5.0,B,8,3466,C,8,130,B,8,0.9,E,8,0.000,F,8,0.00,?,0,0,1,D,9,45,C,8
12/20/1978,10:00,274,1413,56,1,13,0,1,9,56,1,13,63,1,13,0,1,9,63,1,13,203,1,21,10,A,7,10,A,7,-1.1,A,7,-1.7,A,7,96,A,7,968,A,7,130,A,7,5.2,A,7,3200,B,7,120,A,7,0.9,E,8,0.000,F,8,0.00,?,0,0,1,D,9,45,C,8
12/20/1978,11:00,429,1413,149,1,9,0,1,9,149,1,13,163,1,9,0,1,9,163,1,13,479,1,18,10,B,8,10,B,8,-0.5,B,8,-1.3,B,8,96,B,8,966,B,8,130,B,8,5.2,B,8,3200,C,8,130,B,8,1.0,E,8,0.000,F,8,0.00,?,0,0,1,D,9,45,C,8
12/20/1978,12:00,529,1413,191,1,9,0,1,9,190,1,13,209,1,9,0,1,9,209,1,13,633,1,18,10,B,8,10,B,8,0.0,B,8,-0.8,B,8,96,B,8,965,B,8,140,B,8,5.2,B,8,3200,C,8,140,B,8,1.0,E,8,0.000,F,8,0.00,?,0,0,1,D,9,45,C,8
12/20/1978,13:00,568,1413,215,1,9,1,1,9,214,1,13,236,1,9,1,1,9,235,1,13,708,1,18,10,A,7,10,A,7,0.6,A,7,0.0,A,7,96,A,7,963,A,7,140,A,7,5.2,A,7,3200,B,7,150,A,7,1.0,E,8,0.000,F,8,0.00,?,0,0,1,D,9,45,C,8
12/20/1978,14:00,542,1413,190,1,9,1,1,9,190,1,13,210,1,9,1,1,9,210,1,13,644,1,18,10,B,8,10,B,8,0.8,B,8,-0.2,B,8,96,B,8,961,B,8,150,B,8,5.0,B,8,2933,C,8,140,B,8,1.1,E,8,0.000,F,8,0.00,?,0,13,1,D,9,45,C,8
12/20/1978,15:00,453,1413,161,1,9,1,1,9,161,1,13,177,1,9,1,1,9,177,1,13,519,1,18,10,B,8,10,B,8,0.9,B,8,0.0,B,8,96,B,8,959,B,8,150,B,8,4.8,B,8,2666,C,8,130,B,8,1.1,E,8,0.000,F,8,0.00,?,0,13,1,D,9,45,C,8
12/20/1978,16:00,308,1413,60,1,13,0,1,9,60,1,13,68,1,13,0,1,9,68,1,13,224,1,21,10,A,7,10,A,7,1.1,A,7,0.6,A,7,96,A,7,957,A,7,160,A,7,4.6,A,7,2400,B,7,120,A,7,1.1,E,8,0.000,F,8,0.00,?,0,3,1,D,9,45,C,8
12/20/1978,17:00,119,1413,32,1,13,1,1,9,32,1,13,35,1,13,0,1,9,35,1,13,101,1,21,10,B,8,10,B,8,1.5,B,8,0.8,B,8,97,B,8,957,B,8,190,B,8,6.0,B,8,3733,C,8,130,B,8,1.1,E,8,0.000,F,8,0.00,?,0,0,1,D,9,45,C,8
12/20/1978,18:00,1,130,2,1,13,0,1,9,2,1,13,0,1,13,0,1,9,0,1,13,0,1,21,10,B,8,10,B,8,1.8,B,8,1.3,B,8,99,B,8,957,B,8,230,B,8,7.4,B,8,5066,C,8,140,B,8,1.1,E,8,0.000,F,8,0.00,?,0,0,1,D,9,45,C,8
12/20/1978,19:00,0,0,0,1,0,0,1,0,0,1,0,0,1,0,0,1,0,0,1,0,0,1,0,10,A,7,10,A,7,2.2,A,7,2.2,A,7,100,A,7,957,A,7,260,A,7,8.8,A,7,6400,B,7,150,A,7,1.2,E,8,0.000,?,0,0.00,?,0,0,1,D,9,45,C,8
12/20/1978,20:00,0,0,0,1,0,0,1,0,0,1,0,0,1,0,0,1,0,0,1,0,0,1,0,10,B,8,10,B,8,2.0,B,8,0.7,B,8,94,B,8,958,B,8,260,B,8,9.6,B,8,11233,C,8,273,B,8,1.1,E,8,0.000,?,0,0.00,?,0,0,1,D,9,45,C,8
12/20/1978,21:00,0,0,0,1,0,0,1,0,0,1,0,0,1,0,0,1,0,0,1,0,0,1,0,10,B,8,10,B,8,1.9,B,8,-0.3,B,8,88,B,8,958,B,8,270,B,8,10.5,B,8,16066,C,8,397,B,8,1.0,E,8,0.000,?,0,0.00,?,0,0,1,D,9,00,C,8
12/20/1978,22:00,0,0,0,1,0,0,1,0,0,1,0,0,1,0,0,1,0,0,1,0,0,1,0,10,A,7,10,A,7,1.7,A,7,-1.1,A,7,82,A,7,958,A,7,270,A,7,11.3,A,7,20900,B,7,520,A,7,1.0,E,8,0.000,?,0,0.00,?,0,0,1,D,9,00,C,8
12/20/1978,23:00,0,0,0,1,0,0,1,0,0,1,0,0,1,0,0,1,0,0,1,0,0,1,0,10,B,8,10,B,8,1.3,B,8,-2.1,B,8,81,B,8,959,B,8,270,B,8,10.8,B,8,19833,C,8,540,B,8,0.9,E,8,0.000,?,0,0.00,?,0,0,1,D,9,00,C,8
12/20/1978,24:00,0,0,0,1,0,0,1,0,0,1,0,0,1,0,0,1,0,0,1,0,0,1,0,10,B,8,10,B,8,1.0,B,8,-2.6,B,8,80,B,8,959,B,8,280,B,8,10.3,B,8,18766,C,8,560,B,8,0.9,E,8,0.000,?,0,0.00,?,0,0,1,D,9,71,C,8
12/21/1978,01:00,0,0,0,1,0,0,1,0,0,1,0,0,1,0,0,1,0,0,1,0,0,1,0,10,A,7,10,A,7,0.6,A,7,-2.8,A,7,79,A,7,959,A,7,280,A,7,9.8,A,7,17700,B,7,580,A,7,0.9,E,8,0.000,?,0,0.00,?,0,0,1,D,9,71,C,8
12/21/1978,02:00,0,0,0,1,0,0,1,0,0,1,0,0,1,0,0,1,0,0,1,0,0,1,0,10,B,8,10,B,8,0.4,B,8,-3.2,B,8,80,B,8,960,B,8,280,B,8,9.6,B,8,15566,C,8,580,B,8,0.9,E,8,0.000,?,0,0.00,?,0,0,1,D,9,71,C,8
12/21/1978,03:00,0,0,0,1,0,0,1,0,0,1,0,0,1,0,0,1,0,0,1,0,0,1,0,10,B,8,10,B,8,0.2,B,8,-3.2,B,8,81,B,8,961,B,8,290,B,8,9.5,B,8,13433,C,8,580,B,8,0.9,E,8,0.000,?,0,0.00,?,0,0,1,D,9,71,C,8
12/21/1978,04:00,0,0,0,1,0,0,1,0,0,1,0,0,1,0,0,1,0,0,1,0,0,1,0,10,A,7,10,A,7,0.0,A,7,-2.8,A,7,82,A,7,962,A,7,290,A,7,9.3,A,7,11300,B,7,580,A,7,0.9,E,8,0.000,?,0,0.00,?,0,0,1,D,9,71,C,8
12/21/1978,05:00,0,0,0,1,0,0,1,0,0,1,0,0,1,0,0,1,0,0,1,0,0,1,0,10,B,8,10,B,8,0.0,B,8,-3.2,B,8,82,B,8,963,B,8,290,B,8,8.8,B,8,12366,C,8,580,B,8,0.9,E,8,0.000,?,0,0.00,?,0,0,1,D,9,71,C,8
12/21/1978,06:00,0,0,0,1,0,0,1,0,0,1,0,0,1,0,0,1,0,0,1,0,0,1,0,10,B,8,10,B,8,0.0,B,8,-3.1,B,8,82,B,8,965,B,8,280,B,8,8.2,B,8,13433,C,8,580,B,8,0.9,E,8,0.000,?,0,0.00,?,0,0,1,D,9,71,C,8
12/21/1978,07:00,0,0,0,1,0,0,1,0,0,1,0,0,1,0,0,1,0,0,1,0,0,1,0,10,A,7,10,A,7,0.0,A,7,-2.8,A,7,82,A,7,966,A,7,280,A,7,7.7,A,7,14500,B,7,580,A,7,0.9,E,8,0.000,?,0,0.00,?,0,0,1,D,9,71,C,8
12/21/1978,08:00,0,0,0,1,0,0,1,0,0,1,0,0,1,0,0,1,0,0,1,0,0,1,0,10,B,8,10,B,8,0.0,B,8,-3.3,B,8,82,B,8,967,B,8,280,B,8,7.9,B,8,14500,C,8,560,B,8,0.9,E,8,0.000,?,0,0.00,?,0,0,1,D,9,71,C,8
12/21/1978,09:00,78,1237,24,1,13,0,1,9,24,1,13,27,1,13,0,1,9,27,1,13,77,1,21,10,B,8,10,B,8,0.0,B,8,-3.4,B,8,82,B,8,968,B,8,290,B,8,8.0,B,8,14500,C,8,540,B,8,0.9,E,8,0.000,F,8,0.00,?,0,0,1,D,9,00,C,8
12/21/1978,10:00,272,1414,78,1,13,0,1,9,78,1,13,86,1,13,0,1,9,86,1,13,253,1,21,10,A,7,10,A,7,0.0,A,7,-2.8,A,7,82,A,7,969,A,7,290,A,7,8.2,A,7,14500,B,7,520,A,7,0.9,E,8,0.000,F,8,0.00,?,0,0,1,D,9,71,C,8
12/21/1978,11:00,428,1414,144,1,9,1,1,9,144,1,13,159,1,9,1,1,9,158,1,13,470,1,18,10,B,8,10,B,8,-0.4,B,8,-3.1,B,8,83,B,8,969,B,8,290,B,8,8.6,B,8,12900,C,8,490,B,8,0.9,E,8,0.000,F,8,0.00,?,0,0,1,D,9,71,C,8
12/21/1978,12:00,529,1414,165,1,9,1,1,9,165,1,13,184,1,9,1,1,9,184,1,13,585,1,18,10,B,8,10,B,8,-0.7,B,8,-3.4,B,8,84,B,8,970,B,8,280,B,8,8.9,B,8,11300,C,8,460,B,8,0.9,E,8,0.000,F,8,0.00,?,0,0,1,D,9,71,C,8
12/21/1978,13:00,568,1414,194,1,9,1,1,9,193,1,13,215,1,9,1,1,9,214,1,13,672,1,18,10,A,7,10,A,7,-1.1,A,7,-3.3,A,7,85,A,7,971,A,7,280,A,7,9.3,A,7,9700,B,7,430,A,7,0.9,E,8,0.000,F,8,0.00,?,0,0,1,D,9,71,C,8
12/21/1978,14:00,542,1414,173,1,9,0,1,9,173,1,13,193,1,9,0,1,9,193,1,13,612,1,18,10,B,8,10,B,8,-1.5,B,8,-4.2,B,8,84,B,8,971,B,8,270,B,8,8.4,B,8,10233,C,8,420,B,8,0.8,E,8,0.000,F,8,0.00,?,0,0,1,D,9,71,C,8
12/21/1978,15:00,454,1414,148,1,9,0,1,9,148,1,13,163,1,9,0,1,9,163,1,13,497,1,18,10,B,8,10,B,8,-1.8,B,8,-4.8,B,8,83,B,8,972,B,8,260,B,8,7.6,B,8,10766,C,8,410,B,8,0.8,E,8,0.000,F,8,0.00,?,0,0,1,D,9,71,C,8
12/21/1978,16:00,310,1414,88,1,13,1,1,9,88,1,13,98,1,13,0,1,9,97,1,13,292,1,21,10,A,7,10,A,7,-2.2,A,7,-5.0,A,7,82,A,7,973,A,7,250,A,7,6.7,A,7,11300,B,7,400,A,7,0.8,E,8,0.000,F,8,0.00,?,0,0,1,D,9,71,C,8
12/21/1978,17:00,121,1414,31,1,13,0,1,9,31,1,13,34,1,13,0,1,9,34,1,13,99,1,21,10,B,8,10,B,8,-2.9,B,8,-5.9,B,8,83,B,8,974,B,8,250,B,8,5.8,B,8,13433,C,8,420,B,8,0.8,E,8,0.000,F,8,0.00,?,0,0,1,D,9,71,C,8
12/21/1978,18:00,1,130,1,1,13,0,1,9,1,1,13,0,1,13,0,1,9,0,1,13,0,1,21,10,B,8,10,B,8,-3.7,B,8,-6.5,B,8,84,B,8,975,B,8,240,B,8,5.0,B,8,15566,C,8,440,B,8,0.7,E,8,0.000,F,8,0.00,?,0,0,1,D,9,71,C,8
12/21/1978,19:00,0,0,0,1,0,0,1,0,0,1,0,0,1,0,0,1,0,0,1,0,0,1,0,10,A,7,10,A,7,-4.4,A,7,-6.7,A,7,85,A,7,976,A,7,240,A,7,4.1,A,7,17700,B,7,460,A,7,0.7,E,8,0.000,?,0,0.00,?,0,0,1,D,9,00,C,8
12/21/1978,20:00,0,0,0,1,0,0,1,0,0,1,0,0,1,0,0,1,0,0,1,0,0,1,0,10,B,8,10,B,8,-4.2,B,8,-6.9,B,8,85,B,8,976,B,8,240,B,8,4.8,B,8,17700,C,8,560,B,8,0.7,E,8,0.000,?,0,0.00,?,0,0,1,D,9,00,C,8
12/21/1978,21:00,0,0,0,1,0,0,1,0,0,1,0,0,1,0,0,1,0,0,1,0,0,1,0,10,B,8,10,B,8,-4.1,B,8,-6.6,B,8,85,B,8,976,B,8,230,B,8,5.5,B,8,17700,C,8,660,B,8,0.7,E,8,0.000,?,0,0.00,?,0,0,1,D,9,00,C,8
12/21/1978,22:00,0,0,0,1,0,0,1,0,0,1,0,0,1,0,0,1,0,0,1,0,0,1,0,10,A,7,10,A,7,-3.9,A,7,-6.1,A,7,85,A,7,976,A,7,230,A,7,6.2,A,7,17700,B,7,760,A,7,0.7,E,8,0.000,?,0,0.00,?,0,0,1,D,9,00,C,8
12/21/1978,23:00,0,0,0,1,0,0,1,0,0,1,0,0,1,0,0,1,0,0,1,0,0,1,0,10,B,8,10,B,8,-3.3,B,8,-5.9,B,8,85,B,8,976,B,8,230,B,8,6.0,B,8,17700,C,8,680,B,8,0.8,E,8,0.000,?,0,0.00,?,0,0,1,D,9,00,C,8
12/21/1978,24:00,0,0,0,1,0,0,1,0,0,1,0,0,1,0,0,1,0,0,1,0,0,1,0,10,B,8,10,B,8,-2.8,B,8,-5.3,B,8,85,B,8,976,B,8,230,B,8,5.9,B,8,17700,C,8,600,B,8,0.8,E,8,0.000,?,0,0.00,?,0,0,1,D,9,00,C,8
12/22/1978,01:00,0,0,0,1,0,0,1,0,0,1,0,0,1,0,0,1,0,0,1,0,0,1,0,10,A,7,10,A,7,-2.2,A,7,-4.4,A,7,85,A,7,976,A,7,230,A,7,5.7,A,7,17700,B,7,520,A,7,0.8,E,8,0.000,?,0,0.00,?,0,0,1,D,9,00,C,8
12/22/1978,02:00,0,0,0,1,0,0,1,0,0,1,0,0,1,0,0,1,0,0,1,0,0,1,0,10,B,8,8,B,8,-2.0,B,8,-4.6,B,8,85,B,8,976,B,8,220,B,8,5.9,B,8,14466,C,8,77777,B,8,0.8,E,8,0.000,?,0,0.00,?,0,0,1,D,9,00,C,8
12/22/1978,03:00,0,0,0,1,0,0,1,0,0,1,0,0,1,0,0,1,0,0,1,0,0,1,0,10,B,8,7,B,8,-1.9,B,8,-4.5,B,8,85,B,8,976,B,8,210,B,8,6.0,B,8,11233,C,8,77777,B,8,0.8,E,8,0.000,?,0,0.00,?,0,0,1,D,9,00,C,8
12/22/1978,04:00,0,0,0,1,0,0,1,0,0,1,0,0,1,0,0,1,0,0,1,0,0,1,0,10,A,7,5,A,7,-1.7,A,7,-3.9,A,7,85,A,7,975,A,7,200,A,7,6.2,A,7,8000,B,7,77777,A,7,0.8,E,8,0.000,?,0,0.00,?,0,0,1,D,9,45,C,8
12/22/1978,05:00,0,0,0,1,0,0,1,0,0,1,0,0,1,0,0,1,0,0,1,0,0,1,0,8,B,8,4,B,8,-1.9,B,8,-4.7,B,8,84,B,8,975,B,8,200,B,8,6.2,B,8,9633,C,8,77777,B,8,0.8,E,8,0.000,?,0,0.00,?,0,0,1,D,9,45,C,8
12/22/1978,06:00,0,0,0,1,0,0,1,0,0,1,0,0,1,0,0,1,0,0,1,0,0,1,0,5,B,8,2,B,8,-2.0,B,8,-5.0,B,8,83,B,8,974,B,8,200,B,8,6.2,B,8,11266,C,8,77777,B,8,0.8,E,8,0.000,?,0,0.00,?,0,0,1,D,9,45,C,8
12/22/1978,07:00,0,0,0,1,0,0,1,0,0,1,0,0,1,0,0,1,0,0,1,0,0,1,0,3,A,7,1,A,7,-2.2,A,7,-5.0,A,7,82,A,7,974,A,7,200,A,7,6.2,A,7,12900,B,7,77777,A,7,0.8,E,8,0.000,?,0,0.00,?,0,0,1,D,9,00,C,8
12/22/1978,08:00,0,0,0,1,0,0,1,0,0,1,0,0,1,0,0,1,0,0,1,0,0,1,0,5,B,8,3,B,8,-1.7,B,8,-5.0,B,8,82,B,8,974,B,8,210,B,8,6.7,B,8,13966,C,8,77777,B,8,0.8,E,8,0.000,?,0,0.00,?,0,0,1,D,9,00,C,8
12/22/1978,09:00,77,1237,35,1,18,48,1,18,31,1,18,37,1,18,21,1,18,35,1,18,64,1,31,7,B,8,6,B,8,-1.1,B,8,-4.5,B,8,82,B,8,974,B,8,220,B,8,7.2,B,8,15033,C,8,77777,B,8,0.8,E,8,0.000,F,8,0.00,?,0,0,1,D,9,00,C,8
12/22/1978,10:00,271,1414,94,1,13,80,1,9,78,1,13,101,1,13,61,1,9,89,1,13,167,1,21,9,A,7,8,A,7,-0.6,A,7,-3.3,A,7,82,A,7,973,A,7,230,A,7,7.7,A,7,16100,B,7,490,A,7,0.9,E,8,0.000,F,8,0.00,?,0,0,1,D,9,00,C,8
12/22/1978,11:00,427,1414,135,1,9,81,1,9,111,1,13,148,1,9,74,1,9,126,1,13,248,1,18,9,B,8,9,B,8,0.2,B,8,-2.9,B,8,81,B,8,973,B,8,240,B,8,8.1,B,8,17700,C,8,560,B,8,0.9,E,8,0.000,F,8,0.00,?,0,0,1,D,9,00,C,8
12/22/1978,12:00,528,1414,188,1,9,127,1,9,140,1,13,205,1,9,123,1,9,159,1,13,324,1,18,10,B,8,9,B,8,0.9,B,8,-2.5,B,8,80,B,8,973,B,8,240,B,8,8.4,B,8,19300,C,8,630,B,8,0.9,E,8,0.000,F,8,0.00,?,0,0,1,D,9,00,C,8
12/22/1978,13:00,568,1414,110,1,9,10,1,9,105,1,13,127,1,9,6,1,9,124,1,13,442,1,18,10,A,7,10,A,7,1.7,A,7,-1.7,A,7,79,A,7,973,A,7,250,A,7,8.8,A,7,20900,B,7,700,A,7,1.0,E,8,0.000,F,8,0.00,?,0,0,1,D,9,00,C,8
12/22/1978,14:00,543,1414,142,1,9,1,1,9,142,1,13,161,1,9,1,1,9,161,1,13,541,1,18,10,B,8,10,B,8,1.7,B,8,-3.0,B,8,74,B,8,974,B,8,250,B,8,9.3,B,8,20900,C,8,793,B,8,0.9,E,8,0.000,F,8,0.00,?,0,0,1,D,9,00,C,8
12/22/1978,15:00,455,1414,149,1,9,10,1,9,146,1,13,165,1,9,7,1,9,163,1,13,494,1,18,10,B,8,10,B,8,1.7,B,8,-3.9,B,8,69,B,8,975,B,8,260,B,8,9.8,B,8,20900,C,8,887,B,8,0.9,E,8,0.000,F,8,0.00,?,0,0,1,D,9,00,C,8
12/22/1978,16:00,311,1414,75,1,13,6,1,9,73,1,13,84,1,13,2,1,9,83,1,13,259,1,21,10,A,7,10,A,7,1.7,A,7,-4.4,A,7,64,A,7,976,A,7,260,A,7,10.3,A,7,20900,B,7,980,A,7,0.8,E,8,0.000,F,8,0.00,?,0,0,1,D,9,00,C,8
12/22/1978,17:00,122,1414,27,1,13,2,1,9,27,1,13,30,1,13,0,1,9,30,1,13,90,1,21,10,B,8,10,B,8,1.3,B,8,-5.0,B,8,65,B,8,976,B,8,260,B,8,9.4,B,8,20900,C,8,980,B,8,0.8,E,8,0.000,F,8,0.00,?,0,0,1,D,9,00,C,8
12/22/1978,18:00,1,153,1,1,13,0,1,9,1,1,13,0,1,13,0,1,9,0,1,13,0,1,21,10,B,8,10,B,8,1.0,B,8,-5.2,B,8,66,B,8,977,B,8,270,B,8,8.6,B,8,20900,C,8,980,B,8,0.8,E,8,0.000,F,8,0.00,?,0,0,1,D,9,00,C,8
12/22/1978,19:00,0,0,0,1,0,0,1,0,0,1,0,0,1,0,0,1,0,0,1,0,0,1,0,10,A,7,10,A,7,0.6,A,7,-5.0,A,7,67,A,7,978,A,7,270,A,7,7.7,A,7,20900,B,7,980,A,7,0.8,E,8,0.000,?,0,0.00,?,0,0,1,D,9,00,C,8
12/22/1978,20:00,0,0,0,1,0,0,1,0,0,1,0,0,1,0,0,1,0,0,1,0,0,1,0,10,B,8,10,B,8,0.6,B,8,-5.0,B,8,69,B,8,979,B,8,270,B,8,6.9,B,8,20900,C,8,1110,B,8,0.8,E,8,0.000,?,0,0.00,?,0,0,1,D,9,00,C,8
12/22/1978,21:00,0,0,0,1,0,0,1,0,0,1,0,0,1,0,0,1,0,0,1,0,0,1,0,10,B,8,10,B,8,0.6,B,8,-4.6,B,8,70,B,8,979,B,8,260,B,8,6.0,B,8,20900,C,8,1240,B,8,0.8,E,8,0.000,?,0,0.00,?,0,0,1,D,9,00,C,8
12/22/1978,22:00,0,0,0,1,0,0,1,0,0,1,0,0,1,0,0,1,0,0,1,0,0,1,0,10,A,7,10,A,7,0.6,A,7,-3.9,A,7,72,A,7,980,A,7,260,A,7,5.2,A,7,20900,B,7,1370,A,7,0.8,E,8,0.000,?,0,0.00,?,0,0,1,D,9,00,C,8
12/22/1978,23:00,0,0,0,1,0,0,1,0,0,1,0,0,1,0,0,1,0,0,1,0,0,1,0,10,B,8,10,B,8,0.4,B,8,-4.5,B,8,72,B,8,980,B,8,250,B,8,5.5,B,8,20900,C,8,1240,B,8,0.8,E,8,0.000,?,0,0.00,?,0,0,1,D,9,00,C,8
12/22/1978,24:00,0,0,0,1,0,0,1,0,0,1,0,0,1,0,0,1,0,0,1,0,0,1,0,10,B,8,10,B,8,0.2,B,8,-4.6,B,8,72,B,8,981,B,8,240,B,8,5.9,B,8,20900,C,8,1110,B,8,0.8,E,8,0.000,?,0,0.00,?,0,0,1,D,9,00,C,8
12/23/1978,01:00,0,0,0,1,0,0,1,0,0,1,0,0,1,0,0,1,0,0,1,0,0,1,0,10,A,7,10,A,7,0.0,A,7,-4.4,A,7,72,A,7,981,A,7,230,A,7,6.2,A,7,20900,B,7,980,A,7,0.8,E,8,0.000,?,0,0.00,?,0,0,1,D,9,00,C,8
12/23/1978,02:00,0,0,0,1,0,0,1,0,0,1,0,0,1,0,0,1,0,0,1,0,0,1,0,9,B,8,9,B,8,-0.4,B,8,-5.0,B,8,73,B,8,982,B,8,230,B,8,5.3,B,8,20900,C,8,907,B,8,0.8,E,8,0.000,?,0,0.00,?,0,0,1,D,9,00,C,8
12/23/1978,03:00,0,0,0,1,0,0,1,0,0,1,0,0,1,0,0,1,0,0,1,0,0,1,0,9,B,8,9,B,8,-0.7,B,8,-5.2,B,8,74,B,8,982,B,8,220,B,8,4.5,B,8,20900,C,8,833,B,8,0.8,E,8,0.000,?,0,0.00,?,0,0,1,D,9,00,C,8
12/23/1978,04:00,0,0,0,1,0,0,1,0,0,1,0,0,1,0,0,1,0,0,1,0,0,1,0,8,A,7,8,A,7,-1.1,A,7,-5.0,A,7,75,A,7,983,A,7,220,A,7,3.6,A,7,20900,B,7,760,A,7,0.8,E,8,0.000,?,0,0.00,?,0,0,1,D,9,00,C,8
12/23/1978,05:00,0,0,0,1,0,0,1,0,0,1,0,0,1,0,0,1,0,0,1,0,0,1,0,9,B,8,6,B,8,-1.7,B,8,-5.4,B,8,78,B,8,983,B,8,220,B,8,4.1,B,8,19300,C,8,77777,B,8,0.8,E,8,0.000,?,0,0.00,?,0,0,1,D,9,00,C,8
12/23/1978,06:00,0,0,0,1,0,0,1,0,0,1,0,0,1,0,0,1,0,0,1,0,0,1,0,9,B,8,5,B,8,-2.2,B,8,-5.3,B,8,82,B,8,984,B,8,220,B,8,4.7,B,8,17700,C,8,77777,B,8,0.8,E,8,0.000,?,0,0.00,?,0,0,1,D,9,00,C,8
12/23/1978,07:00,0,0,0,1,0,0,1,0,0,1,0,0,1,0,0,1,0,0,1,0,0,1,0,10,A,7,3,A,7,-2.8,A,7,-5.0,A,7,85,A,7,984,A,7,220,A,7,5.2,A,7,16100,B,7,77777,A,7,0.8,E,8,0.000,?,0,0.00,?,0,0,1,D,9,00,C,8
12/23/1978,08:00,0,0,0,1,0,0,1,0,0,1,0,0,1,0,0,1,0,0,1,0,0,1,0,10,B,8,3,B,8,-3.0,B,8,-5.5,B,8,86,B,8,985,B,8,220,B,8,4.8,B,8,15033,C,8,77777,B,8,0.8,E,8,0.000,?,0,0.00,?,0,0,1,D,9,00,C,8
12/23/1978,09:00,76,1214,32,1,18,39,1,18,28,1,18,33,1,18,17,1,18,32,1,18,58,1,31,10,B,8,4,B,8,-3.1,B,8,-5.6,B,8,87,B,8,985,B,8,210,B,8,4.5,B,8,13966,C,8,77777,B,8,0.8,E,8,0.000,F,8,0.00,?,0,0,1,D,9,00,C,8
12/23/1978,10:00,269,1414,119,1,13,264,1,13,68,1,13,122,1,13,194,1,13,85,1,13,125,1,23,10,A,7,4,A,7,-3.3,A,7,-5.0,A,7,88,A,7,986,A,7,210,A,7,4.1,A,7,12900,B,7,77777,A,7,0.8,E,8,0.000,F,8,0.00,?,0,0,1,D,9,00,C,8
12/23/1978,11:00,426,1414,204,1,18,351,1,18,98,1,18,214,1,18,311,1,18,120,1,18,183,1,31,9,B,8,4,B,8,-1.6,B,8,-5.9,B,8,76,B,8,986,B,8,210,B,8,4.1,B,8,14500,C,8,77777,B,8,0.8,E,8,0.000,F,8,0.00,?,0,0,1,D,9,00,C,8
12/23/1978,12:00,528,1414,311,1,18,563,1,18,100,1,18,321,1,18,523,1,18,125,1,18,190,1,31,7,B,8,3,B,8,0.0,B,8,-6.7,B,8,64,B,8,986,B,8,220,B,8,4.1,B,8,16100,C,8,77777,B,8,0.8,E,8,0.000,F,8,0.00,?,0,0,1,D,9,00,C,8
12/23/1978,13:00,568,1414,355,1,13,618,1,13,105,1,13,367,1,13,584,1,13,131,1,13,204,1,23,6,A,7,3,A,7,1.7,A,7,-7.2,A,7,52,A,7,985,A,7,220,A,7,4.1,A,7,17700,B,7,77777,A,7,0.7,E,8,0.000,F,8,0.00,?,0,0,1,D,9,00,C,8
12/23/1978,14:00,544,1414,313,1,18,535,1,18,106,1,18,322,1,18,500,1,18,129,1,18,201,1,31,6,B,8,3,B,8,2.1,B,8,-8.3,B,8,48,B,8,985,B,8,200,B,8,3.9,B,8,18766,C,8,77777,B,8,0.7,E,8,0.000,F,8,0.00,?,0,0,1,D,9,00,C,8
12/23/1978,15:00,456,1414,225,1,18,392,1,18,98,1,18,238,1,18,356,1,18,123,1,18,183,1,31,6,B,8,4,B,8,2.4,B,8,-9.0,B,8,45,B,8,985,B,8,170,B,8,3.8,B,8,19833,C,8,77777,B,8,0.7,E,8,0.000,F,8,0.00,?,0,0,1,D,9,00,C,8
12/23/1978,16:00,313,1414,106,1,13,110,1,13,81,1,13,115,1,13,90,1,13,95,1,13,176,1,23,6,A,7,4,A,7,2.8,A,7,-9.4,A,7,41,A,7,984,A,7,150,A,7,3.6,A,7,20900,B,7,7620,A,7,0.6,E,8,0.000,F,8,0.00,?,0,0,1,D,9,00,C,8
12/23/1978,17:00,124,1414,46,1,18,154,1,18,32,1,18,47,1,18,73,1,18,41,1,18,58,1,31,7,B,8,5,B,8,2.6,B,8,-9.2,B,8,43,B,8,984,B,8,150,B,8,4.5,B,8,20900,C,8,7113,B,8,0.6,E,8,0.000,F,8,0.00,?,0,0,1,D,9,00,C,8
12/23/1978,18:00,1,153,3,1,18,2,1,18,2,1,18,0,1,18,0,1,18,0,1,18,0,1,31,7,B,8,7,B,8,2.4,B,8,-8.7,B,8,46,B,8,984,B,8,160,B,8,5.3,B,8,20900,C,8,6607,B,8,0.7,E,8,0.000,F,8,0.00,?,0,0,1,D,9,00,C,8
12/23/1978,19:00,0,0,0,1,0,0,1,0,0,1,0,0,1,0,0,1,0,0,1,0,0,1,0,8,A,7,8,A,7,2.2,A,7,-7.8,A,7,48,A,7,983,A,7,160,A,7,6.2,A,7,20900,B,7,6100,A,7,0.7,E,8,0.000,?,0,0.00,?,0,0,1,D,9,00,C,8
12/23/1978,20:00,0,0,0,1,0,0,1,0,0,1,0,0,1,0,0,1,0,0,1,0,0,1,0,9,B,8,9,B,8,1.7,B,8,-7.0,B,8,55,B,8,983,B,8,160,B,8,7.1,B,8,20900,C,8,6100,B,8,0.7,E,8,0.000,?,0,0.00,?,0,0,1,D,9,00,C,8
12/23/1978,21:00,0,0,0,1,0,0,1,0,0,1,0,0,1,0,0,1,0,0,1,0,0,1,0,9,B,8,9,B,8,1.1,B,8,-5.9,B,8,63,B,8,983,B,8,160,B,8,7.9,B,8,20900,C,8,6100,B,8,0.8,E,8,0.000,?,0,0.00,?,0,0,1,D,9,00,C,8
12/23/1978,22:00,0,0,0,1,0,0,1,0,0,1,0,0,1,0,0,1,0,0,1,0,0,1,0,10,A,7,10,A,7,0.6,A,7,-4.4,A,7,70,A,7,982,A,7,160,A,7,8.8,A,7,20900,B,7,6100,A,7,0.8,E,8,0.000,?,0,0.00,?,0,0,1,D,9,00,C,8
12/23/1978,23:00,0,0,0,1,0,0,1,0,0,1,0,0,1,0,0,1,0,0,1,0,0,1,0,10,B,8,10,B,8,0.8,B,8,-4.8,B,8,69,B,8,981,B,8,150,B,8,7.9,B,8,20900,C,8,5083,B,8,0.8,E,8,0.000,?,0,0.00,?,0,0,1,D,9,00,C,8
12/23/1978,24:00,0,0,0,1,0,0,1,0,0,1,0,0,1,0,0,1,0,0,1,0,0,1,0,10,B,8,10,B,8,0.9,B,8,-4.8,B,8,68,B,8,981,B,8,150,B,8,7.1,B,8,20900,C,8,4067,B,8,0.8,E,8,0.000,?,0,0.00,?,0,0,1,D,9,00,C,8
12/24/1978,01:00,0,0,0,1,0,0,1,0,0,1,0,0,1,0,0,1,0,0,1,0,0,1,0,10,A,7,10,A,7,1.1,A,7,-4.4,A,7,67,A,7,980,A,7,140,A,7,6.2,A,7,20900,B,7,3050,A,7,0.8,E,8,0.000,?,0,0.00,?,0,0,1,D,9,00,C,8
12/24/1978,02:00,0,0,0,1,0,0,1,0,0,1,0,0,1,0,0,1,0,0,1,0,0,1,0,10,B,8,10,B,8,0.9,B,8,-4.8,B,8,68,B,8,979,B,8,150,B,8,6.0,B,8,20900,C,8,2847,B,8,0.8,E,8,0.000,?,0,0.00,?,0,0,1,D,9,00,C,8
12/24/1978,03:00,0,0,0,1,0,0,1,0,0,1,0,0,1,0,0,1,0,0,1,0,0,1,0,10,B,8,10,B,8,0.8,B,8,-4.8,B,8,69,B,8,978,B,8,150,B,8,5.9,B,8,20900,C,8,2643,B,8,0.8,E,8,0.000,?,0,0.00,?,0,0,1,D,9,00,C,8
12/24/1978,04:00,0,0,0,1,0,0,1,0,0,1,0,0,1,0,0,1,0,0,1,0,0,1,0,10,A,7,10,A,7,0.6,A,7,-4.4,A,7,70,A,7,977,A,7,160,A,7,5.7,A,7,20900,B,7,2440,A,7,0.8,E,8,0.000,?,0,0.00,?,0,0,1,D,9,00,C,8
12/24/1978,05:00,0,0,0,1,0,0,1,0,0,1,0,0,1,0,0,1,0,0,1,0,0,1,0,10,B,8,8,B,8,0.4,B,8,-4.8,B,8,71,B,8,976,B,8,150,B,8,6.0,B,8,19300,C,8,77777,B,8,0.8,E,8,0.000,?,0,0.00,?,0,0,1,D,9,00,C,8
12/24/1978,06:00,0,0,0,1,0,0,1,0,0,1,0,0,1,0,0,1,0,0,1,0,0,1,0,10,B,8,6,B,8,0.2,B,8,-4.7,B,8,71,B,8,975,B,8,150,B,8,6.4,B,8,17700,C,8,77777,B,8,0.8,E,8,0.000,?,0,0.00,?,0,0,1,D,9,00,C,8
12/24/1978,07:00,0,0,0,1,0,0,1,0,0,1,0,0,1,0,0,1,0,0,1,0,0,1,0,10,A,7,4,A,7,0.0,A,7,-4.4,A,7,72,A,7,974,A,7,140,A,7,6.7,A,7,16100,B,7,77777,A,7,0.8,E,8,0.000,?,0,0.00,?,0,0,1,D,9,00,C,8
12/24/1978,08:00,0,0,0,1,0,0,1,0,0,1,0,0,1,0,0,1,0,0,1,0,0,1,0,10,B,8,6,B,8,0.2,B,8,-4.6,B,8,73,B,8,973,B,8,150,B,8,6.2,B,8,17700,C,8,77777,B,8,0.8,E,8,0.000,?,0,0.00,?,0,0,1,D,9,00,C,8
12/24/1978,09:00,74,1214,19,1,13,5,1,9,19,1,13,22,1,13,0,1,9,22,1,13,65,1,21,10,B,8,8,B,8,0.4,B,8,-4.3,B,8,74,B,8,973,B,8,160,B,8,5.7,B,8,19300,C,8,77777,B,8,0.8,E,8,0.000,F,8,0.00,?,0,0,1,D,9,00,C,8
12/24/1978,10:00,268,1414,44,1,13,2,1,9,44,1,13,51,1,13,0,1,9,51,1,13,167,1,21,10,A,7,10,A,7,0.6,A,7,-3.3,A,7,75,A,7,972,A,7,170,A,7,5.2,A,7,20900,B,7,1830,A,7,0.9,E,8,0.000,F,8,0.00,?,0,0,1,D,9,00,C,8
12/24/1978,11:00,425,1414,88,1,9,2,1,9,87,1,13,100,1,9,1,1,9,100,1,13,337,1,18,10,B,8,10,B,8,1.1,B,8,-3.3,B,8,73,B,8,971,B,8,190,B,8,4.3,B,8,17700,C,8,1503,B,8,0.9,E,8,0.000,F,8,0.00,?,0,0,1,D,9,00,C,8
12/24/1978,12:00,527,1414,149,1,9,10,1,9,145,1,13,167,1,9,7,1,9,165,1,13,539,1,18,10,B,8,10,B,8,1.7,B,8,-3.2,B,8,72,B,8,970,B,8,200,B,8,3.5,B,8,14500,C,8,1177,B,8,0.9,E,8,0.000,F,8,0.00,?,0,0,1,D,9,00,C,8
12/24/1978,13:00,568,1414,126,1,9,10,1,9,122,1,13,145,1,9,7,1,9,142,1,13,496,1,18,10,A,7,10,A,7,2.2,A,7,-2.8,A,7,70,A,7,969,A,7,220,A,7,2.6,A,7,11300,B,7,850,A,7,0.9,E,8,0.000,F,8,0.00,?,0,0,1,D,9,00,C,8
12/24/1978,14:00,544,1414,162,1,9,3,1,9,161,1,13,182,1,9,2,1,9,181,1,13,588,1,18,10,B,8,10,B,8,1.8,B,8,-2.0,B,8,79,B,8,968,B,8,180,B,8,2.4,B,8,7866,C,8,680,B,8,1.0,E,8,0.000,F,8,0.00,?,0,0,1,D,9,85,C,8
12/24/1978,15:00,458,1414,141,1,9,5,1,9,139,1,13,156,1,9,3,1,9,155,1,13,482,1,18,10,B,8,10,B,8,1.5,B,8,-0.9,B,8,87,B,8,968,B,8,130,B,8,2.3,B,8,4433,C,8,510,B,8,1.0,E,8,0.000,F,8,0.00,?,0,0,1,D,9,85,C,8
12/24/1978,16:00,315,1414,73,1,13,1,1,9,73,1,13,82,1,13,0,1,9,82,1,13,260,1,21,10,A,7,10,A,7,1.1,A,7,0.6,A,7,96,A,7,967,A,7,90,A,7,2.1,A,7,1000,B,7,340,A,7,1.1,E,8,0.000,F,8,0.00,?,0,3,1,D,9,71,C,8
12/24/1978,17:00,126,1414,31,1,13,0,1,9,31,1,13,34,1,13,0,1,9,34,1,13,101,1,21,10,B,8,10,B,8,0.9,B,8,0.0,B,8,96,B,8,967,B,8,60,B,8,1.4,B,8,1000,C,8,277,B,8,1.1,E,8,0.000,F,8,0.00,?,0,0,1,D,9,71,C,8
12/24/1978,18:00,1,177,1,1,13,0,1,9,1,1,13,0,1,13,0,1,9,0,1,13,0,1,21,10,B,8,10,B,8,0.8,B,8,-0.2,B,8,96,B,8,967,B,8,30,B,8,0.7,B,8,1000,C,8,213,B,8,1.1,E,8,0.000,F,8,0.00,?,0,0,1,D,9,71,C,8
12/24/1978,19:00,0,0,0,1,0,0,1,0,0,1,0,0,1,0,0,1,0,0,1,0,0,1,0,10,A,7,10,A,7,0.6,A,7,0.0,A,7,96,A,7,967,A,7,0,A,7,0.0,A,7,1000,B,7,150,A,7,1.0,E,8,0.000,?,0,0.00,?,0,0,1,D,9,45,C,8
12/24/1978,20:00,0,0,0,1,0,0,1,0,0,1,0,0,1,0,0,1,0,0,1,0,0,1,0,10,B,8,10,B,8,0.8,B,8,-0.2,B,8,96,B,8,967,B,8,340,B,8,1.0,B,8,1000,C,8,130,B,8,1.1,E,8,0.000,?,0,0.00,?,0,5,1,D,9,45,C,8
12/24/1978,21:00,0,0,0,1,0,0,1,0,0,1,0,0,1,0,0,1,0,0,1,0,0,1,0,10,B,8,10,B,8,0.9,B,8,0.1,B,8,96,B,8,967,B,8,310,B,8,2.1,B,8,1000,C,8,110,B,8,1.1,E,8,0.000,?,0,0.00,?,0,0,1,D,9,45,C,8
12/24/1978,22:00,0,0,0,1,0,0,1,0,0,1,0,0,1,0,0,1,0,0,1,0,0,1,0,10,A,7,10,A,7,1.1,A,7,0.6,A,7,96,A,7,967,A,7,290,A,7,3.1,A,7,1000,B,7,90,A,7,1.1,E,8,0.000,?,0,0.00,?,0,0,1,D,9,45,C,8
12/24/1978,23:00,0,0,0,1,0,0,1,0,0,1,0,0,1,0,0,1,0,0,1,0,0,1,0,10,B,8,10,B,8,0.7,B,8,-0.4,B,8,95,B,8,967,B,8,290,B,8,4.1,B,8,2000,C,8,120,B,8,1.0,E,8,0.000,?,0,0.00,?,0,0,1,D,9,45,C,8
12/24/1978,24:00,0,0,0,1,0,0,1,0,0,1,0,0,1,0,0,1,0,0,1,0,0,1,0,10,B,8,10,B,8,0.4,B,8,-0.9,B,8,93,B,8,967,B,8,300,B,8,5.2,B,8,3000,C,8,150,B,8,1.0,E,8,0.000,?,0,0.00,?,0,0,1,D,9,45,C,8
12/25/1978,01:00,0,0,0,1,0,0,1,0,0,1,0,0,1,0,0,1,0,0,1,0,0,1,0,10,A,7,10,A,7,0.0,A,7,-1.1,A,7,92,A,7,968,A,7,300,A,7,6.2,A,7,4000,B,7,180,A,7,1.0,E,8,0.000,?,0,0.00,?,0,0,1,D,9,45,C,8
12/25/1978,02:00,0,0,0,1,0,0,1,0,0,1,0,0,1,0,0,1,0,0,1,0,0,1,0,10,B,8,10,B,8,-0.6,B,8,-2.4,B,8,90,B,8,969,B,8,300,B,8,6.9,B,8,6966,C,8,223,B,8,0.9,E,8,0.000,?,0,0.00,?,0,0,1,D,9,45,C,8
12/25/1978,03:00,0,0,0,1,0,0,1,0,0,1,0,0,1,0,0,1,0,0,1,0,0,1,0,10,B,8,10,B,8,-1.1,B,8,-3.4,B,8,87,B,8,969,B,8,300,B,8,7.5,B,8,9933,C,8,267,B,8,0.9,E,8,0.000,?,0,0.00,?,0,0,1,D,9,00,C,8
12/25/1978,04:00,0,0,0,1,0,0,1,0,0,1,0,0,1,0,0,1,0,0,1,0,0,1,0,10,A,7,10,A,7,-1.7,A,7,-3.9,A,7,85,A,7,970,A,7,300,A,7,8.2,A,7,12900,B,7,310,A,7,0.8,E,8,0.000,?,0,0.00,?,0,0,1,D,9,00,C,8
12/25/1978,05:00,0,0,0,1,0,0,1,0,0,1,0,0,1,0,0,1,0,0,1,0,0,1,0,10,B,8,10,B,8,-2.1,B,8,-4.5,B,8,86,B,8,971,B,8,300,B,8,8.0,B,8,12900,C,8,510,B,8,0.8,E,8,0.000,?,0,0.00,?,0,0,1,D,9,00,C,8
12/25/1978,06:00,0,0,0,1,0,0,1,0,0,1,0,0,1,0,0,1,0,0,1,0,0,1,0,10,B,8,10,B,8,-2.4,B,8,-4.6,B,8,87,B,8,972,B,8,300,B,8,7.9,B,8,12900,C,8,710,B,8,0.8,E,8,0.000,?,0,0.00,?,0,0,1,D,9,71,C,8
12/25/1978,07:00,0,0,0,1,0,0,1,0,0,1,0,0,1,0,0,1,0,0,1,0,0,1,0,10,A,7,10,A,7,-2.8,A,7,-4.4,A,7,88,A,7,973,A,7,300,A,7,7.7,A,7,12900,B,7,910,A,7,0.8,E,8,0.000,?,0,0.00,?,0,0,1,D,9,00,C,8
12/25/1978,08:00,0,0,0,1,0,0,1,0,0,1,0,0,1,0,0,1,0,0,1,0,0,1,0,10,B,8,10,B,8,-3.5,B,8,-6.2,B,8,85,B,8,974,B,8,290,B,8,8.1,B,8,12366,C,8,860,B,8,0.8,E,8,0.000,?,0,0.00,?,0,0,1,D,9,00,C,8
12/25/1978,09:00,73,1190,22,1,13,0,1,9,22,1,13,25,1,13,0,1,9,25,1,13,72,1,21,10,B,8,10,B,8,-4.3,B,8,-7.6,B,8,81,B,8,975,B,8,290,B,8,8.4,B,8,11833,C,8,810,B,8,0.7,E,8,0.000,F,8,0.00,?,0,0,1,D,9,00,C,8
12/25/1978,10:00,267,1414,78,1,13,1,1,9,78,1,13,86,1,13,0,1,9,86,1,13,251,1,21,10,A,7,10,A,7,-5.0,A,7,-8.3,A,7,78,A,7,976,A,7,280,A,7,8.8,A,7,11300,B,7,760,A,7,0.7,E,8,0.000,F,8,0.00,?,0,0,1,D,9,85,C,8
12/25/1978,11:00,424,1414,155,1,9,0,1,9,155,1,13,169,1,9,0,1,9,169,1,13,485,1,18,10,B,8,10,B,8,-5.0,B,8,-8.5,B,8,78,B,8,976,B,8,280,B,8,8.6,B,8,12900,C,8,740,B,8,0.7,E,8,0.000,F,8,0.00,?,0,0,1,D,9,00,C,8
12/25/1978,12:00,527,1414,201,1,9,0,1,9,200,1,13,219,1,9,0,1,9,219,1,13,646,1,18,10,B,8,10,B,8,-5.0,B,8,-8.5,B,8,78,B,8,976,B,8,280,B,8,8.4,B,8,14500,C,8,720,B,8,0.7,E,8,0.000,F,8,0.00,?,0,0,1,D,9,00,C,8
12/25/1978,13:00,569,1414,214,1,9,1,1,9,214,1,13,236,1,9,1,1,9,236,1,13,709,1,18,10,A,7,10,A,7,-5.0,A,7,-8.3,A,7,78,A,7,977,A,7,280,A,7,8.2,A,7,16100,B,7,700,A,7,0.7,E,8,0.000,F,8,0.00,?,0,0,1,D,9,00,C,8
12/25/1978,14:00,546,1414,334,1,9,435,1,9,165,1,13,341,1,9,412,1,9,182,1,13,331,1,18,8,B,8,8,B,8,-4.8,B,8,-8.7,B,8,77,B,8,977,B,8,280,B,8,7.9,B,8,17700,C,8,77777,B,8,0.7,E,8,0.000,F,8,0.00,?,0,0,1,D,9,00,C,8
12/25/1978,15:00,459,1414,254,1,18,415,1,18,119,1,18,264,1,18,376,1,18,141,1,18,228,1,31,5,B,8,5,B,8,-4.6,B,8,-8.7,B,8,76,B,8,978,B,8,270,B,8,7.5,B,8,19300,C,8,77777,B,8,0.7,E,8,0.000,F,8,0.00,?,0,0,1,D,9,00,C,8
12/25/1978,16:00,316,1414,163,1,13,351,1,13,84,1,13,167,1,13,277,1,13,105,1,13,156,1,23,3,A,7,3,A,7,-4.4,A,7,-8.3,A,7,75,A,7,978,A,7,270,A,7,7.2,A,7,20900,B,7,77777,A,7,0.7,E,8,0.000,F,8,0.00,?,0,0,1,D,9,00,C,8
12/25/1978,17:00,128,1414,50,1,13,186,1,9,34,1,13,52,1,13,90,1,9,44,1,13,62,1,21,2,B,8,2,B,8,-5.7,B,8,-9.6,B,8,77,B,8,979,B,8,270,B,8,6.0,B,8,24666,C,8,77777,B,8,0.6,E,8,0.000,F,8,0.00,?,0,0,1,D,9,00,C,8
12/25/1978,18:00,2,177,1,1,13,4,1,9,1,1,13,0,1,13,0,1,9,0,1,13,0,1,21,2,B,8,2,B,8,-7.0,B,8,-10.6,B,8,79,B,8,979,B,8,270,B,8,4.8,B,8,28433,C,8,77777,B,8,0.6,E,8,0.000,F,8,0.00,?,0,0,1,D,9,00,C,8
12/25/1978,19:00,0,0,0,1,0,0,1,0,0,1,0,0,1,0,0,1,0,0,1,0,0,1,0,1,A,7,1,A,7,-8.3,A,7,-11.1,A,7,81,A,7,980,A,7,270,A,7,3.6,A,7,32200,B,7,77777,A,7,0.6,E,8,0.000,?,0,0.00,?,0,0,1,D,9,00,C,8
12/25/1978,20:00,0,0,0,1,0,0,1,0,0,1,0,0,1,0,0,1,0,0,1,0,0,1,0,1,B,8,1,B,8,-8.5,B,8,-11.3,B,8,83,B,8,980,B,8,260,B,8,3.6,B,8,32200,C,8,77777,B,8,0.6,E,8,0.000,?,0,0.00,?,0,0,1,D,9,00,C,8
12/25/1978,21:00,0,0,0,1,0,0,1,0,0,1,0,0,1,0,0,1,0,0,1,0,0,1,0,1,B,8,1,B,8,-8.7,B,8,-11.1,B,8,86,B,8,981,B,8,250,B,8,3.6,B,8,32200,C,8,77777,B,8,0.6,E,8,0.000,?,0,0.00,?,0,0,1,D,9,00,C,8
12/25/1978,22:00,0,0,0,1,0,0,1,0,0,1,0,0,1,0,0,1,0,0,1,0,0,1,0,1,A,7,1,A,7,-8.9,A,7,-10.6,A,7,88,A,7,981,A,7,240,A,7,3.6,A,7,32200,B,7,77777,A,7,0.6,E,8,0.000,?,0,0.00,?,0,0,1,D,9,00,C,8
12/25/1978,23:00,0,0,0,1,0,0,1,0,0,1,0,0,1,0,0,1,0,0,1,0,0,1,0,4,B,8,3,B,8,-8.3,B,8,-10.4,B,8,88,B,8,981,B,8,230,B,8,3.8,B,8,29500,C,8,77777,B,8,0.6,E,8,0.000,?,0,0.00,?,0,0,1,D,9,00,C,8
12/25/1978,24:00,0,0,0,1,0,0,1,0,0,1,0,0,1,0,0,1,0,0,1,0,0,1,0,7,B,8,6,B,8,-7.8,B,8,-9.8,B,8,88,B,8,981,B,8,230,B,8,3.9,B,8,26800,C,8,77777,B,8,0.6,E,8,0.000,?,0,0.00,?,0,0,1,D,9,00,C,8
12/26/1978,01:00,0,0,0,1,0,0,1,0,0,1,0,0,1,0,0,1,0,0,1,0,0,1,0,10,A,7,8,A,7,-7.2,A,7,-8.9,A,7,88,A,7,981,A,7,220,A,7,4.1,A,7,24100,B,7,2440,A,7,0.6,E,8,0.000,?,0,0.00,?,0,0,1,D,9,00,C,8
12/26/1978,02:00,0,0,0,1,0,0,1,0,0,1,0,0,1,0,0,1,0,0,1,0,0,1,0,10,B,8,9,B,8,-6.8,B,8,-8.7,B,8,89,B,8,981,B,8,230,B,8,3.8,B,8,17133,C,8,1707,B,8,0.7,E,8,0.000,?,0,0.00,?,0,0,1,D,9,00,C,8
12/26/1978,03:00,0,0,0,1,0,0,1,0,0,1,0,0,1,0,0,1,0,0,1,0,0,1,0,10,B,8,9,B,8,-6.5,B,8,-8.2,B,8,91,B,8,981,B,8,230,B,8,3.4,B,8,10166,C,8,973,B,8,0.7,E,8,0.000,?,0,0.00,?,0,0,1,D,9,71,C,8
12/26/1978,04:00,0,0,0,1,0,0,1,0,0,1,0,0,1,0,0,1,0,0,1,0,0,1,0,10,A,7,10,A,7,-6.1,A,7,-7.2,A,7,92,A,7,981,A,7,240,A,7,3.1,A,7,3200,B,7,240,A,7,0.7,E,8,0.000,?,0,0.00,?,0,0,1,D,9,71,C,8
12/26/1978,05:00,0,0,0,1,0,0,1,0,0,1,0,0,1,0,0,1,0,0,1,0,0,1,0,10,B,8,10,B,8,-6.1,B,8,-7.4,B,8,93,B,8,981,B,8,260,B,8,2.6,B,8,3200,C,8,240,B,8,0.7,E,8,0.000,?,0,0.00,?,0,0,1,D,9,45,C,8
12/26/1978,06:00,0,0,0,1,0,0,1,0,0,1,0,0,1,0,0,1,0,0,1,0,0,1,0,10,B,8,10,B,8,-6.1,B,8,-7.2,B,8,95,B,8,981,B,8,280,B,8,2.0,B,8,3200,C,8,240,B,8,0.7,E,8,0.000,?,0,0.00,?,0,0,1,D,9,45,C,8
12/26/1978,07:00,0,0,0,1,0,0,1,0,0,1,0,0,1,0,0,1,0,0,1,0,0,1,0,10,A,7,10,A,7,-6.1,A,7,-6.7,A,7,96,A,7,981,A,7,300,A,7,1.5,A,7,3200,B,7,240,A,7,0.7,E,8,0.000,?,0,0.00,?,0,0,1,D,9,45,C,8
12/26/1978,08:00,0,0,0,1,0,0,1,0,0,1,0,0,1,0,0,1,0,0,1,0,0,1,0,9,B,8,9,B,8,-6.3,B,8,-7.6,B,8,95,B,8,982,B,8,290,B,8,1.9,B,8,5900,C,8,617,B,8,0.7,E,8,0.000,?,0,0.00,?,0,0,1,D,9,45,C,8
12/26/1978,09:00,72,1190,15,1,13,10,1,9,14,1,13,16,1,13,6,1,9,16,1,13,36,1,21,9,B,8,9,B,8,-6.5,B,8,-8.0,B,8,93,B,8,983,B,8,280,B,8,2.2,B,8,8600,C,8,993,B,8,0.7,E,8,0.000,F,8,0.00,?,0,0,1,D,9,45,C,8
12/26/1978,10:00,266,1414,110,1,13,96,1,9,92,1,13,118,1,13,73,1,9,104,1,13,197,1,21,8,A,7,8,A,7,-6.7,A,7,-7.8,A,7,92,A,7,983,A,7,270,A,7,2.6,A,7,11300,B,7,1370,A,7,0.7,E,8,0.000,F,8,0.00,?,0,0,1,D,9,85,C,8
12/26/1978,11:00,424,1414,192,1,9,131,1,9,153,1,13,206,1,9,119,1,9,170,1,13,342,1,18,8,B,8,8,B,8,-6.1,B,8,-8.0,B,8,88,B,8,983,B,8,280,B,8,3.8,B,8,10200,C,8,1067,B,8,0.7,E,8,0.000,F,8,0.00,?,0,0,1,D,9,85,C,8
12/26/1978,12:00,528,1414,153,1,9,7,1,9,151,1,13,172,1,9,5,1,9,170,1,13,554,1,18,9,B,8,9,B,8,-5.6,B,8,-8.0,B,8,85,B,8,983,B,8,290,B,8,5.0,B,8,9100,C,8,763,B,8,0.7,E,8,0.000,F,8,0.00,?,0,0,1,D,9,85,C,8
12/26/1978,13:00,569,1414,168,1,9,36,1,9,154,1,13,185,1,9,35,1,9,171,1,13,439,1,18,9,A,7,9,A,7,-5.0,A,7,-7.8,A,7,81,A,7,983,A,7,300,A,7,6.2,A,7,8000,B,7,460,A,7,0.7,E,8,0.000,F,8,0.00,?,0,0,1,D,9,71,C,8
12/26/1978,14:00,547,1414,188,1,9,53,1,9,167,1,13,206,1,9,51,1,9,186,1,13,458,1,18,9,B,8,9,B,8,-5.0,B,8,-8.3,B,8,80,B,8,984,B,8,290,B,8,6.7,B,8,9100,C,8,540,B,8,0.7,E,8,0.000,F,8,0.00,?,0,0,1,D,9,71,C,8
12/26/1978,15:00,461,1414,92,1,9,1,1,9,92,1,13,106,1,9,1,1,9,106,1,13,364,1,18,10,B,8,10,B,8,-5.0,B,8,-8.5,B,8,79,B,8,984,B,8,290,B,8,7.2,B,8,10200,C,8,620,B,8,0.7,E,8,0.000,F,8,0.00,?,0,0,1,D,9,71,C,8
12/26/1978,16:00,319,1414,54,1,13,1,1,9,53,1,13,62,1,13,0,1,9,61,1,13,205,1,21,10,A,7,10,A,7,-5.0,A,7,-8.3,A,7,78,A,7,985,A,7,280,A,7,7.7,A,7,11300,B,7,700,A,7,0.7,E,8,0.000,F,8,0.00,?,0,0,1,D,9,71,C,8
12/26/1978,17:00,131,1414,23,1,13,3,1,9,22,1,13,26,1,13,0,1,9,26,1,13,79,1,21,10,B,8,10,B,8,-5.2,B,8,-8.5,B,8,80,B,8,986,B,8,280,B,8,8.1,B,8,10766,C,8,590,B,8,0.7,E,8,0.000,F,8,0.00,?,0,0,1,D,9,71,C,8
12/26/1978,18:00,2,200,0,1,13,0,1,9,0,1,13,0,1,13,0,1,9,0,1,13,0,1,21,10,B,8,10,B,8,-5.4,B,8,-8.4,B,8,83,B,8,986,B,8,270,B,8,8.4,B,8,10233,C,8,480,B,8,0.7,E,8,0.000,F,8,0.00,?,0,0,1,D,9,71,C,8
12/26/1978,19:00,0,0,0,1,0,0,1,0,0,1,0,0,1,0,0,1,0,0,1,0,0,1,0,10,A,7,10,A,7,-5.6,A,7,-7.8,A,7,85,A,7,987,A,7,270,A,7,8.8,A,7,9700,B,7,370,A,7,0.7,E,8,0.000,?,0,0.00,?,0,0,1,D,9,71,C,8
12/26/1978,20:00,0,0,0,1,0,0,1,0,0,1,0,0,1,0,0,1,0,0,1,0,0,1,0,10,B,8,10,B,8,-6.0,B,8,-8.3,B,8,86,B,8,987,B,8,270,B,8,7.4,B,8,7800,C,8,500,B,8,0.7,E,8,0.000,?,0,0.00,?,0,0,1,D,9,71,C,8
12/26/1978,21:00,0,0,0,1,0,0,1,0,0,1,0,0,1,0,0,1,0,0,1,0,0,1,0,10,B,8,10,B,8,-6.3,B,8,-8.5,B,8,87,B,8,988,B,8,260,B,8,6.0,B,8,5900,C,8,630,B,8,0.7,E,8,0.000,?,0,0.00,?,0,0,1,D,9,71,C,8
12/26/1978,22:00,0,0,0,1,0,0,1,0,0,1,0,0,1,0,0,1,0,0,1,0,0,1,0,10,A,7,10,A,7,-6.7,A,7,-8.3,A,7,88,A,7,988,A,7,260,A,7,4.6,A,7,4000,B,7,760,A,7,0.7,E,8,0.000,?,0,0.00,?,0,0,1,D,9,71,C,8
12/26/1978,23:00,0,0,0,1,0,0,1,0,0,1,0,0,1,0,0,1,0,0,1,0,0,1,0,10,B,8,10,B,8,-6.7,B,8,-8.5,B,8,89,B,8,988,B,8,270,B,8,4.3,B,8,4266,C,8,893,B,8,0.7,E,8,0.000,?,0,0.00,?,0,0,1,D,9,71,C,8
12/26/1978,24:00,0,0,0,1,0,0,1,0,0,1,0,0,1,0,0,1,0,0,1,0,0,1,0,10,B,8,10,B,8,-6.7,B,8,-8.3,B,8,91,B,8,989,B,8,270,B,8,3.9,B,8,4533,C,8,1027,B,8,0.7,E,8,0.000,?,0,0.00,?,0,0,1,D,9,71,C,8
12/27/1978,01:00,0,0,0,1,0,0,1,0,0,1,0,0,1,0,0,1,0,0,1,0,0,1,0,10,A,7,10,A,7,-6.7,A,7,-7.8,A,7,92,A,7,989,A,7,280,A,7,3.6,A,7,4800,B,7,1160,A,7,0.7,E,8,0.000,?,0,0.00,?,0,0,1,D,9,71,C,8
12/27/1978,02:00,0,0,0,1,0,0,1,0,0,1,0,0,1,0,0,1,0,0,1,0,0,1,0,10,B,8,10,B,8,-6.9,B,8,-8.3,B,8,92,B,8,989,B,8,280,B,8,4.3,B,8,4800,C,8,1130,B,8,0.7,E,8,0.000,?,0,0.00,?,0,0,1,D,9,71,C,8
12/27/1978,03:00,0,0,0,1,0,0,1,0,0,1,0,0,1,0,0,1,0,0,1,0,0,1,0,10,B,8,10,B,8,-7.0,B,8,-8.5,B,8,92,B,8,990,B,8,290,B,8,5.0,B,8,4800,C,8,1100,B,8,0.7,E,8,0.000,?,0,0.00,?,0,0,1,D,9,71,C,8
12/27/1978,04:00,0,0,0,1,0,0,1,0,0,1,0,0,1,0,0,1,0,0,1,0,0,1,0,10,A,7,10,A,7,-7.2,A,7,-8.3,A,7,92,A,7,990,A,7,290,A,7,5.7,A,7,4800,B,7,1070,A,7,0.7,E,8,0.000,?,0,0.00,?,0,0,1,D,9,71,C,8
12/27/1978,05:00,0,0,0,1,0,0,1,0,0,1,0,0,1,0,0,1,0,0,1,0,0,1,0,10,B,8,10,B,8,-7.2,B,8,-9.1,B,8,89,B,8,991,B,8,290,B,8,5.3,B,8,4800,C,8,1040,B,8,0.7,E,8,0.000,?,0,0.00,?,0,0,1,D,9,71,C,8
12/27/1978,06:00,0,0,0,1,0,0,1,0,0,1,0,0,1,0,0,1,0,0,1,0,0,1,0,10,B,8,10,B,8,-7.2,B,8,-9.4,B,8,87,B,8,992,B,8,280,B,8,5.0,B,8,4800,C,8,1010,B,8,0.6,E,8,0.000,?,0,0.00,?,0,0,1,D,9,71,C,8
12/27/1978,07:00,0,0,0,1,0,0,1,0,0,1,0,0,1,0,0,1,0,0,1,0,0,1,0,10,A,7,10,A,7,-7.2,A,7,-9.4,A,7,84,A,7,992,A,7,280,A,7,4.6,A,7,4800,B,7,980,A,7,0.6,E,8,0.000,?,0,0.00,?,0,0,1,D,9,71,C,8
12/27/1978,08:00,0,0,0,1,0,0,1,0,0,1,0,0,1,0,0,1,0,0,1,0,0,1,0,10,B,8,10,B,8,-7.2,B,8,-10.3,B,8,82,B,8,993,B,8,280,B,8,5.3,B,8,4533,C,8,980,B,8,0.6,E,8,0.000,?,0,0.00,?,0,0,1,D,9,71,C,8
12/27/1978,09:00,71,1191,23,1,13,1,1,9,23,1,13,26,1,13,0,1,9,26,1,13,74,1,21,10,B,8,10,B,8,-7.2,B,8,-10.8,B,8,79,B,8,994,B,8,280,B,8,6.0,B,8,4266,C,8,980,B,8,0.6,E,8,0.000,F,8,0.00,?,0,0,1,D,9,71,C,8
12/27/1978,10:00,266,1415,99,1,13,2,1,9,98,1,13,106,1,13,1,1,9,106,1,13,280,1,21,10,A,7,10,A,7,-7.2,A,7,-10.6,A,7,77,A,7,994,A,7,280,A,7,6.7,A,7,4000,B,7,980,A,7,0.6,E,8,0.000,F,8,0.00,?,0,0,1,D,9,71,C,8
12/27/1978,11:00,424,1415,135,1,9,31,1,9,125,1,13,147,1,9,28,1,9,139,1,13,324,1,18,9,B,8,9,B,8,-7.2,B,8,-11.1,B,8,75,B,8,994,B,8,280,B,8,6.9,B,8,6433,C,8,887,B,8,0.6,E,8,0.000,F,8,0.00,?,0,0,1,D,9,71,C,8
12/27/1978,12:00,528,1415,225,1,18,259,1,18,127,1,18,241,1,18,252,1,18,147,1,18,256,1,31,7,B,8,7,B,8,-7.2,B,8,-11.6,B,8,73,B,8,994,B,8,290,B,8,7.0,B,8,8866,C,8,793,B,8,0.6,E,8,0.000,F,8,0.00,?,0,0,1,D,9,71,C,8
12/27/1978,13:00,570,1415,331,1,13,391,1,13,173,1,13,351,1,13,387,1,13,194,1,13,371,1,23,6,A,7,6,A,7,-7.2,A,7,-11.7,A,7,71,A,7,994,A,7,290,A,7,7.2,A,7,11300,B,7,700,A,7,0.6,E,8,0.000,F,8,0.00,?,0,0,1,D,9,71,C,8
12/27/1978,14:00,548,1415,299,1,18,394,1,18,146,1,18,311,1,18,375,1,18,165,1,18,288,1,31,6,B,8,6,B,8,-7.4,B,8,-12.1,B,8,72,B,8,995,B,8,290,B,8,7.0,B,8,12900,C,8,720,B,8,0.6,E,8,0.000,F,8,0.00,?,0,0,1,D,9,85,C,8
12/27/1978,15:00,463,1415,146,1,18,111,1,18,110,1,18,161,1,18,104,1,18,127,1,18,249,1,31,6,B,8,6,B,8,-7.6,B,8,-12.1,B,8,73,B,8,995,B,8,300,B,8,6.9,B,8,14500,C,8,740,B,8,0.6,E,8,0.000,F,8,0.00,?,0,0,1,D,9,00,C,8
12/27/1978,16:00,321,1415,112,1,13,111,1,13,87,1,13,122,1,13,92,1,13,101,1,13,189,1,23,6,A,7,6,A,7,-7.8,A,7,-11.7,A,7,74,A,7,995,A,7,300,A,7,6.7,A,7,16100,B,7,760,A,7,0.6,E,8,0.000,F,8,0.00,?,0,0,1,D,9,00,C,8
12/27/1978,17:00,133,1415,55,1,18,131,1,18,43,1,18,57,1,18,60,1,18,52,1,18,83,1,31,4,B,8,4,B,8,-9.1,B,8,-12.6,B,8,79,B,8,996,B,8,290,B,8,5.5,B,8,18766,C,8,77777,B,8,0.5,E,8,0.000,F,8,0.00,?,0,0,1,D,9,00,C,8
12/27/1978,18:00,2,224,5,1,13,17,1,9,2,1,13,0,1,13,0,1,9,0,1,13,0,1,21,2,B,8,2,B,8,-10.4,B,8,-13.2,B,8,83,B,8,996,B,8,270,B,8,4.3,B,8,21433,C,8,77777,B,8,0.5,E,8,0.000,F,8,0.00,?,0,0,1,D,9,00,C,8
12/27/1978,19:00,0,0,0,1,0,0,1,0,0,1,0,0,1,0,0,1,0,0,1,0,0,1,0,0,A,7,0,A,7,-11.7,A,7,-13.3,A,7,88,A,7,997,A,7,260,A,7,3.1,A,7,24100,B,7,77777,A,7,0.5,E,8,0.000,?,0,0.00,?,0,0,1,D,9,00,C,8
12/27/1978,20:00,0,0,0,1,0,0,1,0,0,1,0,0,1,0,0,1,0,0,1,0,0,1,0,0,B,8,0,B,8,-12.8,B,8,-14.8,B,8,88,B,8,997,B,8,290,B,8,2.1,B,8,24100,C,8,77777,B,8,0.5,E,8,0.000,?,0,0.00,?,0,0,1,D,9,00,C,8
12/27/1978,21:00,0,0,0,1,0,0,1,0,0,1,0,0,1,0,0,1,0,0,1,0,0,1,0,0,B,8,0,B,8,-13.9,B,8,-15.9,B,8,87,B,8,997,B,8,330,B,8,1.0,B,8,24100,C,8,77777,B,8,0.5,E,8,0.000,?,0,0.00,?,0,0,1,D,9,00,C,8
12/27/1978,22:00,0,0,0,1,0,0,1,0,0,1,0,0,1,0,0,1,0,0,1,0,0,1,0,0,A,7,0,A,7,-15.0,A,7,-16.7,A,7,87,A,7,997,A,7,0,A,7,0.0,A,7,24100,B,7,77777,A,7,0.4,E,8,0.000,?,0,0.00,?,0,0,1,D,9,00,C,8
12/27/1978,23:00,0,0,0,1,0,0,1,0,0,1,0,0,1,0,0,1,0,0,1,0,0,1,0,0,B,8,0,B,8,-15.2,B,8,-17.5,B,8,86,B,8,998,B,8,0,B,8,0.0,B,8,24100,C,8,77777,B,8,0.4,E,8,0.000,?,0,0.00,?,0,0,1,D,9,00,C,8
12/27/1978,24:00,0,0,0,1,0,0,1,0,0,1,0,0,1,0,0,1,0,0,1,0,0,1,0,0,B,8,0,B,8,-15.4,B,8,-17.8,B,8,84,B,8,998,B,8,0,B,8,0.0,B,8,24100,C,8,77777,B,8,0.4,E,8,0.000,?,0,0.00,?,0,0,1,D,9,00,C,8
12/28/1978,01:00,0,0,0,1,0,0,1,0,0,1,0,0,1,0,0,1,0,0,1,0,0,1,0,0,A,7,0,A,7,-15.6,A,7,-17.8,A,7,83,A,7,998,A,7,0,A,7,0.0,A,7,24100,B,7,77777,A,7,0.4,E,8,0.000,?,0,0.00,?,0,0,1,D,9,00,C,8
12/28/1978,02:00,0,0,0,1,0,0,1,0,0,1,0,0,1,0,0,1,0,0,1,0,0,1,0,0,B,8,0,B,8,-15.6,B,8,-18.2,B,8,83,B,8,999,B,8,0,B,8,0.0,B,8,21433,C,8,77777,B,8,0.4,E,8,0.000,?,0,0.00,?,0,0,1,D,9,00,C,8
12/28/1978,03:00,0,0,0,1,0,0,1,0,0,1,0,0,1,0,0,1,0,0,1,0,0,1,0,0,B,8,0,B,8,-15.6,B,8,-18.2,B,8,83,B,8,999,B,8,0,B,8,0.0,B,8,18766,C,8,77777,B,8,0.4,E,8,0.000,?,0,0.00,?,0,0,1,D,9,00,C,8
12/28/1978,04:00,0,0,0,1,0,0,1,0,0,1,0,0,1,0,0,1,0,0,1,0,0,1,0,0,A,7,0,A,7,-15.6,A,7,-17.8,A,7,83,A,7,1000,A,7,0,A,7,0.0,A,7,16100,B,7,77777,A,7,0.4,E,8,0.000,?,0,0.00,?,0,0,1,D,9,00,C,8
12/28/1978,05:00,0,0,0,1,0,0,1,0,0,1,0,0,1,0,0,1,0,0,1,0,0,1,0,3,B,8,1,B,8,-15.4,B,8,-18.2,B,8,82,B,8,1000,B,8,0,B,8,0.0,B,8,16100,C,8,77777,B,8,0.4,E,8,0.000,?,0,0.00,?,0,0,1,D,9,00,C,8
12/28/1978,06:00,0,0,0,1,0,0,1,0,0,1,0,0,1,0,0,1,0,0,1,0,0,1,0,7,B,8,3,B,8,-15.2,B,8,-18.1,B,8,81,B,8,1000,B,8,0,B,8,0.0,B,8,16100,C,8,77777,B,8,0.4,E,8,0.000,?,0,0.00,?,0,0,1,D,9,00,C,8
12/28/1978,07:00,0,0,0,1,0,0,1,0,0,1,0,0,1,0,0,1,0,0,1,0,0,1,0,10,A,7,4,A,7,-15.0,A,7,-17.8,A,7,80,A,7,1001,A,7,0,A,7,0.0,A,7,16100,B,7,77777,A,7,0.4,E,8,0.000,?,0,0.00,?,0,0,1,D,9,00,C,8
12/28/1978,08:00,0,0,0,1,0,0,1,0,0,1,0,0,1,0,0,1,0,0,1,0,0,1,0,10,B,8,6,B,8,-13.1,B,8,-16.3,B,8,81,B,8,1001,B,8,40,B,8,1.0,B,8,14500,C,8,77777,B,8,0.5,E,8,0.000,?,0,0.00,?,0,0,1,D,9,00,C,8
12/28/1978,09:00,71,1167,17,1,18,7,1,18,16,1,18,18,1,18,4,1,18,18,1,18,40,1,31,10,B,8,7,B,8,-11.3,B,8,-14.3,B,8,83,B,8,1001,B,8,80,B,8,2.1,B,8,12900,C,8,77777,B,8,0.5,E,8,0.000,F,8,0.00,?,0,0,1,D,9,00,C,8
12/28/1978,10:00,265,1415,51,1,13,20,1,9,47,1,13,56,1,13,16,1,9,53,1,13,125,1,21,10,A,7,9,A,7,-9.4,A,7,-11.7,A,7,84,A,7,1001,A,7,120,A,7,3.1,A,7,11300,B,7,2440,A,7,0.6,E,8,0.000,F,8,0.00,?,0,0,1,D,9,00,C,8
12/28/1978,11:00,424,1415,148,1,18,58,1,18,131,1,18,163,1,18,53,1,18,147,1,18,336,1,31,9,B,8,7,B,8,-7.9,B,8,-11.9,B,8,76,B,8,1001,B,8,130,B,8,4.3,B,8,12900,C,8,77777,B,8,0.6,E,8,0.000,F,8,0.00,?,0,0,1,D,9,00,C,8
12/28/1978,12:00,528,1415,278,1,18,387,1,18,133,1,18,290,1,18,365,1,18,153,1,18,259,1,31,9,B,8,6,B,8,-6.5,B,8,-11.9,B,8,68,B,8,1001,B,8,130,B,8,5.5,B,8,14500,C,8,77777,B,8,0.6,E,8,0.000,F,8,0.00,?,0,0,1,D,9,00,C,8
12/28/1978,13:00,571,1415,331,1,13,455,1,13,146,1,13,345,1,13,437,1,13,167,1,13,290,1,23,8,A,7,4,A,7,-5.0,A,7,-11.7,A,7,60,A,7,1000,A,7,140,A,7,6.7,A,7,16100,B,7,77777,A,7,0.6,E,8,0.000,F,8,0.00,?,0,0,1,D,9,00,C,8
12/28/1978,14:00,550,1415,232,1,18,70,1,18,205,1,18,254,1,18,68,1,18,228,1,18,532,1,31,9,B,8,6,B,8,-4.8,B,8,-11.9,B,8,60,B,8,1000,B,8,130,B,8,5.8,B,8,16100,C,8,77777,B,8,0.6,E,8,0.000,F,8,0.00,?,0,0,1,D,9,00,C,8
12/28/1978,15:00,465,1415,137,1,9,68,1,9,115,1,13,151,1,9,63,1,9,130,1,13,317,1,18,9,B,8,8,B,8,-4.6,B,8,-11.7,B,8,60,B,8,1000,B,8,120,B,8,5.0,B,8,16100,C,8,77777,B,8,0.6,E,8,0.000,F,8,0.00,?,0,0,1,D,9,00,C,8
12/28/1978,16:00,323,1415,71,1,13,3,1,9,70,1,13,80,1,13,1,1,9,80,1,13,255,1,21,10,A,7,10,A,7,-4.4,A,7,-11.1,A,7,60,A,7,999,A,7,110,A,7,4.1,A,7,16100,B,7,5790,A,7,0.6,E,8,0.000,F,8,0.00,?,0,0,1,D,9,00,C,8
12/28/1978,17:00,136,1415,30,1,13,1,1,9,29,1,13,33,1,13,0,1,9,33,1,13,98,1,21,10,B,8,10,B,8,-4.8,B,8,-11.3,B,8,63,B,8,999,B,8,110,B,8,4.1,B,8,16100,C,8,5383,B,8,0.6,E,8,0.000,F,8,0.00,?,0,0,1,D,9,00,C,8
12/28/1978,18:00,3,224,2,1,13,0,1,9,2,1,13,0,1,13,0,1,9,0,1,13,0,1,21,10,B,8,10,B,8,-5.2,B,8,-11.2,B,8,65,B,8,1000,B,8,100,B,8,4.1,B,8,16100,C,8,4977,B,8,0.6,E,8,0.000,F,8,0.00,?,0,0,1,D,9,00,C,8
12/28/1978,19:00,0,0,0,1,0,0,1,0,0,1,0,0,1,0,0,1,0,0,1,0,0,1,0,10,A,7,10,A,7,-5.6,A,7,-10.6,A,7,68,A,7,1000,A,7,100,A,7,4.1,A,7,16100,B,7,4570,A,7,0.6,E,8,0.000,?,0,0.00,?,0,0,1,D,9,00,C,8
12/28/1978,20:00,0,0,0,1,0,0,1,0,0,1,0,0,1,0,0,1,0,0,1,0,0,1,0,10,B,8,10,B,8,-5.6,B,8,-10.4,B,8,71,B,8,999,B,8,110,B,8,4.3,B,8,16100,C,8,4267,B,8,0.6,E,8,0.000,?,0,0.00,?,0,0,1,D,9,00,C,8
12/28/1978,21:00,0,0,0,1,0,0,1,0,0,1,0,0,1,0,0,1,0,0,1,0,0,1,0,10,B,8,10,B,8,-5.6,B,8,-9.8,B,8,75,B,8,999,B,8,110,B,8,4.4,B,8,16100,C,8,3963,B,8,0.6,E,8,0.000,?,0,0.00,?,0,0,1,D,9,00,C,8
12/28/1978,22:00,0,0,0,1,0,0,1,0,0,1,0,0,1,0,0,1,0,0,1,0,0,1,0,10,A,7,10,A,7,-5.6,A,7,-8.9,A,7,78,A,7,999,A,7,120,A,7,4.6,A,7,16100,B,7,3660,A,7,0.6,E,8,0.000,?,0,0.00,?,0,0,1,D,9,00,C,8
12/28/1978,23:00,0,0,0,1,0,0,1,0,0,1,0,0,1,0,0,1,0,0,1,0,0,1,0,10,B,8,10,B,8,-5.2,B,8,-9.3,B,8,76,B,8,999,B,8,120,B,8,5.0,B,8,16100,C,8,3457,B,8,0.6,E,8,0.000,?,0,0.00,?,0,0,1,D,9,00,C,8
12/28/1978,24:00,0,0,0,1,0,0,1,0,0,1,0,0,1,0,0,1,0,0,1,0,0,1,0,10,B,8,10,B,8,-4.8,B,8,-9.3,B,8,73,B,8,998,B,8,130,B,8,5.3,B,8,16100,C,8,3253,B,8,0.6,E,8,0.000,?,0,0.00,?,0,0,1,D,9,00,C,8
12/29/1978,01:00,0,0,0,1,0,0,1,0,0,1,0,0,1,0,0,1,0,0,1,0,0,1,0,10,A,7,10,A,7,-4.4,A,7,-8.9,A,7,71,A,7,998,A,7,130,A,7,5.7,A,7,16100,B,7,3050,A,7,0.6,E,8,0.000,?,0,0.00,?,0,0,1,D,9,00,C,8
12/29/1978,02:00,0,0,0,1,0,0,1,0,0,1,0,0,1,0,0,1,0,0,1,0,0,1,0,10,B,8,10,B,8,-4.0,B,8,-8.9,B,8,71,B,8,998,B,8,130,B,8,5.9,B,8,16100,C,8,2847,B,8,0.7,E,8,0.000,?,0,0.00,?,0,0,1,D,9,00,C,8
12/29/1978,03:00,0,0,0,1,0,0,1,0,0,1,0,0,1,0,0,1,0,0,1,0,0,1,0,10,B,8,10,B,8,-3.7,B,8,-8.6,B,8,72,B,8,998,B,8,140,B,8,6.0,B,8,16100,C,8,2643,B,8,0.7,E,8,0.000,?,0,0.00,?,0,0,1,D,9,85,C,8
12/29/1978,04:00,0,0,0,1,0,0,1,0,0,1,0,0,1,0,0,1,0,0,1,0,0,1,0,10,A,7,10,A,7,-3.3,A,7,-7.8,A,7,72,A,7,998,A,7,140,A,7,6.2,A,7,16100,B,7,2440,A,7,0.7,E,8,0.000,?,0,0.00,?,0,0,1,D,9,00,C,8
12/29/1978,05:00,0,0,0,1,0,0,1,0,0,1,0,0,1,0,0,1,0,0,1,0,0,1,0,10,B,8,10,B,8,-3.3,B,8,-8.0,B,8,73,B,8,998,B,8,140,B,8,6.5,B,8,16100,C,8,1930,B,8,0.7,E,8,0.000,?,0,0.00,?,0,0,1,D,9,00,C,8
12/29/1978,06:00,0,0,0,1,0,0,1,0,0,1,0,0,1,0,0,1,0,0,1,0,0,1,0,10,B,8,10,B,8,-3.3,B,8,-7.7,B,8,74,B,8,997,B,8,130,B,8,6.9,B,8,16100,C,8,1420,B,8,0.7,E,8,0.000,?,0,0.00,?,0,0,1,D,9,00,C,8
12/29/1978,07:00,0,0,0,1,0,0,1,0,0,1,0,0,1,0,0,1,0,0,1,0,0,1,0,10,A,7,10,A,7,-3.3,A,7,-7.2,A,7,75,A,7,997,A,7,130,A,7,7.2,A,7,16100,B,7,910,A,7,0.7,E,8,0.000,?,0,0.00,?,0,0,1,D,9,85,C,8
12/29/1978,08:00,0,0,0,1,0,0,1,0,0,1,0,0,1,0,0,1,0,0,1,0,0,1,0,10,B,8,10,B,8,-3.1,B,8,-7.2,B,8,77,B,8,996,B,8,130,B,8,6.2,B,8,11800,C,8,860,B,8,0.7,E,8,0.000,?,0,0.00,?,0,0,1,D,9,00,C,8
12/29/1978,09:00,70,1167,15,1,13,0,1,9,15,1,13,17,1,13,0,1,9,17,1,13,54,1,21,10,B,8,10,B,8,-3.0,B,8,-6.7,B,8,79,B,8,996,B,8,120,B,8,5.1,B,8,7500,C,8,810,B,8,0.8,E,8,0.000,F,8,0.00,?,0,0,1,D,9,71,C,8
12/29/1978,10:00,265,1415,75,1,13,2,1,9,74,1,13,82,1,13,1,1,9,82,1,13,242,1,21,10,A,7,10,A,7,-2.8,A,7,-5.6,A,7,81,A,7,996,A,7,120,A,7,4.1,A,7,3200,B,7,760,A,7,0.8,E,8,0.000,F,8,0.00,?,0,0,1,D,9,71,C,8
12/29/1978,11:00,424,1415,118,1,9,2,1,9,117,1,13,131,1,9,1,1,9,131,1,13,414,1,18,10,B,8,10,B,8,-2.6,B,8,-5.4,B,8,82,B,8,995,B,8,130,B,8,4.8,B,8,4266,C,8,863,B,8,0.8,E,8,0.000,F,8,0.00,?,0,0,1,D,9,71,C,8
12/29/1978,12:00,529,1415,179,1,9,0,1,9,179,1,13,198,1,9,0,1,9,198,1,13,613,1,18,10,B,8,10,B,8,-2.4,B,8,-5.0,B,8,84,B,8,995,B,8,130,B,8,5.5,B,8,5333,C,8,967,B,8,0.8,E,8,0.000,F,8,0.00,?,0,0,1,D,9,71,C,8
12/29/1978,13:00,572,1415,215,1,9,4,1,9,213,1,13,236,1,9,3,1,9,235,1,13,711,1,18,10,A,7,10,A,7,-2.2,A,7,-4.4,A,7,85,A,7,995,A,7,140,A,7,6.2,A,7,6400,B,7,1070,A,7,0.8,E,8,0.000,F,8,0.00,?,0,0,1,D,9,71,C,8
12/29/1978,14:00,551,1415,193,1,9,1,1,9,192,1,13,213,1,9,1,1,9,212,1,13,656,1,18,10,B,8,10,B,8,-2.0,B,8,-5.3,B,8,81,B,8,994,B,8,140,B,8,6.7,B,8,5866,C,8,867,B,8,0.8,E,8,0.000,F,8,0.00,?,0,0,1,D,9,00,C,8
12/29/1978,15:00,467,1415,186,1,9,0,1,9,186,1,13,202,1,9,0,1,9,202,1,13,566,1,18,10,B,8,10,B,8,-1.9,B,8,-5.9,B,8,76,B,8,994,B,8,140,B,8,7.2,B,8,5333,C,8,663,B,8,0.8,E,8,0.000,F,8,0.00,?,0,0,1,D,9,71,C,8
12/29/1978,16:00,326,1415,107,1,13,0,1,9,107,1,13,117,1,13,0,1,9,117,1,13,335,1,21,10,A,7,10,A,7,-1.7,A,7,-6.1,A,7,72,A,7,993,A,7,140,A,7,7.7,A,7,4800,B,7,460,A,7,0.8,E,8,0.000,F,8,0.00,?,0,0,1,D,9,71,C,8
12/29/1978,17:00,138,1415,38,1,13,1,1,9,38,1,13,42,1,13,0,1,9,42,1,13,119,1,21,10,B,8,10,B,8,-1.7,B,8,-6.1,B,8,74,B,8,993,B,8,140,B,8,7.4,B,8,5333,C,8,633,B,8,0.8,E,8,0.000,F,8,0.00,?,0,0,1,D,9,56,C,8
12/29/1978,18:00,3,248,2,1,13,0,1,9,2,1,13,0,1,13,0,1,9,0,1,13,0,1,21,10,B,8,10,B,8,-1.7,B,8,-5.8,B,8,76,B,8,993,B,8,140,B,8,7.0,B,8,5866,C,8,807,B,8,0.8,E,8,0.000,F,8,0.00,?,0,0,1,D,9,71,C,8
12/29/1978,19:00,0,0,0,1,0,0,1,0,0,1,0,0,1,0,0,1,0,0,1,0,0,1,0,10,A,7,10,A,7,-1.7,A,7,-5.0,A,7,78,A,7,993,A,7,140,A,7,6.7,A,7,6400,B,7,980,A,7,0.8,E,8,0.000,?,0,0.00,?,0,0,1,D,9,71,C,8
12/29/1978,20:00,0,0,0,1,0,0,1,0,0,1,0,0,1,0,0,1,0,0,1,0,0,1,0,10,B,8,10,B,8,-1.3,B,8,-5.0,B,8,78,B,8,992,B,8,140,B,8,6.7,B,8,8033,C,8,1160,B,8,0.8,E,8,0.000,?,0,0.00,?,0,0,1,D,9,66,C,8
12/29/1978,21:00,0,0,0,1,0,0,1,0,0,1,0,0,1,0,0,1,0,0,1,0,0,1,0,10,B,8,10,B,8,-1.0,B,8,-4.6,B,8,78,B,8,992,B,8,150,B,8,6.7,B,8,9666,C,8,1340,B,8,0.8,E,8,0.000,?,0,0.00,?,0,0,1,D,9,66,C,8
12/29/1978,22:00,0,0,0,1,0,0,1,0,0,1,0,0,1,0,0,1,0,0,1,0,0,1,0,10,A,7,10,A,7,-0.6,A,7,-3.9,A,7,78,A,7,992,A,7,150,A,7,6.7,A,7,11300,B,7,1520,A,7,0.8,E,8,0.000,?,0,0.00,?,0,0,1,D,9,00,C,8
12/29/1978,23:00,0,0,0,1,0,0,1,0,0,1,0,0,1,0,0,1,0,0,1,0,0,1,0,10,B,8,10,B,8,0.0,B,8,-3.7,B,8,78,B,8,991,B,8,160,B,8,6.7,B,8,9666,C,8,1340,B,8,0.9,E,8,0.000,?,0,0.00,?,0,0,1,D,9,00,C,8
12/29/1978,24:00,0,0,0,1,0,0,1,0,0,1,0,0,1,0,0,1,0,0,1,0,0,1,0,10,B,8,10,B,8,0.5,B,8,-3.1,B,8,79,B,8,991,B,8,170,B,8,6.7,B,8,8033,C,8,1160,B,8,0.9,E,8,0.000,?,0,0.00,?,0,0,1,D,9,66,C,8
12/30/1978,01:00,0,0,0,1,0,0,1,0,0,1,0,0,1,0,0,1,0,0,1,0,0,1,0,10,A,7,10,A,7,1.1,A,7,-2.2,A,7,79,A,7,990,A,7,180,A,7,6.7,A,7,6400,B,7,980,A,7,0.9,E,8,0.000,?,0,0.00,?,0,0,1,D,9,66,C,8
12/30/1978,02:00,0,0,0,1,0,0,1,0,0,1,0,0,1,0,0,1,0,0,1,0,0,1,0,10,B,8,10,B,8,1.3,B,8,-1.8,B,8,82,B,8,990,B,8,220,B,8,5.3,B,8,6400,C,8,887,B,8,1.0,E,8,0.000,?,0,0.00,?,0,0,1,D,9,61,C,8
12/30/1978,03:00,0,0,0,1,0,0,1,0,0,1,0,0,1,0,0,1,0,0,1,0,0,1,0,10,B,8,10,B,8,1.5,B,8,-1.1,B,8,86,B,8,990,B,8,260,B,8,4.0,B,8,6400,C,8,793,B,8,1.0,E,8,0.000,?,0,0.00,?,0,0,1,D,9,61,C,8
12/30/1978,04:00,0,0,0,1,0,0,1,0,0,1,0,0,1,0,0,1,0,0,1,0,0,1,0,10,A,7,10,A,7,1.7,A,7,0.0,A,7,89,A,7,991,A,7,300,A,7,2.6,A,7,6400,B,7,700,A,7,1.1,E,8,0.000,?,0,0.00,?,0,5,1,D,9,61,C,8
12/30/1978,05:00,0,0,0,1,0,0,1,0,0,1,0,0,1,0,0,1,0,0,1,0,0,1,0,10,B,8,10,B,8,1.7,B,8,0.2,B,8,93,B,8,990,B,8,250,B,8,2.9,B,8,5866,C,8,620,B,8,1.1,E,8,0.000,?,0,0.00,?,0,8,1,D,9,61,C,8
12/30/1978,06:00,0,0,0,1,0,0,1,0,0,1,0,0,1,0,0,1,0,0,1,0,0,1,0,10,B,8,10,B,8,1.7,B,8,0.8,B,8,96,B,8,990,B,8,200,B,8,3.3,B,8,5333,C,8,540,B,8,1.1,E,8,0.000,?,0,0.00,?,0,5,1,D,9,61,C,8
12/30/1978,07:00,0,0,0,1,0,0,1,0,0,1,0,0,1,0,0,1,0,0,1,0,0,1,0,10,A,7,10,A,7,1.7,A,7,1.7,A,7,100,A,7,990,A,7,150,A,7,3.6,A,7,4800,B,7,460,A,7,1.2,E,8,0.000,?,0,0.00,?,0,3,1,D,9,45,C,8
12/30/1978,08:00,0,0,0,1,0,0,1,0,0,1,0,0,1,0,0,1,0,0,1,0,0,1,0,10,B,8,10,B,8,2.1,B,8,1.3,B,8,99,B,8,990,B,8,170,B,8,3.8,B,8,4266,C,8,357,B,8,1.2,E,8,0.000,?,0,0.00,?,0,3,1,D,9,45,C,8
12/30/1978,09:00,70,1167,31,1,13,0,1,9,31,1,13,34,1,13,0,1,9,34,1,13,89,1,21,10,B,8,10,B,8,2.4,B,8,1.4,B,8,97,B,8,990,B,8,180,B,8,3.9,B,8,3733,C,8,253,B,8,1.2,E,8,0.000,F,8,0.00,?,0,0,1,D,9,45,C,8
12/30/1978,10:00,265,1415,96,1,13,1,1,9,96,1,13,104,1,13,0,1,9,104,1,13,277,1,21,10,A,7,10,A,7,2.8,A,7,2.2,A,7,96,A,7,991,A,7,200,A,7,4.1,A,7,3200,B,7,150,A,7,1.2,E,8,0.000,F,8,0.00,?,0,0,1,D,9,45,C,8
12/30/1978,11:00,424,1415,160,1,9,1,1,9,160,1,13,174,1,9,1,1,9,174,1,13,491,1,18,10,B,8,10,B,8,2.8,B,8,2.2,B,8,97,B,8,991,B,8,200,B,8,4.3,B,8,2400,C,8,110,B,8,1.2,E,8,0.000,F,8,0.00,?,0,0,1,D,9,45,C,8
12/30/1978,12:00,530,1415,226,1,9,2,1,9,225,1,13,245,1,9,2,1,9,244,1,13,680,1,18,10,B,8,10,B,8,2.8,B,8,2.4,B,8,99,B,8,991,B,8,210,B,8,4.4,B,8,1600,C,8,70,B,8,1.2,E,8,0.000,F,8,0.00,?,0,0,1,D,9,45,C,8
12/30/1978,13:00,574,1415,216,1,9,1,1,9,216,1,13,238,1,9,1,1,9,238,1,13,717,1,18,10,A,7,10,A,7,2.8,A,7,2.8,A,7,100,A,7,991,A,7,210,A,7,4.6,A,7,800,B,7,30,A,7,1.3,E,8,0.000,F,8,0.00,?,0,0,1,D,9,45,C,8
12/30/1978,14:00,553,1415,218,1,9,1,1,9,217,1,13,238,1,9,1,1,9,238,1,13,697,1,18,10,B,8,10,B,8,2.8,B,8,2.4,B,8,100,B,8,991,B,8,220,B,8,4.1,B,8,1600,C,8,50,B,8,1.3,E,8,0.000,F,8,0.00,?,0,0,1,D,9,45,C,8
12/30/1978,15:00,469,1415,191,1,9,1,1,9,191,1,13,208,1,9,1,1,9,207,1,13,574,1,18,10,B,8,10,B,8,2.8,B,8,2.4,B,8,100,B,8,991,B,8,230,B,8,3.6,B,8,2400,C,8,70,B,8,1.3,E,8,0.000,F,8,0.00,?,0,0,1,D,9,45,C,8
12/30/1978,16:00,328,1415,126,1,13,1,1,9,126,1,13,136,1,13,1,1,9,136,1,13,363,1,21,10,A,7,10,A,7,2.8,A,7,2.8,A,7,100,A,7,991,A,7,240,A,7,3.1,A,7,3200,B,7,90,A,7,1.3,E,8,0.000,F,8,0.00,?,0,0,1,D,9,45,C,8
12/30/1978,17:00,141,1415,45,1,13,0,1,9,45,1,13,49,1,13,0,1,9,49,1,13,132,1,21,10,B,8,10,B,8,2.6,B,8,2.1,B,8,99,B,8,992,B,8,230,B,8,2.8,B,8,2666,C,8,90,B,8,1.2,E,8,0.000,F,8,0.00,?,0,0,1,D,9,45,C,8
12/30/1978,18:00,4,271,4,1,13,0,1,9,4,1,13,0,1,13,0,1,9,0,1,13,0,1,21,10,B,8,10,B,8,2.4,B,8,1.7,B,8,97,B,8,992,B,8,220,B,8,2.4,B,8,2133,C,8,90,B,8,1.2,E,8,0.000,F,8,0.00,?,0,0,1,D,9,45,C,8
12/30/1978,19:00,0,0,0,1,0,0,1,0,0,1,0,0,1,0,0,1,0,0,1,0,0,1,0,10,A,7,10,A,7,2.2,A,7,1.7,A,7,96,A,7,992,A,7,210,A,7,2.1,A,7,1600,B,7,90,A,7,1.2,E,8,0.000,?,0,0.00,?,0,0,1,D,9,45,C,8
12/30/1978,20:00,0,0,0,1,0,0,1,0,0,1,0,0,1,0,0,1,0,0,1,0,0,1,0,10,B,8,10,B,8,2.2,B,8,1.5,B,8,97,B,8,992,B,8,260,B,8,1.4,B,8,1066,C,8,60,B,8,1.2,E,8,0.000,?,0,0.00,?,0,5,1,D,9,45,C,8
12/30/1978,21:00,0,0,0,1,0,0,1,0,0,1,0,0,1,0,0,1,0,0,1,0,0,1,0,10,B,8,10,B,8,2.2,B,8,1.7,B,8,99,B,8,992,B,8,310,B,8,0.7,B,8,533,C,8,30,B,8,1.2,E,8,0.000,?,0,0.00,?,0,0,1,D,9,45,C,8
12/30/1978,22:00,0,0,0,1,0,0,1,0,0,1,0,0,1,0,0,1,0,0,1,0,0,1,0,10,A,7,10,A,7,2.2,A,7,2.2,A,7,100,A,7,992,A,7,0,A,7,0.0,A,7,0,B,7,0,A,7,1.2,E,8,0.000,?,0,0.00,?,0,0,1,D,9,45,C,8
12/30/1978,23:00,0,0,0,1,0,0,1,0,0,1,0,0,1,0,0,1,0,0,1,0,0,1,0,10,B,8,10,B,8,2.0,B,8,1.6,B,8,100,B,8,991,B,8,350,B,8,2.6,B,8,133,C,8,10,B,8,1.2,E,8,0.000,?,0,0.00,?,0,5,1,D,9,45,C,8
12/30/1978,24:00,0,0,0,1,0,0,1,0,0,1,0,0,1,0,0,1,0,0,1,0,0,1,0,10,B,8,10,B,8,1.9,B,8,1.5,B,8,100,B,8,991,B,8,350,B,8,5.1,B,8,266,C,8,20,B,8,1.2,E,8,0.000,?,0,0.00,?,0,3,1,D,9,45,C,8
12/31/1978,01:00,0,0,0,1,0,0,1,0,0,1,0,0,1,0,0,1,0,0,1,0,0,1,0,10,A,7,10,A,7,1.7,A,7,1.7,A,7,100,A,7,991,A,7,340,A,7,7.7,A,7,400,B,7,30,A,7,1.2,E,8,0.000,?,0,0.00,?,0,5,1,D,9,45,C,8
12/31/1978,02:00,0,0,0,1,0,0,1,0,0,1,0,0,1,0,0,1,0,0,1,0,0,1,0,10,B,8,10,B,8,1.3,B,8,1.0,B,8,100,B,8,991,B,8,10,B,8,6.0,B,8,533,C,8,30,B,8,1.2,E,8,0.000,?,0,0.00,?,0,8,1,D,9,45,C,8
12/31/1978,03:00,0,0,0,1,0,0,1,0,0,1,0,0,1,0,0,1,0,0,1,0,0,1,0,10,B,8,10,B,8,1.0,B,8,0.6,B,8,100,B,8,991,B,8,30,B,8,4.3,B,8,666,C,8,30,B,8,1.1,E,8,0.000,?,0,0.00,?,0,8,1,D,9,45,C,8
12/31/1978,04:00,0,0,0,1,0,0,1,0,0,1,0,0,1,0,0,1,0,0,1,0,0,1,0,10,A,7,10,A,7,0.6,A,7,0.6,A,7,100,A,7,991,A,7,60,A,7,2.6,A,7,800,B,7,30,A,7,1.1,E,8,0.000,?,0,0.00,?,0,5,1,D,9,45,C,8
12/31/1978,05:00,0,0,0,1,0,0,1,0,0,1,0,0,1,0,0,1,0,0,1,0,0,1,0,10,B,8,10,B,8,0.8,B,8,0.2,B,8,99,B,8,991,B,8,50,B,8,3.5,B,8,1600,C,8,40,B,8,1.1,E,8,0.000,?,0,0.00,?,0,5,1,D,9,45,C,8
12/31/1978,06:00,0,0,0,1,0,0,1,0,0,1,0,0,1,0,0,1,0,0,1,0,0,1,0,10,B,8,10,B,8,0.9,B,8,0.3,B,8,97,B,8,991,B,8,30,B,8,4.3,B,8,2400,C,8,50,B,8,1.1,E,8,0.000,?,0,0.00,?,0,0,1,D,9,45,C,8
12/31/1978,07:00,0,0,0,1,0,0,1,0,0,1,0,0,1,0,0,1,0,0,1,0,0,1,0,10,A,7,10,A,7,1.1,A,7,0.6,A,7,96,A,7,991,A,7,20,A,7,5.2,A,7,3200,B,7,60,A,7,1.1,E,8,0.000,?,0,0.00,?,0,3,1,D,9,45,C,8
12/31/1978,08:00,0,0,0,1,0,0,1,0,0,1,0,0,1,0,0,1,0,0,1,0,0,1,0,10,B,8,10,B,8,0.7,B,8,-0.3,B,8,96,B,8,991,B,8,30,B,8,5.5,B,8,3733,C,8,100,B,8,1.1,E,8,0.000,?,0,0.00,?,0,3,1,D,9,61,C,8
12/31/1978,09:00,69,1167,23,1,13,0,1,9,23,1,13,26,1,13,0,1,9,26,1,13,74,1,21,10,B,8,10,B,8,0.4,B,8,-0.8,B,8,96,B,8,991,B,8,40,B,8,5.9,B,8,4266,C,8,140,B,8,1.1,E,8,0.000,F,8,0.00,?,0,0,1,D,9,45,C,8
12/31/1978,10:00,265,1415,43,1,13,0,1,9,43,1,13,50,1,13,0,1,9,50,1,13,163,1,21,10,A,7,10,A,7,0.0,A,7,-0.6,A,7,96,A,7,991,A,7,50,A,7,6.2,A,7,4800,B,7,180,A,7,1.0,E,8,0.000,F,8,0.00,?,0,0,1,D,9,45,C,8
12/31/1978,11:00,425,1415,118,1,9,0,1,9,118,1,13,132,1,9,0,1,9,132,1,13,417,1,18,10,B,8,10,B,8,-0.2,B,8,-1.1,B,8,95,B,8,990,B,8,50,B,8,6.0,B,8,4800,C,8,160,B,8,1.0,E,8,0.000,F,8,0.00,?,0,0,1,D,9,45,C,8
12/31/1978,12:00,531,1415,156,1,9,1,1,9,155,1,13,174,1,9,1,1,9,174,1,13,565,1,18,10,B,8,10,B,8,-0.4,B,8,-1.6,B,8,93,B,8,989,B,8,60,B,8,5.9,B,8,4800,C,8,140,B,8,1.0,E,8,0.000,F,8,0.00,?,0,0,1,D,9,45,C,8
12/31/1978,13:00,575,1415,107,1,9,1,1,9,107,1,13,125,1,9,1,1,9,125,1,13,451,1,18,10,A,7,10,A,7,-0.6,A,7,-1.7,A,7,92,A,7,987,A,7,60,A,7,5.7,A,7,4800,B,7,120,A,7,1.0,E,8,0.000,F,8,0.00,?,0,0,1,D,9,45,C,8
12/31/1978,14:00,555,1415,173,1,9,0,1,9,172,1,13,192,1,9,0,1,9,192,1,13,619,1,18,10,B,8,10,B,8,-0.4,B,8,-1.9,B,8,92,B,8,986,B,8,60,B,8,5.2,B,8,4533,C,8,140,B,8,1.0,E,8,0.000,F,8,0.00,?,0,0,1,D,9,45,C,8
12/31/1978,15:00,472,1415,134,1,9,1,1,9,134,1,13,150,1,9,1,1,9,150,1,13,480,1,18,10,B,8,10,B,8,-0.2,B,8,-1.7,B,8,92,B,8,985,B,8,50,B,8,4.6,B,8,4266,C,8,160,B,8,1.0,E,8,0.000,F,8,0.00,?,0,0,1,D,9,45,C,8
12/31/1978,16:00,331,1415,52,1,13,0,1,9,52,1,13,60,1,13,0,1,9,60,1,13,205,1,21,10,A,7,10,A,7,0.0,A,7,-1.1,A,7,92,A,7,984,A,7,50,A,7,4.1,A,7,4000,B,7,180,A,7,1.0,E,8,0.000,F,8,0.00,?,0,0,1,D,9,45,C,8
12/31/1978,17:00,144,1415,34,1,13,0,1,9,34,1,13,38,1,13,0,1,9,38,1,13,112,1,21,10,B,8,10,B,8,0.0,B,8,-1.3,B,8,93,B,8,983,B,8,50,B,8,4.6,B,8,4000,C,8,190,B,8,1.0,E,8,0.000,F,8,0.00,?,0,0,1,D,9,45,C,8
12/31/1978,18:00,4,295,1,1,13,0,1,9,1,1,13,0,1,13,0,1,9,0,1,13,0,1,21,10,B,8,10,B,8,0.0,B,8,-1.2,B,8,95,B,8,982,B,8,40,B,8,5.2,B,8,4000,C,8,200,B,8,1.0,E,8,0.000,F,8,0.00,?,0,0,1,D,9,45,C,8
12/31/1978,19:00,0,0,0,1,0,0,1,0,0,1,0,0,1,0,0,1,0,0,1,0,0,1,0,10,A,7,10,A,7,0.0,A,7,-0.6,A,7,96,A,7,981,A,7,40,A,7,5.7,A,7,4000,B,7,210,A,7,1.0,E,8,0.000,?,0,0.00,?,0,0,1,D,9,45,C,8
12/31/1978,20:00,0,0,0,1,0,0,1,0,0,1,0,0,1,0,0,1,0,0,1,0,0,1,0,10,B,8,10,B,8,0.0,B,8,-1.0,B,8,96,B,8,980,B,8,30,B,8,5.9,B,8,4000,C,8,200,B,8,1.0,E,8,0.000,?,0,0.00,?,0,0,1,D,9,45,C,8
12/31/1978,21:00,0,0,0,1,0,0,1,0,0,1,0,0,1,0,0,1,0,0,1,0,0,1,0,10,B,8,10,B,8,0.0,B,8,-0.9,B,8,96,B,8,979,B,8,30,B,8,6.0,B,8,4000,C,8,190,B,8,1.0,E,8,0.000,?,0,0.00,?,0,0,1,D,9,45,C,8
12/31/1978,22:00,0,0,0,1,0,0,1,0,0,1,0,0,1,0,0,1,0,0,1,0,0,1,0,10,A,7,10,A,7,0.0,A,7,-0.6,A,7,96,A,7,978,A,7,20,A,7,6.2,A,7,4000,B,7,180,A,7,1.0,E,8,0.000,?,0,0.00,?,0,0,1,D,9,45,C,8
12/31/1978,23:00,0,0,0,1,0,0,1,0,0,1,0,0,1,0,0,1,0,0,1,0,0,1,0,10,B,8,10,B,8,-0.6,B,8,-1.9,B,8,94,B,8,979,B,8,10,B,8,5.5,B,8,4000,C,8,190,B,8,1.0,E,8,0.000,?,0,0.00,?,0,0,1,D,9,45,C,8
12/31/1978,24:00,0,0,0,1,0,0,1,0,0,1,0,0,1,0,0,1,0,0,1,0,0,1,0,10,B,8,10,B,8,-1.1,B,8,-2.8,B,8,91,B,8,980,B,8,10,B,8,4.8,B,8,4000,C,8,200,B,8,0.9,E,8,0.000,?,0,0.00,?,0,0,1,D,9,45,C,8
